x           y           stackinginfo
91.8741969148815 0.0319578424600032 3
0.750878599878245 1.23664420387138 3
2.94802637536495 2.44136801312885 0
5.14471884574151 3.64667704709342 0
7.34064569664234 4.85311754103132 0
9.53552122376554 6.06120925967331 0
11.7290988120909 7.27142048129565 0
13.921183449182 8.48414626446763 3
16.1116413324718 9.69968948527676 3
18.3004053834834 10.9182443604946 1
20.4874761056482 12.1398837228661 1
22.6729183092451 13.3645527775652 1
24.8568546712068 14.5920724103355 1
27.0394567402128 15.8221536083203 1
29.2209336823312 17.0544216040277 1
31.4015193984708 18.2884455839059 1
33.5814593179471 19.5237687391461 1
35.7609984771651 20.7599343082418 1
37.9403721934406 21.9965051293409 1
40.1197998346958 23.2330762365675 1
42.2994813160237 24.4692815918906 1
44.4795956409644 25.7047964938492 1
46.6603007222916 26.9393372031209 1
48.8417337489271 28.1726592600448 1
51.0240115586128 29.404555626937 1
53.2072306838148 30.6348554305804 1
55.3914668237951 31.8634238511153 1
57.5767733446232 33.0901638386531 1
59.7631777256262 34.3150213846758 1
61.9506755506521 35.537995389276 1
64.1392225148289 36.7591512431065 1
66.3287252343077 37.9786367190567 1
68.5190325609139 39.1966972078808 1
70.7099300428306 40.4136855614715 1
72.9011406624338 41.6300608296091 5
75.0923346407205 42.8463709588389 5
77.2831497752057 44.0632174383363 2
79.4732216154064 45.2812041180565 2
81.6622201664431 46.5008763106879 2
83.8498873481169 47.7226587773518 2
86.0360678385782 48.946803099499 2
88.2207257811302 50.1733572830094 2
90.4039416447028 51.4021705173847 2
92.5858886699432 52.6329371183179 2
94.7667979694226 53.8652631197337 2
96.9469228572741 55.0987308665513 2
99.1265109323827 56.3329463551325 2
101.30579168589 57.567557192672 2
103.484977340919 58.8022460227079 2
105.66426990906 60.0367128580418 2
107.843868623699 61.270657615254 2
110.023974732823 62.50376862015 2
112.204792775812 63.7357185730649 2
114.386528374663 64.9661674204481 2
116.569382476188 66.1947717392161 2
118.753541812511 67.4212010521764 4
120.939165981135 68.6451614339554 4
123.126373037128 69.8664252170635 4
125.315227170916 71.0848625552897 4
127.505732247175 72.300467344395 0
129.697832217193 73.5133690946111 0
131.891414824978 74.7238259575454 0
134.086313177445 75.9322012691708 0
136.282304548106 77.1389321653656 0
138.479113704527 78.3445000436802 3
47.3558266520072 79.5494095601104 0
49.5533187371421 80.7541804245764 3
5.09035927853692 1.14134035087437 0
7.28722994755147 2.34746671717001 0
9.48333266279604 3.55509120710165 0
11.6784057888412 4.76471505219783 0
13.8722339342965 5.97677024690087 3
16.0646542263679 7.19159795974664 3
18.2555587071125 8.40943167221303 3
20.4448942722427 9.63038475926725 1
22.6326620838104 10.8544437593552 1
24.8189173596782 12.0814696460528 1
27.0037684115958 13.3112089528705 1
29.1873726156458 14.5433144576989 1
31.3699277998413 15.7773724651721 1
33.5516596231702 17.012932137272 1
35.7328072498155 18.2495324709325 1
37.9136099744454 19.4867239274371 1
40.0942967405663 20.7240835564046 1
42.2750792857428 21.9612241119416 1
44.4561484137493 23.1977983333192 1
46.6376724435742 24.4334997553849 1
48.8197968814401 25.6680615576128 1
51.0026445890865 26.9012547407249 1
53.1863159606719 28.1328865748516 1
55.370888830073 29.3627999452147 1
57.5564178693644 30.5908741298526 1
59.7429327804957 31.8170281395167 1
61.9304343645753 33.041228447848 1
64.1188886436398 34.2635009562548 1
66.3082195131761 35.4839460618166 1
68.4983008962872 36.7027548126476 1
70.6889503385236 37.920222375982 1
72.8799267138426 39.1367535583393 5
75.0709348171454 40.3528548305618 5
77.2616388584032 41.5691088780244 5
79.4516853056879 42.7861310188349 2
81.6407335308443 44.0045109733306 2
83.8284907225106 45.2247473392304 2
86.0147457395836 46.4471854685905 2
88.1993950149091 47.6719725830359 2
90.3824528615427 48.8990453592311 2
92.5640406320217 50.1281597072888 2
94.7443577808766 51.3589548249642 2
96.9236466269692 52.5910248652881 2
99.1021609944154 53.8239776093631 2
101.280148130029 55.0574643912719 2
103.45784491906 56.2911785576356 2
105.635481363207 57.5248358975477 2
107.813284838527 58.7581527608184 2
109.991482499414 59.9908313907714 2
112.170301730977 61.2225548472668 2
114.349968960664 62.4529897540715 2
116.530706364048 63.6817947167347 2
118.712725277878 64.9086339991657 2
120.896215566552 66.1331972895472 4
123.081331761732 67.355226000333 4
125.268179105086 68.5745442035444 4
127.456804142762 69.7910886421914 4
129.647193029584 71.0049292493681 0
131.839275557588 72.2162720741458 0
134.032927866183 73.4254419603643 0
136.227968468374 74.6328505195449 3
45.103550759983 75.8389609799755 0
47.3005741904123 77.0442618648332 0
49.4980979300218 78.2492570936523 0
51.6957757265269 79.4544718257521 0
53.893274135883 80.660456220453 3
9.42998533818268 1.04975481071197 0
11.6262409548518 2.25891914776129 0
13.8215150474397 3.47040470272203 0
16.0156284732422 4.68459057577579 3
18.2084460292131 5.90174861668367 3
20.3998732622847 7.12203076993829 1
22.5898557809306 8.34546282345868 1
24.7783828918225 9.57194533492459 1
26.965493951419 10.8012627921501 1
29.1512830468585 12.0331010765682 1
31.3358977066111 13.267071429031 1
33.5195301150391 14.5027375351845 1
35.7024026401139 15.7396419058564 1
37.8847513871506 16.9773284939068 1
40.0668113915682 18.2153600034916 1
42.2488054788066 19.4533296097375 1
44.4309371866924 20.6908675333738 1
46.6133870895629 21.9276435490727 1
48.7963113389896 23.163366842293 1
50.9798413380161 24.3977846184813 1
53.1640838447217 25.6306805775919 1
55.3491210968819 26.861874041677 1
57.5350107323795 28.0912202897666 1
59.7217851388729 29.3186127812244 1
61.9094492709623 30.5439890208728 1
64.097976600432 31.767340949736 1
66.2873034888779 32.9887288413662 1
68.4773225047636 34.2082972423785 1
70.6678759130688 35.4262900921077 1
72.8587515132334 36.6430604855581 1
75.049683528275 37.8590696194852 5
77.2403609584098 39.0748700467853 5
79.4304446830415 40.2910706722454 2
81.6195929145454 41.5082845115711 2
83.8074928417666 42.7270643608564 2
85.9938945907382 43.9478357595063 2
88.1786416870222 45.1708408625853 2
90.3616901845943 46.3961097782768 2
92.5431085638424 47.6234733187962 2
94.7230564288869 48.8526176595152 2
96.9017515569373 50.0831588787783 2
99.0794380385609 51.3147110812544 2
101.256366116467 52.546930442887 2
103.432786388456 53.7795233910867 2
105.608951091409 55.0122274642404 2
107.785114835668 56.2447836685355 2
109.961532592764 57.4769156105837 2
112.138456665987 58.7083212967869 2
114.316134396455 59.9386757604797 2
116.49480636276 61.1676401627701 2
118.674703146362 62.3948748207441 2
120.85603852646 63.6200561555371 4
123.0389981635 64.8428990080043 4
125.223725726903 66.0631847130254 4
127.410311052213 67.2807921489944 4
129.598785159949 68.4957248787388 0
131.789122866365 69.708125001637 0
133.981246797014 70.9182663911364 3
42.8544223305471 72.1265273399735 0
45.0496515013388 73.3333519874922 0
47.2460562005648 74.5392158630457 0
49.4432974599821 75.7446094197373 0
51.6410083704709 76.9500423392835 0
53.8388310260897 78.1560529591741 0
56.0364409245855 79.3631995750349 0
58.233559194203 80.5720302381487 3
13.7696551677494 0.965033215417406 0
15.9651451193537 2.17864976629876 3
18.1595801725292 3.39517995149197 3
20.3528405724007 4.6148141526141 3
22.5448312475025 5.8376154312911 1
24.735485763902 7.06352147292658 1
26.9247772074129 8.29235380671213 1
29.1127309235862 9.52383353399741 1
31.2994324393192 10.7576022162161 1
33.4850260040669 11.9932457326999 1
35.669703460793 13.2303184415384 1
37.8536870337778 14.4683652725433 1
40.0372109518901 15.7069402707699 1
42.2205057442354 16.9456205298917 1
44.4037869774652 18.1840152452865 1
46.5872484134735 19.4217704212235 1
48.7710586295545 20.658570253921 1
50.955359769783 21.8941365896666 1
53.1402673229516 23.1282277596015 1
55.325870268729 24.3606377695585 1
57.512231270899 25.5911965327973 1
59.6993867023969 26.8197716636629 1
61.8873457997538 28.0462730694655 1
64.076088178369 29.270661963671 1
66.265559760462 30.4929636621379 1
68.4556672942768 31.7132828455847 1
70.646272195208 32.9318190880047 1
72.83718529512 34.148878910892 1
75.028165012271 35.3648793698777 5
77.2189217016788 36.5803380649378 5
79.4091301995206 37.7958459478953 5
81.5984511064185 39.0120221823149 2
83.7865595973724 40.2294541048729 2
85.9731787595497 41.4486297115934 2
88.1581123805637 42.669874909005 2
90.3412696015653 43.8933119526289 2
92.5226725386615 45.1188554041234 2
94.7024418117961 46.346252541704 2
96.8807661613872 47.5751543349667 2
99.0578703092485 48.8051889951354 2
101.233994094166 50.0360188947249 2
103.409387511683 51.2673622278587 2
105.584313426978 52.4989794549938 2
107.759047269258 53.7306420402626 2
109.933870530765 54.962103512982 2
112.109061997587 56.1930846946037 2
114.284891504785 57.423274021117 2
116.461617454849 58.6523375454811 2
118.639485826067 59.8799331296584 2
120.818727406646 61.1057265942231 2
122.999550966669 62.3294108692046 4
125.18213197243 63.5507300796179 4
127.366600132093 64.7695086589787 4
129.553031270214 65.9856815484617 4
131.741446868602 67.1993172463305 3
40.6112163667949 68.4106238219394 0
42.8034615578585 69.619932013216 0
44.9974336325973 70.8276590007576 0
47.1929008933724 72.0342671772562 0
49.3895452151013 73.2402368209646 0
51.5869900107122 74.4460631705116 0
53.7848479241761 75.6522682190833 0
55.9827639221119 76.8594028818739 0
58.1804389204858 78.0680258906796 0
60.3776343476877 79.2786659195511 0
62.5741635962928 80.4917811693601 3
18.1095761953597 0.889715235120959 3
20.3043450372611 2.10872317991272 3
22.4980526911613 3.33089417353037 3
24.6905944081597 4.55620096597564 1
26.8818887455932 5.7844993163499 1
29.071895482301 7.0155442659665 1
31.2606324557415 8.2490095172975 1
33.4481838628194 9.48450826053077 1
35.634696410239 10.7216140569196 1
37.820364974979 11.9598808878101 1
40.0054127807059 13.1988614055193 1
42.1900716213025 14.4381220941904 1
44.3745659017457 15.6772544826342 1
46.5591018082519 16.9158822242838 1
48.743861117254 18.1536645274876 1
50.9289983282105 19.3902969644943 1
53.1146396931947 20.6255110213652 1
55.3008831383092 21.8590736086422 1
57.4877985263907 23.0907874453585 1
59.6754280134036 24.3204928896638 1
61.8637860767292 25.5480719784129 1
64.0528583080748 26.7734564185897 1
66.2425986933646 27.9966396039889 1
68.4329253336117 29.2176911784676 1
70.6237148372038 30.4367723444082 1
72.8147965411946 31.6541488167354 1
75.0059486950658 32.8701971219702 5
77.1968995611172 34.0853993852199 5
79.3873361524896 35.3003225182985 5
81.576922038238 36.5155799234055 2
83.7653238399205 37.7317771133815 2
85.9522440500493 38.9494467808207 2
88.137455495145 40.1689837202445 2
90.3208299777272 41.3905948004886 2
92.5023516061317 42.6142808509273 2
94.6821076964973 43.8398614265715 2
96.8602605668127 45.0670365820198 2
99.0370138476305 46.2954606461838 2
101.212589550291 47.5248069425318 2
103.387224422557 48.754803212369 2
105.561177497008 49.9852289072027 2
107.734733347073 51.2158856955128 2
109.908193899605 52.4465620995712 2
112.081863503448 53.677009887593 2
114.256036045684 54.9069385678228 2
116.430988850317 56.1360242054527 2
118.606982040356 57.3639251269078 2
120.784258918467 58.5902992790827 5
122.963043501408 59.8148222398537 5
125.143533945513 61.0372076544915 5
127.325892394237 62.2572325022938 3
129.510235417872 63.4747665960555 3
38.3760285735028 64.6898009525791 3
40.5644941569161 65.9024654737689 3
42.7550017808378 67.1130261023858 0
44.9474620507485 68.321857986942 0
47.141701250499 69.529403352297 0
49.337444138203 70.7361333663705 0
51.5343261834492 71.9425321784215 0
53.7319392510246 73.1491042627663 0
55.929889652352 74.3563850801082 0
58.1278416220972 75.5649330485652 0
60.3255338460615 76.7752981454882 0
62.5227725095019 77.9879778832239 0
64.7194107433772 79.2033755148669 4
66.9153248054322 80.4217706931479 3
22.4500950497396 0.825294865506395 3
24.6442015444637 2.04998004768914 1
26.8372271187863 3.27770250991244 1
29.0290785758905 4.50824812978436 1
31.219709087535 5.74132112070571 1
33.4091365220579 6.97656341791232 1
35.5974499634234 8.21357250228199 1
37.7848024966444 9.45191849218431 1
39.9713934801907 10.6911604545999 1
42.1574465102979 11.930861259421 1
44.3431889698143 13.1706000174024 1
46.5288365431958 14.4099812668282 1
48.7145833585327 15.6486406623095 1
50.9005967607366 16.8862476136906 1
53.0870150928997 18.1225059809483 1
55.2739470481334 19.3571542001574 1
57.461471743411 20.5899660150533 1
59.6496391217166 21.8207526119485 1
61.8384704164474 23.0493667273612 1
64.0279578723112 24.2757101368047 1
66.218063125034 25.4997453312926 1
68.408714048286 26.7215097367667 1
70.5997998835636 27.9411306437672 1
72.7911652738326 29.1588382252976 1
74.9826050742412 30.3749729825312 1
77.17386279476 31.5899834385806 5
79.3646359901271 32.8044100993149 5
81.5545909369709 34.0188531621223 5
83.7433870527056 35.2339241185476 2
85.9307092935396 36.4501851206222 2
88.1163041813476 37.6680846811945 2
90.3000119768017 38.8879032335421 2
92.4817849639248 40.1097247056703 2
94.6616831987998 41.3334470493996 2
96.8398480533291 42.5588320906749 2
99.0164659263927 43.7855747414451 2
101.191740639867 45.013368877847 2
103.365888753357 46.2419527077095 2
105.539152669722 47.4711190899842 2
107.711811786566 48.7006937835596 2
109.884177623993 49.9304987010429 2
112.056575119616 51.1603205203499 2
114.229322069076 52.3898969276205 2
116.402716421505 53.6189210051316 5
118.577033097989 54.847056736674 5
120.752525954595 56.0739580011727 5
122.929429274601 57.2992872821028 5
125.107955525509 58.5227345000347 5
127.28828961667 59.7440382098869 5
36.1499794744409 60.9630115444147 3
38.3343360025425 62.1795714067072 3
40.5208226775424 63.3937638772857 3
42.7094608812447 64.6057751994755 3
44.9002185696882 65.8159194832125 3
47.0929861203967 67.0246038238921 0
49.2875486944051 68.2322849270561 0
51.483579535874 69.439438583834 0
53.6806714161182 70.6465546589846 0
55.8783975225875 71.8541488089519 0
58.0763735130512 73.06276749101 0
60.2742953376421 74.2729696608638 0
62.4719450939779 75.4852860277735 4
64.6691721737269 76.7001700741032 4
66.8658629325721 77.9179570491623 4
69.0619117747922 79.1388411897204 3
71.2572032656505 80.3628733726323 5
26.7913093968088 0.771963440123532 1
28.9847061054419 2.00194910464242 1
31.1769939915193 3.23455005641075 1
33.3681270160059 4.46943489937595 1
35.5581297364398 5.70622605205882 1
37.7471008616176 6.94451419036237 1
39.935202013414 8.18387159283343 1
42.1226366960565 9.4238650291949 1
44.3096267464449 10.6640679190014 1
46.4963921058993 11.9040707553261 1
48.6831365662511 13.1434888246557 1
50.8700393620525 14.3819669307805 1
53.0572511067632 15.6191816495122 1
55.2448922466082 16.8548423800126 1
57.4330527107097 18.0886926118893 1
59.6217921114875 19.3205125177171 1
61.8111402406897 20.5501235232569 1
64.0010972884311 21.7773958513315 1
66.1916329952634 23.002260313221 1
68.3826844479995 24.2247228163676 1
70.5741520631644 25.4448792459911 1
72.7658938036042 26.662928228647 1
74.957719043116 27.879178651871 1
77.1493849127635 29.0940485273191 5
79.3405986692534 30.3080519813916 5
81.5310293435735 31.5217718178125 5
83.7203300380287 32.7358169180457 2
85.9081697502168 33.9507668289231 2
88.0942707534618 35.1671102875628 2
90.2784441567932 36.3851894086475 2
92.4606131155073 37.6051644688998 2
94.6408138097891 38.8270129752049 2
96.8191711128504 40.0505675353792 2
98.9958595298775 41.2755773507222 2
101.171069148556 42.5017699896455 2
103.34499618169 43.7289003687185 2
105.517859044422 44.9567720749107 2
107.689919050681 46.185226830988 2
109.86148389348 47.4141123865314 2
112.032889848709 48.6432476384865 2
114.204475089838 49.8724011141373 5
116.376558799219 51.10128862837 5
118.549432441084 52.3295859184341 5
120.723360648865 53.5569480446499 5
122.898585371007 54.7830293270601 5
125.075327972569 56.0075020309995 5
33.9331859363735 57.230075349349 1
36.1135347088496 58.4505169891375 1
38.2959133061837 59.6686793521047 3
40.4804266814402 60.8845275523797 3
42.6671418894186 62.0981604688107 3
44.8560800864628 63.3098139572251 3
47.0471951400936 64.5198399484495 3
49.2403419539147 65.7286668608836 3
51.4352538965855 66.9367593149681 0
53.631553164784 68.1445968764523 0
55.8288005220954 69.3526768379339 0
58.0265651210965 70.561525627942 0
60.2244843052599 71.7716961585358 4
62.4222925065653 72.9837390110826 4
64.6198160039478 74.1981533639218 4
66.8169438101414 75.4153353516108 4
69.0135902260196 76.6355414175585 4
71.2096635128221 77.858875755553 5
73.4050503518515 79.0853005145105 5
75.59961934299 80.3146604565825 5
31.1329406909387 0.728699867948781 1
33.3255181622392 1.96313334830933 1
35.5170127434863 3.19959416290984 1
37.7074613710712 4.43769424144799 1
39.8969756624224 5.67702323827262 1
42.0857261962161 6.91715837923 1
44.273918651906 8.15767466252154 1
46.4617697518999 9.39815506424203 1
48.6494882878957 10.6381994968345 1
50.8372628326219 11.8774314343819 1
53.02525513993 13.1155019927256 1
55.2135972912059 14.3520922191934 1
57.4023907224208 15.5869150696502 1
59.5917060508325 16.8197185182837 1
61.7815833079292 18.0502907449426 1
63.9720322186934 19.2784681746662 1
66.1630317335978 20.5041477648016 1
68.3545284553726 21.7273025206856 1
70.5464334519665 22.947997096056 1
72.738616992085 24.1664006153074 1
74.9309019630636 25.3827937866901 1
77.1230585345182 26.5975676010652 1
79.3148038480557 27.8112114708861 5
81.5058105804182 29.0242891050831 5
83.6957268364502 30.2374010754093 2
85.8842070122799 31.4511350960182 2
88.0709501116045 32.6660088189182 2
90.2557383469857 33.8824148745501 2
92.4384655191543 35.1005816918313 2
94.6191437487417 36.3205640240257 2
96.7978825092117 37.5422699744964 2
98.9748477184834 38.7655134362892 2
101.150221161823 39.9900692266998 2
103.324183365039 41.2157196517909 2
105.496928083014 42.4422818463632 2
107.668690613159 43.6696080544586 2
109.839762379261 44.897562319951 2
112.010479210368 46.1259875970407 5
114.181192351106 47.3546798082665 5
116.352240046246 48.583378855931 5
118.523931394144 49.8117764604162 5
120.696543380326 51.0395340066352 5
122.870325360903 52.2663029923027 5
31.7249029414157 53.4917441405799 1
33.9016864161823 54.7155452455048 1
36.0802607651109 55.9374398982586 1
38.2607892596994 57.1572291289471 1
40.4434083173245 58.3748073024936 1
42.628223619698 59.5901877368404 1
44.8153027809563 60.8035181625009 3
47.0046575092959 62.0150761643024 3
49.1962130792157 63.2252417279895 3
51.389776576409 64.4344566739749 3
53.5850266520268 65.6431903126609 3
55.7815421258241 66.8519266846333 0
57.9788649075165 68.0611713646268 0
60.1765723276428 69.2714593730094 4
62.3743311841206 70.4833433219333 4
64.5719172636478 71.6973543939165 4
66.7692002172181 72.9139471107281 4
68.9661060145188 74.1334486325816 4
71.1625741934312 75.356030424637 4
73.3585255592849 76.5817083442028 5
75.5538498502897 77.8103650459686 5
77.7484151136574 79.0417824166456 5
79.9420940589742 80.2756716945603 5
35.474496439677 0.693684244915746 1
37.6661994723669 1.93147358644627 1
39.8569565556763 3.1706356217333 1
42.0468939075945 4.41076207468177 1
44.2361896848845 5.65143595788596 1
46.4250482636106 6.89223986741099 1
48.61367699568 8.13276480008551 1
50.8022695882518 9.3726179743616 1
52.990996391304 10.6114285945652 1
55.179999751533 11.8488516118229 1
57.3693922204325 13.0845705864618 1
59.559255919369 14.3183013265088 1
61.7496423349481 15.5497976515252 1
63.9405722838666 16.7788601082266 1
66.1320353974432 18.0053489423784 1
68.3239887386741 19.2292011468572 1
70.5163542368913 20.4504477973382 1
72.7090141834879 21.669227899215 1
74.9018047852428 22.8857954361289 1
77.0945096455661 24.1005172596419 1
79.2868570174676 25.3138607272791 5
81.4785252080001 26.5263708868167 5
83.6691595699908 27.7386369107844 5
85.8584017903936 28.9512479673682 2
88.045928523435 30.1647413474357 2
90.2314926214116 31.3795502273789 2
92.4149564553852 32.5959628879596 2
94.596304902296 33.814107098999 2
96.7756292453483 35.0339675733759 2
98.9530862633818 36.2554291695829 2
101.128852524583 37.4783249834982 2
103.30309874947 38.7024769171569 2
105.475998467859 39.9277234596181 2
107.647759414892 41.1539273207177 2
109.818648538096 42.3809617730418 5
111.988989912659 43.6086839971444 5
114.159138135941 44.8369092678544 5
116.329445124536 46.0653977149528 5
118.500236500511 47.2938572559463 5
120.671802860252 48.5219584825599 5
29.5238006527185 49.7493543813163 1
31.6976649614321 50.9756996090558 1
33.8730062124605 52.2006677664618 1
36.050018806214 53.4239680437924 1
38.2288796681498 54.6453633890943 1
40.4097468361483 55.8646918183765 1
42.592755600846 57.0818912140093 1
44.7780113909225 58.2970214011683 1
46.9655749639183 59.510273454681 1
49.1554357223425 60.7219583699754 3
51.3474775855435 61.9324759242095 3
53.5414540843035 63.1422763640687 3
55.7369933853059 64.3518329997117 3
57.9336419874652 65.5616356508997 4
60.1309348657174 66.7721980081413 4
62.3284662672735 67.9840594918348 4
64.525937161953 69.1977634190036 4
66.7231662548112 70.4138094103254 4
68.920066224727 71.6325953295401 4
71.1165988102788 72.854371556347 4
73.3127276438974 74.0792239565946 2
75.5083858443607 75.3070870249752 5
77.703467797606 76.5377761082807 5
79.8978450144173 77.7710231880547 5
82.0913981574594 79.0065057684075 5
84.2840527773086 80.2438676086926 5
39.8155047326508 0.664719306899645 1
42.0064299553679 1.90469074844163 1
44.1966683363567 3.14536546685723 1
46.3864023080403 4.38633215119436 1
48.5758301767625 5.62718003040677 1
50.7651452541645 6.8675066153712 1
52.9545225886152 8.10692453636644 1
55.1441121596531 9.34506666289529 1
57.3340360270442 10.5815900063371 1
59.5243872286815 11.8161798933414 1
61.7152291195789 13.0485561476279 1
63.9065947935012 14.2784823941407 1
66.0984861459104 15.5057796551334 1
68.2908721692392 16.7303449809516 1
70.4836865365082 17.9521714037555 1
72.6768238255125 19.1713641591167 1
74.8701337538853 20.3881489042351 1
77.0634142836271 21.6028692015845 1
79.2564068342077 22.8159728203853 1
81.4487984558974 24.0279882004072 5
83.6402352724703 25.2394926309388 5
85.8303492825927 26.4510726641346 2
88.0187965242109 27.6632780250763 2
90.2053002360408 28.876573754586 2
92.3896886182095 30.0913000101331 2
94.571914173073 31.3076522906292 2
96.7520438728306 32.5256906004232 2
98.9302207587692 33.7453734883598 2
101.106615211947 34.966599441819 2
103.281391915785 36.1892406951764 2
105.45471043193 37.4131672809424 2
107.626754618947 38.638257470092 5
109.797764455348 39.864391721416 5
111.968044278363 41.0914338964789 5
114.137942375019 42.3192094108875 5
116.307816785331 43.5474912256102 5
118.478005935693 44.7759994979379 1
27.3282121389929 46.0044133901778 1
29.4999061531288 47.2323892052456 1
31.67272414944 48.4595792206781 1
33.8468813473344 49.6856484812433 1
36.02257608758 50.9102898735078 1
38.1999925016789 52.1332394444548 1
40.3793011347569 53.354293643809 1
42.5606570599531 54.5733298821614 1
44.7441936772849 55.7903293976097 1
46.9300103272498 57.0053949671901 1
49.1181500973475 58.2187543269796 1
51.3085679867026 59.430744042825 1
53.5010990237964 60.6417777089914 3
55.6954441286134 61.8523119319932 3
57.8911893932997 63.0628251179666 3
60.087860159072 64.273814152222 4
62.2849940264428 65.485799272044 4
64.4822085636356 66.6993179718058 4
66.6792425160149 67.9148939232837 4
68.8759591251789 69.1329835466703 4
71.0723142892438 70.3539189144238 2
73.2683046626231 71.5778703689961 2
75.463916716372 72.8048421176894 2
77.6590954557896 74.0346970121056 2
79.8537418909311 75.2671946594926 5
82.0477359012945 76.5020271957272 5
84.2409733773431 77.7388473673887 5
86.4334028199866 78.9772865868943 5
88.6250468840549 80.2169632291022 1
44.1557014558656 0.639473616028921 1
46.346119973903 1.88044011839797 1
48.5361833142323 3.1214452561701 1
50.726078192548 4.36208413237108 1
52.9159795581331 5.60195959535114 1
55.1060413153815 6.8406882060084 1
57.2963923103073 8.07790507187363 1
59.4871347557015 9.31326859725078 1
61.6783432388992 10.546466905686 1
63.8700635675839 11.7772274686155 1
66.0623111887274 13.0053310555454 1
68.2550687490153 14.2306314147406 1
70.4482831773695 15.4530781185926 1
72.6418622160176 16.6727363924895 1
74.8356695677677 17.8897983182373 1
77.029518499936 19.1045815146208 1
79.2231659144151 20.3175145727783 1
81.4163114513205 21.5291116321935 5
83.608606875228 22.7399398047794 5
85.7996791734249 23.9505819210451 4
87.9891669968092 25.1615955029773 4
90.1767647665179 26.3734703011488 2
92.3622641211167 27.5865907447857 2
94.5455793566296 28.8012140528799 2
96.7267448028525 30.0174725638137 2
98.9058816774798 31.2353988150799 2
101.083148998651 32.454960112229 2
103.258705196029 33.6760865695837 2
105.43270060304 34.8986894984524 2
107.605301242586 36.1226707665805 5
109.776722586111 37.3479209430945 5
111.947245987786 38.5743075121206 5
114.117206178881 39.8016589316523 5
116.286959569987 41.0297529822799 1
25.1362503728398 42.2583156156416 1
27.3065962985084 43.4870307673385 1
29.4776734159085 44.7155568984931 1
31.6497259585041 45.9435450227638 1
33.8229725468849 47.1706549131616 1
35.997613581863 48.3965689453816 1
38.1738362596115 49.6210049961306 1
40.3518170070589 50.8437302782514 1
42.5317216797569 52.0645774137116 1
44.7137016306856 53.2834638449647 1
46.8978837404227 54.5004119718766 1
49.0843524553094 55.7155623294299 1
51.2731224371149 56.9291723321404 1
53.4641060146637 58.1415978311878 1
55.6570875854264 59.3532630772679 3
57.8517209498134 60.5646314995005 3
60.0475598651187 61.7761886756439 4
62.2441184504643 62.9884392678753 4
64.4409448045046 64.2019067017775 4
66.6376852906149 65.4171187145277 4
68.8341198356135 66.634568909427 2
71.0301577364874 67.8546607305411 2
73.225797733252 69.0776547432882 2
75.4210694467487 70.3036417043219 2
77.6159798655369 71.5325505727683 2
79.8104854441875 72.7641820903499 2
82.0044969740561 73.9982490460904 5
84.1979093809275 75.2344120661963 5
86.3906425848899 76.4723062916454 5
88.5826756802371 77.7115558779164 5
90.7740608341469 78.9517784284392 5
92.9649147207983 80.1925846688186 1
48.4950949607648 0.615566817111025 1
50.6853770201025 1.85634774009526 1
52.8756301023411 3.09651644403151 1
55.0660078427195 4.33568031450209 1
57.2566423588771 5.573458868143 1
59.4476423608942 6.80948894982344 1
61.6390920000604 8.04343130541492 1
63.8310492832778 9.27498024392625 1
66.0235438009686 10.5038775994404 1
68.2165733873906 11.729932584021 1
70.4101001180212 12.9530468601501 1
72.6040464066847 14.1732384525381 1
74.7982907860956 15.3906575719015 1
76.9926626031097 16.6055888754636 1
79.1869361706157 17.818438083559 3
81.3808276437714 19.0297051993126 3
83.5740001649003 20.2399495223369 3
85.7660821354671 21.4497517173164 4
87.9567001559137 22.6596755740104 4
90.1455225427085 23.8702305955294 4
92.3323033963905 25.0818386156948 4
94.5169135865523 26.2948120440152 2
96.6993457348602 27.509351237814 2
98.8796885137614 28.7255613794173 2
101.058080795043 29.9434795061879 2
103.23467023149 31.1630977043349 2
105.409598997482 32.3843760665015 5
107.58302047552 33.6072485151357 5
109.75513065359 34.8316218488277 5
111.926188939715 36.057368644708 5
114.096512909672 37.2843171824626 1
22.9458497303642 38.512244002748 1
25.1157496326728 39.7408742815506 1
27.2859329345109 40.9698913284481 1
29.4566857545757 42.1989522911222 1
31.6282592101434 43.4277055246197 1
33.8008759716445 44.6558062399589 1
35.9747381552939 45.8829293700245 1
38.1500338563722 47.1087805324012 1
40.3269412726988 48.333106872554 1
42.5056303820224 49.5557093861225 1
44.686261586816 50.7764576757709 1
46.868978747449 51.9953077845321 1
49.0538951428862 53.2123192359263 1
51.2410711710188 54.4276643333705 1
53.4304849225901 55.641624086083 1
55.6220024599905 56.8545697768578 1
57.8153602200145 58.0669359541028 1
60.0101725549567 59.2791950755528 5
62.2059704436562 60.4918421972291 5
64.4022656463364 61.7053892169353 4
66.598623900646 62.9203578422139 2
68.7947255596821 64.1372576289917 2
70.9903947621241 65.35654261703 2
73.1855873406797 66.5785557837934 2
75.3803427510649 67.8034832328667 2
77.574719824768 69.0313386347061 2
79.7687430776543 70.261982363694 2
81.9623812342398 71.4951605268891 2
84.1555602254069 72.7305463617524 2
86.3481990435417 73.967776150367 5
88.5402510236244 75.2064733571509 5
90.7317313803383 76.4462591137915 5
92.9227212962859 77.6867529718834 5
95.1133520648916 78.9275701359154 5
97.3037806044295 80.1683201108074 1
52.8338666201744 0.590596939169958 1
55.0243608555673 1.83002982553036 1
57.2150944746097 3.0682185513528 1
59.4061795354324 4.3047852382326 1
61.597707377037 5.53936930751502 1
63.7897468592257 6.77163698601619 1
65.9823414595766 8.00129503535237 1
68.175505104555 9.22811003098134 1
70.3692168421476 10.451934228281 1
72.56341573477 11.6727329193965 1
74.7579965046245 12.8906054488016 1
76.9528052859368 14.1057931022008 1
79.14763491419 15.3186699037665 3
81.3422211283103 16.5297170220312 3
83.5362441108696 17.7394859244781 3
85.7293412695561 18.9485575056881 4
87.9211347972214 20.1575031493927 4
90.1112723553627 21.3668501031428 4
92.2994720984194 22.5770523700215 4
94.4855582618196 23.7884710373731 4
96.6694736585227 25.0013690262288 4
98.8512626963654 26.2159213037197 2
101.031032294603 27.4322341775775 2
103.208911032273 28.6503631550858 5
105.385029682089 29.8703218290009 5
107.559530995886 31.0920833648918 5
109.732596169097 32.3155780084526 5
111.904466067367 33.5406880939988 5
20.7548393570206 34.7672424634426 1
22.9252565029887 35.9950136350497 1
25.0954599405217 37.2237212226593 1
27.2657746250233 38.4530427378633 1
29.4364929690384 39.6826295885489 1
31.6078724818464 40.9121243878592 1
33.7801403930221 42.1411763537219 1
35.9535009769481 43.3694535127586 1
38.1281426318164 44.5966522209315 1
40.3042431679257 45.8225055633907 1
42.4819727272085 47.0467924155979 1
44.6614941544525 48.2693482094274 1
46.8429592814895 49.4900783460892 1
49.0264987681782 50.7089742111321 1
51.2122047014285 51.9261273937084 1
53.4001059476977 53.1417363985775 1
55.590139406586 54.3561017008365 1
57.7821251565571 55.5696088728271 1
59.9757569061929 56.7827045653238 5
62.1706178739363 57.9958733033146 5
64.3662253143264 59.209621260838 5
66.5620969516604 60.4244655577298 2
68.7578230516933 61.6409203216427 2
70.9531228096038 62.8594686742425 2
73.1478665406926 64.0805168752313 2
75.3420551021983 65.304341753104 2
77.5357642550961 66.531053492155 2
79.729076913401 67.7605916293203 2
81.9220330416602 68.9927533980264 2
84.1146169894837 70.2272362118244 2
86.3067781069819 71.4636805097485 2
88.4984698014988 72.7017049014541 2
90.6896862647577 73.9409267370914 5
92.8804797804624 75.1809682563191 5
95.0709551327488 76.4214538522635 5
97.2612496716364 77.6620051935071 5
99.451511194721 78.9022386858116 5
101.641881920998 80.1417663991623 5
57.1721898524493 0.56218787098388 1
59.3631489579913 1.79914134995073 1
61.5545546268612 3.03424053024448 1
63.7464847860082 4.26713015280814 1
65.9389959338277 5.49748777227867 1
68.1321182162634 6.72504222498151 1
70.3258489463724 7.94959881826246 1
72.5201458817417 9.17106861017282 1
74.7149218202189 10.3894937939935 1
76.9100406797001 11.6050617740973 3
79.1053142493032 12.818102522936 3
81.3004993180241 14.0290677793505 3
83.4952973993779 15.2384954202891 3
85.689362320774 16.4469661497129 4
87.8823211085271 17.6550609901536 4
90.073809225508 18.8633256460711 4
92.2635140338075 20.0722436028314 4
94.4512133683095 21.2822191517444 4
96.6367948949537 22.4935717958369 4
98.8202483782593 23.7065419646325 4
101.001635520406 24.9213035708947 4
103.181054138575 26.1379757032677 5
105.358616443913 27.3566277342576 5
107.534452429574 28.5772772947545 5
109.708730508823 29.7998848998838 5
18.5610747707035 31.0243488685939 1
20.7329726074357 32.2505023641905 1
22.9041475667704 33.4781144717612 1
25.0749372874412 34.7068971869216 1
27.2456664786802 35.9365186427706 1
29.4166313888273 37.1666204978746 1
31.588094871513 38.3968359897467 1
33.7602888704649 39.6268056297604 1
35.9334205083866 40.8561891906032 1
38.1076788839647 42.084674302649 1
40.283240834038 43.3119830308563 1
42.4602747638139 44.5378782228012 1
44.6389421488815 45.7621709695603 1
46.8193962013229 46.98472989719 1
49.0017755659446 48.2054933815924 1
51.1861914857303 49.4244838718562 1
53.3727082909951 50.6418201200579 1
55.5613183587483 51.8577227977118 1
57.7519159368609 53.0725101570371 1
59.9442779514707 54.2865831998506 1
62.1380617736423 55.500403659369 5
64.3328277812447 56.7144709695379 5
66.5280882248481 57.9293027547431 5
68.7233749510334 59.1454182022275 2
70.9183094483437 60.3633176558488 2
73.1126538124352 61.5834500158105 2
75.3063247135373 62.8061664770797 2
77.4993640813539 64.0316729019193 2
79.6918776768846 65.2600024142622 2
81.8839675588759 66.4910229215654 2
84.0756897522021 67.7244729191436 2
86.2670508361722 68.9600070081349 2
88.4580337948203 70.1972399997203 2
90.6486351344504 71.4357798069 2
92.8388921794451 72.6752434540838 2
95.028889105164 73.9152586017154 5
97.2187447419249 75.1554574783542 5
99.4085932986187 76.3954700713025 5
101.598568204073 77.6349204535634 5
103.78879332904 78.8734269350782 5
105.979380299158 80.11060521881 5
61.5101275553008 0.528062459376133 1
63.7017218783246 1.76145243103169 1
65.8939310999429 2.99241884066964 1
68.0868012316612 4.22065951798813 1
70.2803484424497 5.44593862995647 1
72.4745508226093 6.66811621383105 1
74.6693413615565 7.88717628745846 3
76.8646033257968 9.10324595917038 3
79.0601678548988 10.3165996912924 3
81.2558128134363 11.5276458325386 3
83.4512628918551 12.7368963673782 3
85.6461938694231 13.9449247966293 0
87.8402466650357 15.1523204504709 0
90.0330550978717 16.3596485427707 4
92.2242846571937 17.567421646757 4
94.4136715050611 18.7760837653917 4
96.6010472518508 19.9860054949463 4
98.786340188026 21.1974875374871 4
100.969555182153 22.4107682498813 4
103.150745671913 23.6260296396638 5
105.329994426178 24.8433978605896 5
107.50741258261 26.0629382700816 5
16.3625524500135 27.2846473237939 1
18.5368283560034 28.5084458837021 1
20.7099086912317 29.7341770328959 1
22.8821060900253 30.9616097680908 1
25.0537502553574 32.1904492396498 1
27.225163273837 33.4203528749455 1
29.3966431308335 34.6509499486651 1
31.5684568646267 35.8818611551233 1
33.740841056007 37.1127152419057 1
35.9140063857033 38.3431613285927 1
38.0881435865197 39.5728771340349 1
40.2634290565477 40.8015743581846 1
42.4400291106043 42.029002976022 1
44.6181023034284 43.2549559487826 1
46.7977994610056 44.4792752805036 1
48.9792604883481 45.7018601303801 1
51.16260577937 46.9226781607851 1
53.3479215657268 48.1417786692355 1
55.5352396015186 49.3593038965841 1
57.7245132158307 50.575494757826 1
59.9155947517719 51.7906877656975 1
62.1082221633448 53.0053018256536 1
64.3020233192916 54.2198169501764 5
66.4965441055155 55.4347493843631 5
68.6913005777617 56.6506273565747 2
70.8858468550433 57.8679681953263 2
73.0798417374952 59.0872520537203 2
75.2730927044191 60.3088859947758 2
77.4655606609134 61.5331589905849 2
79.6573225941435 62.7602011296132 2
81.8485075178777 63.9899672191697 2
84.039234002378 65.2222558244347 2
86.2295783044758 66.4567514610367 2
88.4195781446158 67.6930731562797 2
90.6092590162703 68.9308184556565 2
92.7986636678513 70.1695922635543 2
94.9878676536828 71.4090172826552 2
97.1769766763688 72.6487306971036 2
99.3661130727428 73.8883749325745 5
101.555401751685 75.1275891125388 5
103.744961706184 76.3660045252303 5
105.934903360693 77.6032446116844 5
108.125328585984 78.8389289688056 5
110.316329978338 80.0726812844488 5
65.8476869145533 0.486130171289456 5
68.0400622623213 1.7149728882234 1
70.2331905435353 2.94092825526451 3
72.4270712262795 4.16381180273328 3
74.6216593861388 5.38355356937199 3
76.8168596642804 6.60022037869681 3
79.0125235782429 7.81402539531313 3
81.2084496636994 9.02532187754942 3
83.4043853396123 10.2345808020458 0
85.6000306335692 11.4423545694697 0
87.7950471202763 12.6492322905761 0
89.9890774588584 13.855795817117 0
92.1817767497933 15.0625862071252 0
94.3728486611735 16.2700853365815 4
96.562073221973 17.4787107373117 4
98.749315785754 18.6888182160341 4
100.9345170268 19.9007063513883 4
103.117674285739 21.1146180088753 4
105.298827831751 22.3307364460253 5
14.1574583475253 23.549176872463 5
16.3349023385609 24.7699759781353 1
18.5107527897727 25.9930833130031 1
20.685264327083 27.2183583635965 1
22.8587365056987 28.44557534851 1
25.0314898240796 29.6744358152976 1
27.2038420142907 30.9045875229252 1
29.3760911826727 32.1356465763795 1
31.5485075793415 33.3672191088547 1
33.721332335579 34.5989194688504 1
35.89478041669 35.8303834520257 1
38.0690454067915 37.0612767336264 1
40.2443045127086 38.2912996746994 1
42.4207227665154 39.5201902256374 1
44.5984557956379 40.7477265263807 1
46.7776507378476 41.9737303524273 1
48.9584449012535 43.1980720565218 1
51.140960800463 44.4206780114094 1
53.3252958702195 45.6415415532613 1
55.5115068724795 46.8607356105409 1
57.6995898499771 48.078424014263 1
59.8894583058591 49.2948680070378 1
62.0809248546578 50.5104243750916 1
64.2736935269 51.7255330949552 5
66.4673699784279 52.9406952370235 5
68.6614942838972 54.1564446116851 5
70.8555952921014 55.3733180313632 2
73.0492572128399 56.5918261909187 2
75.2421809699551 57.8124221024648 2
77.4342196722173 59.0354628996464 2
79.6253740954735 60.2611676889488 2
81.8157494604401 61.4895856500626 2
84.0054929924263 62.7205925155306 2
86.1947408614305 63.9539208400735 2
88.3835963158122 65.1892079986009 2
90.5721361141891 66.4260469665434 2
92.7604314977554 67.6640278123004 2
94.9485666997412 68.9027604964383 2
97.1366445962725 70.1418788634338 2
99.3247808463322 71.3810324754268 2
101.513094394419 72.6198745819416 2
103.701700945775 73.858052399417 2
105.890711053616 75.0952025354213 5
108.08023054732 76.3309520003373 5
110.270360109594 77.5649245100295 5
112.461192034387 78.7967520500665 5
114.652803947502 80.0260916925292 5
70.1849496908263 0.434635797254425 3
72.3782520656164 1.65818608448665 3
74.572389053656 2.87861396494802 3
76.7672887800149 4.09593119109559 3
78.962824988755 5.31029108289345 3
81.1588172350053 6.5219873024818 0
83.355034328051 7.73143856795037 0
85.5511996551277 8.93916044564077 0
87.7469983428388 10.1457265820848 0
89.9420898561827 11.3517252465883 0
92.1361304951095 12.5577210685581 0
94.3288034873357 13.7642311550738 0
96.5198466780174 14.9717167515972 0
98.7090670954611 16.1805842842824 0
100.896339981326 17.3911879412566 4
103.08159967925 18.6038281803538 3
11.9442315272826 19.8187443124343 3
14.1254796856127 21.0361027669082 1
16.3048459115287 22.2559838957171 1
18.4825014452419 23.4783712993086 1
20.6586815752776 24.7031475437337 1
22.8336699572296 25.9300986449078 1
25.0077755644874 27.1589277761935 1
27.1813097659539 28.3892762658808 1
29.3545692508914 29.6207482514562 1
31.5278266482872 30.8529348051313 1
33.7013276415886 32.0854341784494 1
35.8752922792233 33.3178665035413 1
38.0499183958631 34.5498829966063 1
40.2253856903464 35.781170789501 1
42.4018595045306 37.0114550729251 1
44.5794936662327 38.2405002364556 1
46.7584319465872 39.4681112859701 1
48.9388077717916 40.6941363804972 1
51.1207416720398 41.9184710880403 1
53.3043348144036 43.1410657858334 1
55.4896576785754 44.3619367114378 1
57.6767342931794 45.5811787608605 1
59.8655233036717 46.7989773921407 1
62.0558990026956 48.0156160244133 1
64.2476375456458 49.2314748689747 1
66.4404148368441 50.4470182699553 5
68.6338221533374 51.6627701731129 5
70.8274027861445 52.8792813156658 2
73.0207072484932 54.0970936901297 2
75.2133566828602 55.3167053396216 2
77.4050969829761 56.5385339934055 2
79.5958247784056 57.7628776449507 2
81.7855749822272 58.9898772282056 2
83.9744753864655 60.2194963402974 2
86.1626898128797 61.4515327035245 2
88.3503762580977 62.6856589599552 2
90.5376710824373 63.9214755170529 2
92.7246925631911 65.1585612237294 2
94.9115527710592 66.3965092416219 2
97.0983662238228 67.6349419103681 2
99.2852509775804 68.8735078379429 2
101.472325339612 70.1118693896244 2
103.659705170471 71.3496888283394 2
105.847503846708 72.5866186127226 2
108.035833525603 73.8222981528118 2
110.224805077668 75.0563573039817 5
112.414524881747 76.288426249818 5
114.605088218879 77.518151377136 5
116.796570183359 78.7452165295645 4
118.98901526143 79.9693699157262 3
74.5221261794096 0.372442836172795 3
76.7164577821773 1.59042203737468 3
78.9116077752297 2.80539535323992 0
81.1074184654547 4.01759981046115 0
83.3036796932192 5.22739899516341 0
85.5001358722026 6.4352613987644 0
87.6964944990318 7.64172945557322 0
89.892435543176 8.84738167573828 0
92.0876255870086 10.0527943718845 0
94.2817397247319 11.2585128094612 0
96.4744859670105 12.4650374502394 0
98.6656227412062 13.6728211711259 0
100.854965100725 14.8822692738262 0
9.72178260304891 16.0937357730047 3
11.9072059734469 17.3075135926912 3
14.0906240387107 18.5238202767917 3
16.2720984760859 19.7427823145271 1
18.4517668274178 20.9644221362339 1
20.6298369499315 22.1886518255521 1
22.8065705663426 23.4152764071933 1
24.9822605396831 24.6440074013175 1
27.1572084621214 25.8744848912734 1
29.3317073410759 27.1063042224847 1
31.5060310520081 28.3390426030937 1
33.6804297478263 29.5722817471349 1
35.8551293769007 30.8056245359771 1
38.030333534942 32.0387055337546 1
40.2062263594077 33.2711964187031 1
42.3829755912604 34.5028079578302 1
44.5607351576942 35.7332902833057 1
46.7396468353088 36.9624328712886 1
48.9198406462336 38.1900652343845 1
51.101433651306 39.4160589454524 1
53.2845263474796 40.640331796686 1
55.4691950749647 41.8628557747119 1
57.6554802421781 43.0836686801118 1
59.8433710285762 44.302887587433 1
62.0327882355709 45.5207215259933 1
64.223568705586 46.7374794187288 1
66.4154563464484 47.9535687201902 5
68.6081054772812 49.1694809109215 5
70.8011013406809 50.3857633342285 5
72.9939995084798 51.6029813505731 2
75.1863802455207 52.8216769068443 2
77.377906686634 54.0423274324878 2
79.5683701923278 55.265305270986 2
81.7577071325397 56.49083860892 2
83.9459812565221 57.7189819031949 2
86.1333401090405 58.9496106174145 2
88.3199660189836 60.1824490445908 2
90.5060432023027 61.4171201881246 2
92.6917424010437 62.6532012197447 2
94.87721801814 63.8902703142304 2
97.062611637686 65.1279336576134 2
99.2480558248956 66.3658310621967 2
101.433676485866 67.6036265546356 2
103.61959512701 68.8409928906646 2
105.805931909777 70.0775975810276 2
107.992808480949 71.3130949062308 2
110.1803485886 72.5471255054356 2
112.368675088394 73.7793234786356 2
114.557903167841 75.0093304261933 4
116.748130701843 76.2368156962894 4
118.939427148426 77.4615027103589 4
121.131822365319 78.6831996216174 4
123.325297107362 79.9018272550044 0
78.8594761554814 0.299425610697644 3
81.0548287802032 1.51220448468735 0
83.2508670994806 2.72246486606453 0
85.4473555774541 3.93062688840399 0
87.6440207186399 5.13719290165849 0
89.8405617293916 6.34271647110903 0
92.0366601302442 7.54776898277841 0
94.2319928721 8.75291061253835 0
96.426250784996 9.95867233319668 0
98.6191562337781 11.165547885341 0
7.48987284746031 12.3739891209155 3
9.67941773338912 13.5843992585653 3
11.8670590295431 14.797121279998 3
14.0527319174073 16.0124220975682 3
16.2364477104192 17.2304751483 1
18.4182990287693 18.4513452984247 1
20.5984547604367 19.674980175526 1
22.7771445934876 20.9012112453928 1
24.9546373631236 22.1297660343605 1
27.1312190687747 23.3602901625973 1
29.3071751327161 24.5923752368503 1
31.4827785287169 25.8255875932462 1
33.6582832540139 27.0594934519219 1
35.8339217378028 28.2936779194668 1
38.0099048015908 29.5277573178887 1
40.1864230696558 30.7613857574464 1
42.3636490195561 31.9942575010571 1
44.5417390364682 33.2261069197664 1
46.720835009329 34.4567076131283 1
48.9010650978315 35.6858718010723 1
51.0825433486223 36.9134507128801 1
53.2653678064713 38.1393365077016 1
55.4496159754524 39.3634670132035 1
57.6353365253712 40.58583476286 1
59.8225375648736 41.8064995494233 1
62.0111723545326 43.0256027735341 1
64.201124499167 44.243380692567 1
66.3921961913196 45.4601722055994 1
68.5841042002579 46.6764158825999 5
70.7764884500517 47.8926321987082 5
72.9689366430702 49.1093908105167 5
75.1610250204405 50.3272672783058 2
77.3523699918064 51.546795723854 2
79.5426793607338 52.7684221620177 2
81.7317884979587 53.9924609100077 2
83.9196696832969 55.2190586053734 2
86.1064125764992 56.4481764826607 2
88.2921848374068 57.6796035406108 2
90.4771904776937 58.9130002459257 2
92.6616405140206 60.1479548501864 2
94.8457342568349 61.3840376889353 2
97.0296509946678 62.6208396349607 2
99.2135499096076 63.8579875626734 2
101.397574611836 65.0951405923038 2
103.58185963267 66.3319757842217 2
105.766537100888 67.5681719418139 2
107.951741838061 68.8033976717837 2
110.137613208598 70.0373067429943 2
112.324292769048 71.2695415129539 2
114.511917737543 72.4997440681557 2
116.700611151802 73.7275745476851 4
118.890470120058 74.9527364044512 4
121.081553682958 76.1750069895557 4
123.273872331294 77.3942675644487 0
125.467381070767 78.6105252038533 0
127.661976683952 79.8239206681321 0
83.1971980976352 0.216709798542508 3
85.393433766638 1.42529227970827 0
87.5901271210987 2.63211869626316 0
89.7869921288886 3.83771027535471 0
91.9837240588471 5.0426192200204 0
94.1800072944947 6.24740403883223 0
96.3755260453819 7.45261234875538 0
5.24937788656354 8.6587696300757 3
7.44249385149868 9.86636853909122 0
9.63404049566768 11.0758569399811 0
11.82383681099 12.2876237436287 3
14.0117651957163 13.5019821155196 3
16.1977833581284 14.7191513527203 1
18.3819307840318 15.939240459122 1
20.5643258920291 17.1622372452124 1
22.7451536652625 18.3880066163734 1
24.924647114353 19.6163002689635 1
27.1030672686717 20.8467773009262 1
29.2806854476941 22.0790322713427 1
31.4577697729403 23.312625451524 1
33.6345762693497 24.5471102837373 1
35.8113437256126 25.7820549153895 1
37.9882913039226 27.0170567624265 1
40.1656180383526 28.251750715401 1
42.3435035187326 29.4858124333052 1
44.522109164063 30.718958535287 1
46.7015795128782 31.9509453989562 1
48.8820430918927 33.1815677505937 1
51.0636125348939 34.4106578823283 1
53.2463836685731 35.6380860760094 1
55.4304330573406 36.8637629311379 1
57.6158126864431 38.0876453693932 1
59.8025413965906 39.3097470579869 1
61.990593639704 40.5301521182076 1
64.1798866879282 41.7490302890163 1
66.370268645041 42.9666502329593 1
68.5615108202228 44.1833859196695 1
70.7533086750422 45.3997105072202 5
72.9452951372543 46.6161740130864 5
75.1370682432425 47.8333651951583 2
77.3282316551106 49.0518625034145 2
79.5184419287221 50.2721809344415 2
81.707452056496 51.4947206784277 2
83.8951394915777 52.7197229330983 2
86.0815105758715 53.9472413604281 2
88.2666811312414 55.1771411390764 2
90.4508408443411 56.4091326409964 2
92.6342160619823 57.6428278321457 2
94.8170392507818 58.877799135734 2
96.9995275964844 60.1136275191461 2
99.1818740836717 61.3499280269517 2
101.364249147941 62.5863525145593 2
103.546808442583 63.8225780336724 2
105.729702152455 65.0582903397741 2
107.913082384192 66.2931696457624 2
110.097106648799 67.5268825977528 2
112.281936721742 68.7590819760448 2
114.467733039802 69.9894143473968 2
116.654645385343 71.2175354734659 4
118.84280087599 72.4431334464575 4
121.032290815488 73.6659582270251 4
123.22315878494 74.8858531030377 4
125.415392535289 76.1027808332847 0
127.608920844575 77.3168369531071 0
129.803614297888 78.528246615901 0
131.999288277561 79.7373476922914 0
87.535407935455 0.126555167827911 3
89.7323016014482 1.33238172834242 0
91.9293718915075 2.53734274300238 0
94.1263095345381 3.74198178386513 0
3.00219677199573 4.94684701881309 3
5.19792318575765 6.15248250601011 0
7.39259092980284 7.35941337470584 0
9.5859350075854 8.56812687016543 0
11.7777352247435 9.77905366445854 3
13.9678294239198 10.9925495020502 3
16.1561250835589 12.2088769517068 3
18.3426061884361 13.4281886722676 1
20.5273328701373 14.6505150518577 1
22.7104336373618 15.8757597896534 1
24.8920922107366 17.1037063428713 1
27.0725318081524 18.334035833724 1
29.2519993442169 19.5663538274568 1
31.4307512153138 20.8002210344856 1
33.6090416847724 22.0351826168674 1
35.7871144727838 23.2707921747087 1
37.9651973760181 24.5066287868334 1
40.1434993052868 25.7423072690418 1
42.3222091602298 26.977482930616 1
44.5014959743822 28.2118525939219 1
46.6815096444807 29.4451535578909 1
48.8623816676894 30.6771618364229 1
51.0442254990435 31.9076906399631 1
53.2271362481635 33.1365897638327 1
55.4111894316481 34.3637464108137 1
57.5964379593316 35.5890886058516 1
59.7829063000432 36.8125930030871 1
61.9705820408983 38.0342968598105 1
64.1594055121213 39.2543129351402 1
66.3492589129764 40.4728451292354 1
68.53995747677 41.6902007879699 1
70.7312460902786 42.9067941450794 5
72.9228049230535 44.1231354638151 5
75.1142666909645 45.3398028378348 5
77.3052460673774 46.5573978756513 2
79.4953785899908 47.7764906417187 2
81.6843628096282 48.997561264138 2
83.871996765484 50.2209459571562 2
86.0581997677079 51.4467965302825 2
88.2430135259771 52.6750652001975 2
90.4265821110897 53.9055250417519 2
92.6091176942611 55.1378229769631 2
94.7908644416755 56.3715433482229 2
96.9720667735348 57.6062644161535 2
99.1529499453761 58.8415941901211 2
101.333715380638 60.077179884455 2
103.5145461526 61.3126989364055 2
105.695616428341 62.547842549741 2
107.877099923958 63.7823001992819 2
110.059174717843 65.0157496379147 2
112.242023620037 66.2478540482963 2
114.425830215232 67.4782665444068 2
116.610770912037 68.7066422609492 2
118.797003556586 69.932658253647 4
120.984653804329 71.1560406432605 4
123.17380164549 72.376596126186 4
125.364471368194 73.594241717766 4
127.556627334066 74.8090245661618 0
129.7501749571 76.0211253221528 0
131.944963537602 77.2308443797684 0
134.140788668611 78.4385768331362 0
136.337396868704 79.6447843337493 0
