x           y           stackinginfo
91.8741615528639 0.0126373887306805 3
0.73416427737821 1.24633505427398 3
2.91556341715903 2.47893115265821 0
5.09799265235982 3.71001304866168 0
7.28162375740891 4.93925644522688 0
9.46653619548868 6.16648031543086 0
11.6527092975358 7.39166738572149 0
13.8400341200412 8.61495050480193 0
16.0283366314201 9.83657790129117 0
18.2174035329234 11.0568722879079 3
20.4070050867563 12.2761936808557 3
22.5969124316121 13.4949103319843 3
24.7869090262405 14.713378640032 1
26.9767972380839 15.9319307600107 1
29.1664017308039 17.150867511182 1
31.3555712013955 18.3704541441593 1
33.5441794562633 19.5909172901243 1
35.7321262280052 20.8124423476324 1
37.91933778706 22.0351711672255 1
40.1057673136656 23.2592000798327 1
42.2913950602784 24.4845782513768 1
44.476228252521 25.7113065781168 1
46.6603007217448 26.9393371998308 1
48.8436723018856 28.1685735886361 1
51.0264280167063 29.3988712484444 1
53.208677280443 30.6300388060066 1
55.3905530180966 31.8618394893065 1
57.5722099069598 33.0939942961825 1
59.7538213314044 34.326187891127 1
61.9355751572007 35.5580771383888 1
64.1176680868436 36.7893027664996 1
66.3002984541535 38.019504536256 1
68.4836575917568 39.2483396128063 1
70.6679202222626 40.4755029098348 1
72.8532346166081 41.7007472077767 1
75.0397134587908 42.9239002215233 5
77.2274264433365 44.1448758735351 5
79.4163956419283 45.3636779526346 5
81.6065945254863 46.5803959077973 2
83.7979509540725 47.7951942956281 2
85.9903533353469 49.0082988442746 2
88.1836579764578 50.2199827147471 2
90.3776952273965 51.4305559498499 2
92.5722729217174 52.6403592512674 2
94.7671780832458 53.8497604636642 2
96.962180722902 55.0591488722431 2
99.1570414000947 56.2689248357205 2
101.351520170761 57.4794875805473 2
103.545385696773 58.6912237366449 2
105.738425959033 59.9044921856052 2
107.930460133065 61.1196035942759 2
110.121349895971 62.3367982728794 4
112.311007638809 63.5562287562121 4
114.49939930546 64.7779527589261 4
116.686541147778 66.0019381248612 4
118.872491715239 67.2280769463058 0
121.057341581347 68.4562038448197 0
123.241203210146 69.6861138392964 0
125.424202553217 70.9175769211573 0
127.606473191254 72.1503480284071 0
129.788153427267 73.3841719976518 0
131.969386619867 74.6187833907229 0
134.150324944651 75.8539012552733 0
136.331136315522 77.0892194503151 0
138.512012926373 78.3243948905222 3
47.3725763355602 79.5590391618109 0
49.5542806979721 80.7927245621571 3
5.07647999375393 1.20700861967957 0
7.25999528390888 2.43754327355981 0
9.4446686097433 3.66606687263594 0
11.6305425885874 4.89248575964667 0
13.8175594629418 6.11686301874685 0
16.0055782122892 7.33939216945033 0
18.1944001828833 8.56035914681131 0
20.3837954275011 9.78010439886835 3
22.5735249789914 10.9989911839097 3
24.763357110718 12.2173821185599 3
26.9530776912683 13.435623630431 1
29.1424959905644 14.6540364609895 1
31.3314476523478 15.8729097900451 1
33.5197961787725 17.0924969861401 1
35.7074336454569 18.3130119569242 1
37.8942808931447 19.5346258983137 1
40.080287232274 20.7574645310794 1
42.2654297203089 21.981605901485 1
44.4497122824359 23.2070790910694 1
46.6331648738968 24.4338637496712 1
48.8158426736469 25.6618902671801 1
50.9978252792009 26.8910405043188 1
53.1792159648656 28.1211489540709 1
55.3601411575813 29.3520040714761 1
57.5407497160369 30.5833504762021 1
59.7212112254965 31.8148936374485 1
61.901713250699 33.0463072527266 1
64.0824573119652 34.2772435213078 1
66.2636531645603 35.5073468457752 1
68.4455111225253 36.7362709740862 1
70.6282324627026 37.9636987247615 1
72.8119983684533 39.1893624354014 1
74.9969583874409 40.4130624577302 5
77.1832198843142 41.6346807841226 5
79.3708402869856 42.8541874953007 5
81.5598237790874 44.0716391192269 2
83.7501232117929 45.2871698155561 2
85.941646457173 46.5009780091751 2
88.1342648678915 47.713312144613 2
90.3278208782292 48.9244590636358 2
92.5221326891428 50.1347369984379 2
94.71699620162 51.3444931711688 2
96.9121873254321 52.554102079308 2
99.1074680679475 53.7639580663817 2
101.302595373809 54.9744620920489 2
103.497329831027 56.1860080886422 2
105.691445517979 57.3989685177878 2
107.884741613797 58.6136757867301 2
110.077054024804 59.8304010838546 2
112.268264965009 61.0493351036829 4
114.458308071776 62.2705762700086 4
116.647167656258 63.494130002574 4
118.834872586245 64.7199185018208 0
121.021486853546 65.9477971819585 0
123.207099294002 67.1775729280329 0
125.391814398281 68.409020382778 0
127.575745366224 69.6418941192975 0
129.759009998545 70.8759358371177 0
131.941729753664 72.1108764033199 0
134.124032158956 73.3464329070624 0
136.30605653114 74.5823013479654 3
45.1673607912829 75.8181466565623 0
47.3493363022499 77.0535940398113 0
49.5316039076708 78.2882289269988 0
51.7144123148461 79.5216177330417 0
53.8980069689086 80.7533570509118 3
9.42228499465285 1.1651245992949 0
11.6079592234175 2.39277391217565 0
13.794736625249 3.61828094001064 0
15.9825261309091 4.84177537508794 0
18.1711586378991 6.06349611500084 0
20.3604143136444 7.28375409176295 3
22.5500492916598 8.50289895438157 3
24.7398174667662 9.72129285477889 3
26.9294859126631 10.9392918760573 1
29.1188444722514 12.1572339629192 1
31.3077110956228 13.3754311818066 1
33.4959345321383 14.5941640753707 1
35.6833954414224 15.8136767053939 1
37.8700064237829 17.0341720170249 1
40.0557111413993 18.2558076335774 1
42.2404827536524 19.47869250456 1
44.4243221087667 20.7028851153758 1
46.6072560463621 21.928393019022 1
48.7893360323296 23.1551732559561 1
50.9706371665322 24.3831333815869 1
53.151257476371 25.6121329098169 1
55.3313175447897 26.8419848987166 1
57.5109603868469 28.0724578391971 1
59.6903508506076 29.3032792734207 1
61.8696741177151 30.5341421103204 1
64.0491331304928 31.7647135580609 1
66.2289443747884 32.9946472098657 1
68.4093314573286 34.2235985707887 1
70.5905161515408 35.4512435547463 1
72.7727070416023 36.6772985134039 1
74.9560865927599 37.901539440511 1
77.1407983031632 39.1238174877588 5
79.3269362385476 40.3440681633867 5
81.5145392457553 41.5623126810607 5
83.7035911197771 42.7786516594351 2
85.8940261193485 43.9932532274645 2
88.0857373187957 45.2063389326361 2
90.2785844652467 46.4181710381685 2
92.4723990701613 47.6290439112638 2
94.6669869612488 48.839281427362 2
96.8621303480836 50.0492381601075 2
99.0575931280679 51.259296699514 2
101.253130075123 52.4698562951487 2
103.448496337956 53.6813168082197 2
105.643456151284 54.8940630269103 2
107.837793077436 56.108446696636 2
110.031321514292 57.3247660110682 2
112.223896921296 58.5432458034782 4
114.415422691787 59.7640228130148 4
116.60585193642 60.987140160055 4
118.795183764126 62.2125524238188 4
120.983455382853 63.440139137987 0
123.170732297816 64.6697223681545 0
125.357098783265 65.9010840529957 0
127.542650124505 67.1339801514769 0
129.727487436634 68.3681501519905 0
131.911715404411 69.6033215294533 0
134.095443015535 70.8392092863614 3
42.9581856701572 72.0755111357703 0
45.1412774192316 73.3118996173034 0
47.3242698833058 74.5480139305239 0
49.5073460169121 75.783456788052 0
51.6907217683788 77.0178043494544 0
53.8746349411313 78.2506387809618 0
56.0593126227787 79.4816027318391 0
58.2449265430503 80.7104556148429 3
13.7712562038836 1.11909503134582 0
15.9588778646301 2.34360289561486 0
18.1473697958609 3.56615044404755 0
20.3365381863748 4.78700957324639 0
22.5261450652322 6.00650716338697 3
24.7159352142949 7.22499684368968 3
26.9056575248485 8.44283788277003 3
29.0950798028286 9.660380699753 1
31.2839979188403 10.877957256814 1
33.4722408893007 12.0958740263402 1
35.6596732336689 13.3144056992592 1
37.8461953894161 14.5337889210798 1
40.0317425247347 15.7542160633693 1
42.21628216003 16.9758299604733 1
44.3998113147367 18.1987209345741 1
46.5823537979304 19.4229259389993 1
48.7639580134635 20.6484291943531 1
50.9446954249483 21.8751637187374 1
53.124659667912 23.1030133141354 1
55.3039662472632 24.3318146880545 1
57.4827527173791 25.5613596150934 1
59.6611788753011 26.7913979665755 1
61.8394262782804 28.0216431175519 1
64.0176968654754 29.2517797506595 1
66.1962101014221 30.4814743713104 1
68.3751978691027 31.7103890306868 1
70.5548964962091 32.9381981439028 1
72.7355357525999 34.1646074053179 1
74.9173254401834 35.3893728707671 1
77.1004412160754 36.6123175975923 5
79.2850121925305 37.8333431376546 5
81.4711130339364 39.0524338976539 5
83.6587622335454 40.2696538746369 2
85.8479261768553 41.4851371321439 2
88.0385264481539 42.6990748634513 2
90.2304468498508 43.9117022441474 2
92.4235377770518 45.1232881741729 2
94.6176184733155 46.3341316826704 2
96.8124793885676 47.5445639350564 2
99.0078871634372 48.754949841298 2
101.203594464242 49.9656810961447 2
103.39935144207 51.1771601172286 2
105.59491497774 52.3897820831878 2
107.790057203264 53.6039164069588 2
109.984575159385 54.8198861769738 2
112.17830113191 56.0379476924468 2
114.371110873476 57.2582738531168 4
116.56292756159 58.4809450974596 4
118.753720694058 59.7059501382383 4
120.943500347652 60.9331959394557 0
123.132308554027 62.162523637265 0
125.320209987745 63.3937260880275 0
127.507283764008 64.6265634673694 0
129.693617423349 65.8607748449678 0
131.87930352578 67.0960849790742 3
40.7438372953368 68.3322063720463 0
42.9285240501817 69.5688370714328 0
45.1128734047799 70.8056552171877 0
47.297010342177 72.0423122212795 0
49.4810802444352 73.278428187001 0
51.6652555375512 74.5135955044465 0
53.849738190019 75.7473977653142 0
56.0347475531141 76.9794497183676 0
58.2204871477142 78.2094516604706 0
60.4071005445737 79.4372359056009 0
62.5946370299028 80.6627846676445 3
18.122740309864 1.06820528993943 0
20.3118634624614 2.28974544892792 0
22.5014903770496 3.50968916118347 3
24.6913678527159 4.72837328160588 3
26.8812318866245 5.94615273101757 3
29.0708286680671 7.1633839900109 1
31.2599290560772 8.38041388871958 1
33.4483375632154 9.59757145288776 1
35.6358972133039 10.8151605689229 1
37.822491275803 12.0334522124428 1
40.0080423791697 13.2526758997398 1
42.1925095600028 14.4730117355332 1
44.3758843051488 15.694585323425 1
46.5581866155233 16.9174657791833 1
48.739461757279 18.1416661863591 1
50.9197779780168 19.3671455979967 1
53.099225198386 20.5938117980891 1
55.2779145667831 21.8215242553874 1
57.4559787398253 23.0500969804953 1
59.6335725565939 24.2793016113248 1
61.810873353968 25.5088721959538 1
63.9880805183905 26.7385121830106 1
66.1654137628018 27.9679035966579 1
68.3431092430201 29.1967189783569 1
70.5214126824495 30.4246362787229 1
72.7005690907941 31.6513561246914 1
74.8808095073457 32.8766199949347 1
77.0623363321583 34.1002270821797 5
79.2453098572597 35.3220472974633 5
81.4298389284543 36.5420282309161 5
83.6159776554583 37.7601950400018 2
85.8037279121128 38.9766439468691 2
87.9930450952682 40.1915315048723 2
90.1838435540839 41.4050621046236 2
92.3759993102124 42.6174768168984 2
94.5693508594328 43.829048578703 2
96.7637009593295 45.0400835899334 2
98.9588217897536 46.2509247096849 2
101.154464901244 47.4619495165051 2
103.350375013893 48.6735572118164 2
105.546301798184 49.8861494094171 2
107.742008293334 51.10011051111 2
109.937278556203 52.3157864466441 2
112.131925945865 53.5334633299071 2
114.325801628468 54.7533490112032 5
116.518800688195 55.9755610561 4
118.710863553337 57.200123816903 4
120.901972791496 58.4269748318185 4
123.092146340408 59.6559784113095 0
125.281429062844 60.886942572798 0
127.46988456373 62.1196354505931 0
129.657588636865 63.3537985222209 3
38.5240234384714 64.5891554626591 0
40.7104813850748 65.8254165064807 0
42.8964555704034 67.0622787737379 0
45.082046329706 68.2994233771381 0
47.2673611733879 69.5365106083342 0
49.4525178028908 70.7731754959757 0
51.6376494333563 72.0090277905424 0
53.8229116889257 73.2436621122054 0
56.0084862183195 74.4766837177123 0
58.1945689818532 75.7077520570248 0
60.3813369300123 76.9366311847823 0
62.568904321623 78.1632246850605 0
64.7572900410637 79.3875800437676 0
66.9464096165882 80.6098663579129 3
22.4757896068723 1.01232897497634 0
24.665797170464 2.23130393036434 3
26.8558660848067 3.44912292795428 3
29.045726193625 4.66614144128222 3
31.2351235575514 5.88271465325069 1
33.4238348992276 7.09918866061297 1
35.6116765463602 8.31589272480912 1
37.7985088513224 9.53313060204768 1
39.9842366622808 10.7511699169325 1
42.1688064140869 11.9702310032683 1
44.352201216219 13.1904786821836 1
46.534435537539 14.412018086191 1
48.7155506420884 15.6348941573289 1
50.8956113050345 16.8590937488379 1
53.0747038800917 18.0845491591187 1
55.2529355552317 19.3111421532193 1
57.4304345683151 20.5387078901838 1
59.607351072839 21.7670386790955 1
61.7838579951686 22.9958886068288 1
63.9601512812239 24.2249800726652 1
66.1364490645 25.4540119975085 1
68.3129888417911 26.6826702040029 1
70.4900216792581 27.9106403639981 1
72.6678028216493 29.1376232923675 1
74.8465789365134 30.3633515830041 1
77.0265734831924 31.5876058196047 1
79.2079728549973 32.8102281429099 5
81.3909163246995 34.0311310525269 5
83.5754918060881 35.2503001242724 5
85.7617371438519 36.467790766786 2
87.9496443044971 37.6837204962162 2
90.139162861501 38.8982583319488 2
92.3302004797697 40.1116140125688 2
94.5226214284859 41.3240325377527 2
96.7162466280153 42.5357944300903 2
98.9108584346056 43.7472187509258 2
101.106210737978 44.9586638333622 2
103.302043788723 46.1705189270596 2
105.498099494968 47.3831860686896 2
107.694131979069 48.5970598058355 2
109.88991468765 49.8125054660744 5
112.085246580477 51.0298366525971 5
114.279958714478 52.249295059567 5
116.473920759186 53.4710356826137 5
118.667045214333 54.6951201861147 5
120.859287036127 55.9215198090376 3
123.050639218589 57.1501262539023 3
125.241125878257 58.380767323828 3
127.430794655821 59.6132234969884 3
36.2991084867171 60.8472423448497 0
38.4873466741208 62.0825491196549 0
40.6749926562551 63.3188531224906 0
42.8621380822553 64.5558502648069 0
45.0488797052412 65.7932225745221 0
47.235317752143 67.0306356283637 0
49.4215549128958 68.2677353665031 0
51.6076977465017 69.5041467802252 0
53.7938621403307 70.7394786221232 0
55.9801820938257 71.9733391929659 0
58.1668153465093 73.2053667609355 0
60.3539320032663 74.4352735328149 0
62.5416807253789 75.6628894073987 0
64.7301455529673 76.8881850683497 0
66.919315279622 78.1112652408953 0
69.1090782278466 79.3323405888916 0
71.2992396060645 80.5516937095524 3
26.8292488051637 0.951638794283166 3
29.0194320419282 2.16854725430377 3
31.2092151293101 3.38476430627615 1
33.3983469645854 4.60064633019319 1
35.5866134835954 5.81654190132216 1
37.7738464506533 7.03278330222936 1
39.9599268270169 8.24967480038176 1
42.1447830449397 9.46747840639204 1
44.3283856793366 10.6864017262684 1
46.5107407832348 11.9065903725075 1
48.6918837814687 13.1281253398432 1
50.8718749192445 14.3510244210286 1
53.0507964794088 15.5752461804726 1
55.2287515636267 16.8006950808441 1
57.4058640965402 18.0272267526223 1
59.5822796876614 19.2546529310976 1
61.7581667789068 20.4827465426939 1
63.9337173699887 21.7112482032512 1
66.1091468398293 22.9398739284904 1
68.2846919977763 24.1683243249181 1
70.4606062962302 25.3962957889047 1
72.6371513941175 26.6234937525445 1
74.8145850802719 27.8496473643441 1
76.9931469214304 29.0745243162243 3
79.1730443526327 30.2979440251242 3
81.3544423757278 31.5197873077482 5
83.5374589581162 32.7400012044258 4
85.7221657313231 33.9585987433943 4
87.9085910574456 35.1756545966389 4
90.096721674975 36.391297441224 2
92.2865007433474 37.605701026352 2
94.4778236464926 38.81907934377 2
96.6705355809396 40.0316861834901 2
98.8644348336627 41.2438168063931 2
101.059282871067 42.4558083584267 2
103.254819287015 43.6680346980165 2
105.450779224461 44.8808916290061 2
107.646907597604 46.0947771726343 5
109.842967761751 47.3100703040479 5
112.038746893999 48.5271079461565 5
114.234060571263 49.7461631675926 5
116.428757732969 50.9674278542243 5
118.622725431695 52.1910026365257 5
120.815891550436 53.4168957225481 3
123.008223461757 54.6450306014378 3
125.199723222019 55.8752598356986 3
34.0698196542971 57.1073811749544 3
36.2597679853758 58.3411526812485 3
38.449035465339 59.5763047293287 3
40.6377034838383 60.8125481171898 0
42.8258630283667 62.0495785428924 0
45.0136116344557 63.2870781769188 0
47.2010496005484 64.5247152048418 0
49.3882757143451 65.7621423593378 0
51.5753842508124 66.99899594318 0
53.762466139634 68.2348978957801 0
55.949616187015 69.4694649456702 0
58.1369446311207 70.7023289259586 0
60.324584280139 71.933169770242 0
62.5126784204567 73.1617572744475 0
64.7013461870763 74.3879865757801 0
66.8906405673402 75.6118901332651 0
69.0805206592397 76.8336224788301 0
71.2708493277637 78.0534289674265 0
73.4614123520909 79.271613007345 3
75.6519468143765 80.4885109964719 3
31.1818703140891 0.886464430416254 3
33.3715103005992 2.10185663569674 1
35.5603213007159 3.31703664259081 1
37.7481023091466 4.53235853497282 1
39.9347042596273 5.74815870794647 1
42.1200312125715 6.96473966605325 1
44.3040357300781 8.18235383433041 1
46.4867112554519 9.40119150948193 1
48.6680843752358 10.6213746942551 1
50.8482087457813 11.8429565867957 1
53.0271612310711 13.0659252192021 1
55.2050400347658 14.2902094023138 1
57.3819643509282 15.515685427104 1
59.558075055659 16.7421835493354 1
61.7335359062165 17.9694941550772 1
63.908534538415 19.1973747231801 1
66.0832827368631 20.4255575635241 1
68.2580151895422 21.6537583098666 1
70.4329856247171 22.8816857446632 1
72.6084593628967 24.1090531678612 1
74.7847020348964 25.3355909816572 1
76.9619656013 26.5610596122775 3
79.1404744035474 27.7852614557174 3
81.3204146956573 29.0080503861616 3
83.5019299871182 30.2293376949197 4
85.6851217475425 31.449094187687 4
87.8700520770256 32.6673491003887 4
90.0567440338055 33.8841860908504 4
92.2451773771554 35.0997374942829 4
94.4352815416405 36.3141817522285 4
96.6269305315694 37.5277435819614 2
98.8199441198005 38.7406944538916 2
101.014096958615 39.9533510877952 2
103.209133722737 41.1660699214616 2
105.404786716709 42.3792353218686 2
107.600792901327 43.5932420080149 5
109.796905762029 44.8084752769654 5
111.992901757481 46.0252888159562 5
114.188583948183 47.2439822946244 5
116.383785198251 48.4647819745182 5
118.578371843194 49.687827432212 5
120.772247111178 50.9131665252624 1
122.965352815782 52.140759022789 3
31.8370662499905 53.3704875568856 3
34.0286016788654 54.6021726215876 3
36.2193957198242 55.8355878652214 3
38.4095081374782 57.0704731426457 3
40.5990159398248 58.3065441393613 3
42.7880096000418 59.5434985225724 3
44.976589071238 60.7810192559796 0
47.1648587066826 62.0187759392175 0
49.3529208689914 63.2564250410415 0
51.5408694313801 64.4936100112721 0
53.7287860559239 65.7299627772459 0
55.9167427608272 66.9651091787441 0
58.1048119505639 68.1986821193657 0
60.2930804262931 69.4303452456844 0
62.4816565622719 70.6598265610633 0
64.6706564069456 71.8869559263043 0
66.8601685206882 73.1116915212785 0
69.0502143126201 74.3341220557615 0
71.2407239778951 75.5544454800897 0
73.4315369262111 76.772936592929 0
75.622422113651 77.9899164468394 3
77.8131064660824 79.2057311472865 3
80.0033045942031 80.4207398652828 3
35.5324450834659 0.817297031305336 1
37.7208946572712 2.03179380218395 1
39.9081688314845 3.24657976628806 1
42.0941407722455 4.46199338062315 1
44.2787385344167 5.67833115169411 1
46.4619374647279 6.8958307834954 1
48.6437510473974 8.11466015008111 1
50.824223140471 9.334913266571 1
53.0034228155498 10.5566123057894 1
55.181441687213 11.7797136152223 1
57.3583930921769 13.0041156226811 1
59.5344124726615 14.2296670366501 1
61.7096584078189 15.4561746026551 1
63.8843136501403 16.6834110955216 1
66.0585856386326 17.9111236396384 1
68.232705789308 19.1390420703385 1
70.4069264794132 20.3668878918496 1
72.5815146305814 21.5943841453061 1
74.7567413544149 22.8212660364635 3
76.9328684445523 24.0472917239667 3
79.1101342949518 25.2722523725744 3
81.2887429991166 26.495980503862 3
83.4688595157997 27.718355923549 4
85.6506106685785 28.9393091589548 4
87.8340881512563 30.1588230546402 4
90.0193483568198 31.3769325406597 4
92.206406284677 32.5937230205348 4
94.3952257428372 33.8093316451557 4
96.5857115329295 35.023949939649 4
98.7777085757439 36.2378242830462 4
100.971009623075 37.4512521782793 2
103.165369910599 38.6645740396871 2
105.360524883031 39.8781609459207 5
107.556207523566 41.0923994647467 5
109.752163095622 42.307674291442 5
111.948158188784 43.5243480810207 5
114.143985012723 44.7427399824016 5
116.339463645194 45.9631054759503 1
118.534444289439 47.1856206154584 1
120.728810079774 48.4103733253547 1
29.6018781454559 49.6373629848608 1
31.7948067845345 50.8665075993887 1
33.9869850011691 52.0976563117551 1
36.1784346173084 53.3306041221933 3
38.3692040624001 54.5651055323519 3
40.5593638851668 55.8008853997801 3
42.74900253544 57.0376465739074 3
44.9382218258437 58.2750747278134 3
47.127131197327 59.5128411972564 3
49.3158402407636 60.7506046825761 0
51.5044500185137 61.9880126150996 0
53.693045419213 63.2247031305655 0
55.8816922570281 64.4603091576253 0
58.0704424722438 65.6944671138084 0
60.2593470148482 66.9268335297396 0
62.4484710152942 68.1571108397196 0
64.6378993619125 69.3850798132132 0
66.8277205231659 70.6106312731147 0
69.0179917802091 71.8337834965096 0
71.2087030857269 73.0546762958296 0
73.3997570991925 74.2735458167151 0
75.5909720240776 75.4906924490751 4
77.7821025996143 76.7064530090818 3
79.9728684283597 77.9211834564667 3
82.1629837370814 79.1352508591501 1
84.3521847443432 80.3490298836312 1
39.8799507814974 0.744886141694257 1
42.0667201704668 1.95920953172525 1
44.2520890722679 3.17432466708344 1
46.4360082678528 4.39051655202776 1
48.6184726804761 5.60800244620742 1
50.7995119747343 6.82692271841448 1
52.9791839274694 8.04733950761641 1
55.1575708362435 9.26924151046809 1
57.3347781649061 10.4925523986932 1
59.5109345298867 11.7171405883629 1
61.6861923796991 12.9428288896109 1
63.8607288136933 14.1694040772314 1
66.034746090997 15.3966263548839 1
68.2084712542315 16.6242381869447 1
70.382153859067 17.8519729819172 1
72.5560606305234 19.0795639867594 3
74.7304662163025 20.3067533368063 3
76.9056403606872 21.53330080695 3
79.0818337058528 22.7589916308034 3
81.2592661009698 23.9836428737512 3
83.438121064713 25.2071082005437 0
85.6185468845138 26.4292814484534 0
87.800660390128 27.6500999414702 4
89.9845471820813 28.8695476677214 4
92.17025447633 30.0876582412454 4
94.3577787728352 31.3045212721944 4
96.5470552986222 32.5202893758137 4
98.7379552382967 33.735180522 4
100.930292299125 34.9494729044989 4
103.123836546427 36.1634931964613 5
105.31833190955 37.3776010071608 5
107.513513333477 38.5921732468987 5
109.709121840714 39.8075894362857 5
111.904916191739 41.0242142605033 5
114.100679194924 42.2423783645661 1
116.296220330575 43.4623591097066 1
118.491377166391 44.6843637809296 1
27.3654156313608 45.9085180518438 1
29.5594384173746 47.1348616721957 1
31.7527780430537 48.363351664343 1
33.9454038066929 49.5938715167987 1
36.1373192449241 50.8262437786554 1
38.328558866703 52.0602434646704 1
40.5191840099644 53.2956097306618 3
42.7092785199103 54.5320547542695 3
44.8989439727487 55.7692699148943 3
47.088293724552 57.0069299296167 3
49.2774450982902 58.2446957821756 3
51.4665097178957 59.4822172292254 3
53.6555833970376 60.7191356133941 0
55.8447386964016 61.9550878989897 0
58.0340241465039 63.1897134213047 0
60.2234725171292 64.4226656747991 0
62.4131156539494 65.6536317568838 0
64.6029991629135 66.8823589134629 0
66.7931852424151 68.1086841676979 0
68.9837345516382 69.3325592333215 0
71.1746730458571 70.554059331272 0
73.3659601771404 71.7733708391703 4
75.5574729687625 72.9907639070788 4
77.749010790962 74.2065616922844 4
79.9403167413828 75.4211157101025 5
82.1311060447771 76.6347924244112 5
84.3210961561341 77.8479686893622 5
86.5100346018658 79.0610297174661 1
88.6977201234813 80.2743609093328 1
44.223712017991 0.670318660383482 1
46.4085310948228 1.88525453359512 1
48.5918467481905 3.10142428655547 1
50.7736690189378 4.31901903067929 1
52.9540398020024 5.53814706867846 1
55.1330282513549 6.7588356211494 1
57.3107289138701 7.98103848075652 1
59.4872613281872 9.20464674375611 1
61.6627702362531 10.4295003333535 1
63.8374259305764 11.6553995577752 1
66.0114244563106 12.8821162354737 1
68.1849872910547 14.1094035907188 1
70.3583596441444 15.3370052916997 3
72.5318061786526 16.5646639913261 3
74.705603065853 17.7921293569243 3
76.8800261751053 19.0191651761262 3
79.0553370094488 20.2455549887115 3
81.2317700694018 21.4711059986953 3
83.4095259406907 22.6956516648938 0
85.5887717994006 23.919054087624 0
87.76964586278 25.141207771009 0
89.9522586993047 26.362045371572 0
92.136685978141 27.5815451599785 4
94.3229541178823 28.7997432736836 4
96.5110269347245 30.0167467994408 4
98.7008009750508 31.2327400706069 4
100.892111353472 32.4479797106903 4
103.084745164956 33.6627796574643 4
105.278458464915 34.8774910705963 5
107.472993302286 36.0924832661652 5
109.6680921036 37.3081293377724 5
111.86350967138 38.5247916797722 5
114.059021732964 39.7428056718968 1
116.25442908237 40.9624627315951 1
25.1289576847557 42.1839942135384 1
27.323665843431 43.4075585123589 1
29.5178368377348 44.6332336888155 1
31.7113871738205 45.8610167855064 1
33.9042670025484 47.0908293340882 1
36.096460969927 48.3225271500984 1
38.2879874845729 49.5559119664343 1
40.4788958831102 50.7907430084026 1
42.6692623936116 52.0267467422004 1
44.8591854104759 53.263624190062 3
47.0487796344636 54.5010562100759 3
49.2381684159374 55.7387074792341 3
51.4274739820644 56.9762299659841 3
53.616806226507 58.21326659336 3
55.8062522833882 59.4494557655867 3
57.9958705369263 60.6844376446755 0
60.1856926877741 61.917863590131 0
62.3757346664846 63.149410772187 0
64.5660120133409 64.3788035643775 0
66.7565526782374 65.6058394089988 0
68.947396740856 66.8304142170219 0
71.13857720554 68.0525399196597 4
73.3300894930997 69.2723455339988 4
75.5218642437567 70.490059989407 4
77.7137550223095 71.7059839187846 4
79.905544685152 72.9204609432599 4
82.0969672476027 74.1338564685267 5
84.2877367412803 75.3465480518895 5
86.4775779171912 76.5589236314074 5
88.6662540935586 77.771378287033 1
90.8535856324642 78.9843016584033 1
93.0394550268309 80.1980575621417 1
48.5635003292218 0.594948600157753 1
50.7463071971984 1.81124154525088 1
52.9275955640841 3.02908455297529 1
55.1074166344679 4.24855016070026 1
57.2858499312797 5.46962870688235 1
59.4630026676477 6.69223883036411 1
61.6390095164275 7.91624039927567 1
63.8140322897137 9.14144818845574 1
65.9882594938871 10.3676450408551 1
68.1619056957617 11.5945933492991 3
70.3352100992672 12.8220450583809 3
72.5084332135909 14.0497505017293 3
74.6818503382131 15.2774660723019 3
76.8557411602352 16.5049602978624 3
79.0303763228862 17.7320177100794 3
81.2060040716775 18.9584402807087 0
83.3828415396963 20.1840471659602 0
85.5610736843101 21.4086746384712 0
87.7408577208946 22.632178781277 0
89.9223256976236 23.8544425265748 0
92.105578064556 25.0753870252532 0
94.2906681181837 26.2949900634207 0
96.4775859567051 27.5133065337638 4
98.6662516754464 28.7304806648074 4
100.856520619279 29.9467431170668 4
103.048196955905 31.1623938494788 4
105.241050521646 32.3777773557154 5
107.43483347945 33.5932588124722 5
109.629294475139 34.8092069121661 5
111.82418945284 36.0259806446165 1
114.019290666835 37.2439160798664 1
22.8937911469624 38.4633123189739 1
25.0887134788369 39.6844174523429 1
27.2833019706153 40.9074159576786 1
29.4774299358298 42.1324196475703 1
31.6710000366697 43.3594638605063 1
33.8639464717197 44.5885093187261 1
36.0562367772322 45.8194486706802 1
38.2478726043796 47.0521158218648 1
40.4388890569759 48.2862960331598 1
42.6293519037882 49.5217355667376 1
44.8193532198413 50.7581497827542 1
47.0090058480452 51.9952293694882 1
49.1984362004374 53.2326452395938 3
51.3877749423727 54.4700528238025 3
53.5771457202106 55.707096475671 3
55.7666532919898 56.943414614476 3
57.9563739028519 58.178646223795 3
60.14635161119 59.4124395244451 0
62.3366032070968 60.6444640617904 0
64.527130737878 61.8744276622319 0
66.7179360403406 63.1020986591498 0
68.9090308372096 64.3273295764752 4
71.1004336514219 65.550077113088 4
73.2921505496962 66.7704122039608 4
75.4841479028768 67.9885143932716 4
77.6763295626609 69.2046512903603 4
79.8685277266875 70.4191506071009 4
82.060510896953 71.6323740680138 5
84.2520066885986 72.8446999129156 5
86.442731567753 74.0565168980943 5
88.6324220802018 75.268223420937 5
90.820860931372 76.4802207632061 5
93.0078905199803 77.6928976310544 1
95.1934127014182 78.9066075543841 1
97.3773801024234 80.1216442351558 1
52.8994855598463 0.520210078863418 1
55.0803581985197 1.73845228955821 1
57.2597568687364 2.95839339581444 1
59.4377721856743 4.17998611951319 1
61.6145254547114 5.40311507406818 1
63.7901676557743 6.62761228219338 1
65.9648780392432 7.85327248718022 3
68.1388627299378 9.07986658780512 3
70.3123531510134 10.3071531189181 3
72.4856033540338 11.5348879901908 3
74.6588849119769 12.7628324740804 3
76.8324782516111 13.9907589864863 3
79.0066604950614 15.2184539104036 0
81.1816920286776 16.4457170322347 0
83.3578060778059 17.672358325625 0
85.5352052876451 18.8981944974045 0
87.7140649807039 20.1230490192944 0
89.8945365166652 21.3467587561091 0
92.0767422268966 22.5691880873322 0
94.2607596196587 23.7902532068568 0
96.4466030446748 25.0099508522825 0
98.6342144576326 26.2283782350383 0
100.823467824046 27.445734115371 4
103.014183151225 28.662300952775 4
105.206143832572 29.8784161097266 3
107.399113247818 31.0944429387349 3
109.592848627994 32.3107492679402 1
111.787111359137 33.5276924506309 1
20.6610730781404 34.7456082194533 1
22.8557283041471 35.964799645856 1
25.0502895558239 37.1855257541953 1
27.2445954433682 38.4079905106247 1
29.438510466395 39.6323336015309 1
31.6319265780124 40.8586247231984 1
33.8247652369332 42.0868624275614 1
36.0169795512452 43.3169774006959 1
38.2085558875595 44.5488390331221 1
40.3995144362246 45.7822636448714 1
42.5899083328595 47.0170228545093 1
44.7798205361408 48.252851499333 1
46.9693588362531 49.4894544851649 1
49.1586492950379 50.7265124140644 1
51.3478277078455 51.9636865626941 1
53.5370289412164 53.2006239030551 3
55.7263748321474 54.4369628084455 3
57.9159625981577 55.6723399977259 3
60.1058568991844 56.9063992508178 3
62.296088799224 58.1388025762715 3
64.4866629438966 59.3692447226865 0
66.6775704773779 60.5974716870954 4
68.8688016985882 61.8233023968948 4
71.0603532152401 63.0466487042699 4
73.2522227016065 64.2675290750988 4
75.4443904080306 65.4860714270413 4
77.6367953326947 66.7025020090778 4
79.8293163527742 67.9171228033365 4
82.0217660557706 69.1302847440916 2
84.2139007302308 70.3423648333199 2
86.405444717159 71.5537526529193 5
88.5961211990348 72.7648470936067 5
90.785682689782 73.9760536030899 5
92.9739326839849 75.1877749006833 5
95.1607330839598 76.4003931402923 5
97.3459997938546 77.6142453294789 5
99.5296937388262 78.8295985362868 1
101.71181382764 80.046632059606 1
57.2320934386966 0.447419036146159 1
59.4112028064455 1.66797697573898 1
61.5889449310286 2.89021017318833 1
63.7654567516046 4.11397267274629 3
65.9409059959708 5.33907387386927 3
68.1154885715496 6.5652940485731 3
70.2894262816354 7.79239763725813 3
72.4629643418038 9.02014436016996 3
74.6363674350896 10.248298115739 3
76.8099129111924 11.4766331982158 0
78.9838804990212 12.7049369431732 0
81.1585397131506 13.9330080345442 0
83.3341384169235 15.1606508484591 0
85.510896866856 16.3876683172624 0
87.6890086538234 17.6138579860816 0
89.8686437459815 18.8390162472343 0
92.0499447142995 20.0629534400501 0
94.2330115080457 21.2855230607206 0
96.4178814854783 22.506659048921 0
98.6045175925056 23.7264049095677 0
100.792811382252 24.9449206856107 0
102.982597346124 26.1624660150272 0
105.173671185324 27.3793683482169 3
107.365806970356 28.5959893724563 3
109.558770976889 29.8126986594299 3
18.4317302510489 31.0298552531704 1
20.6256654634683 32.2477960052807 1
22.8197671054668 33.4668270019538 1
25.0138464026403 34.6872148677637 1
27.2077369524425 35.9091779379656 1
29.4012966137674 37.1328780490624 1
31.5944091232972 38.3584142434965 1
33.7869859899112 39.5858196347801 1
35.9789686375899 40.8150619317549 1
38.170330371152 42.0460472040162 1
40.3610776504488 43.2786258276694 1
42.5512502632082 44.5125993210904 1
44.7409199745656 45.7477270865928 1
46.9301867843791 46.9837329932011 1
49.1191731456755 48.2203114321393 1
51.308016366264 49.4571328003763 1
53.4968589363712 50.6938489949985 1
55.6858370090948 51.9300995660897 1
57.8750682189272 53.1655190972246 3
60.0646411849365 54.3997462659031 3
62.2546097496941 55.6324349721197 3
64.4449943611555 56.8632679484913 3
66.6357906027844 58.0919731413317 4
68.8269814104114 59.31834262304 4
71.0185472611605 60.542252119986 4
73.2104705039856 61.7636759348289 4
75.4027286313588 62.9826938584507 4
77.5952770584216 64.199487436313 4
79.7880286317684 65.4143246782375 2
81.9808385127697 66.627536695896 2
84.1735012600787 67.8394930792345 2
86.3657635418481 69.0505828817322 2
88.5573503982052 70.2612050558553 5
90.747996282877 71.47176540366 5
92.9374721262382 72.6826720525662 5
95.1256006427612 73.8943242568852 5
97.3122582664276 75.1070918616297 5
99.4973690760603 76.3212891135943 5
101.680898192963 77.5371505919337 5
103.862848906722 78.7548163819748 1
106.043263019194 79.9743295721101 3
61.5619208163149 0.377633292553968 3
63.7395423532042 1.60063327500412 3
65.915980144613 2.82514664865444 3
68.0914177034847 4.05096579884558 3
70.2660653065773 5.27786198118381 3
72.4401570453 6.50559806418075 3
74.6139475379392 7.73393873862806 0
76.7877068272366 8.96265776065145 0
78.9617123185661 10.191541254898 0
81.1362379521222 11.4203859614319 0
83.3115429155676 12.648992199245 0
85.4878637755914 13.8771535595948 0
87.6654125730368 15.1046483691999 0
89.8443782397272 16.3312396794595 0
92.0249233577032 17.5566890104237 0
94.2071698432635 18.780788647137 0
96.3911780100538 20.003406978341 0
98.5769321744593 21.2245278759128 0
100.764341657763 22.4442654807355 0
102.953254873897 23.6628499952637 0
105.143478577663 24.8805942288488 3
107.334796118907 26.0978561175883 3
16.2063803399062 27.3150076221195 3
18.3992097518697 28.5324122119952 1
20.5924661197228 29.750410837465 1
22.7859447678391 30.9693137741064 1
24.9794568647242 32.189394359611 1
27.1728332284865 33.4108823650107 1
29.3659270190395 34.6339573754628 1
31.5586157526574 35.8587429513153 1
33.7508032352783 37.0853026202527 1
35.9424216335167 38.3136384857387 1
38.1334335078717 39.5436925821276 1
40.3238334219378 40.7753504824834 1
42.513648728728 42.0084462873912 1
44.7029392076349 43.2427680708686 1
46.8917950576973 44.4780633005397 1
49.0803323870468 45.7140445538672 1
51.2686866370295 46.9503952311924 1
53.4570040864746 48.186775335336 1
55.6454313955755 49.4228279126121 1
57.8341038009417 50.6581867529689 1
60.0231335442487 51.8924858172163 1
62.2126010092319 53.1253706848124 3
64.4025511847735 54.3565121566947 3
66.5929968843317 55.5856219274386 3
68.7839276608817 56.8124698711873 4
70.9753204743463 58.0369018434167 4
73.1671471319882 59.2588553556038 4
75.359376037662 60.4783683691405 4
77.5519645574596 61.6955794627501 4
79.7448434551696 62.9107185825722 2
81.9378998562895 64.1240890843824 2
84.1309661588967 65.3360450014423 2
86.3238209515003 66.5469696637749 2
88.5162049185246 67.757261032303 2
90.7078485734871 68.9673242778001 2
92.8985010921086 70.1775680776496 5
95.0879514413375 71.388399158795 5
97.2760373036048 72.6002083579749 5
99.4626438185494 73.8133472110409 5
101.647698859071 75.0281008224167 5
103.831170637168 76.244665670695 5
106.013068779042 77.463138976977 3
108.193446176372 78.6835216751836 3
110.372398462885 79.9057321149371 3
65.8897596595597 0.311612924429674 3
68.066299353776 1.53699631660735 3
70.2419135076482 2.76365148822173 3
72.4168229512903 3.99134545384041 0
74.5912693559172 5.21984310451465 0
76.7655113116515 6.44891579078987 0
78.9398184447533 7.67834589179043 0
81.1144629971343 8.90792600827659 0
83.2897099696466 10.1374518878572 0
85.4658086660731 11.3667101982249 0
87.6429883823198 12.5954657715304 0
89.8214574027742 13.8234561846118 0
92.0013991368493 15.0504016451772 0
94.1829584198678 16.27603764998 0
96.3662199664362 17.5001667717629 0
98.5511914169928 18.722708635698 0
100.737801643707 19.9437243340188 0
102.925913795273 21.1634070816086 0
105.115345221791 22.3820487399576 0
13.9852856067264 23.5999994247119 3
16.1767186272996 24.817632058869 3
18.368823690129 26.035315609215 1
20.5613887952705 27.2533978800176 1
22.7542131626647 28.4721959242061 1
24.9471099388262 29.6919907303412 1
27.1399091970112 30.9130226860612 1
29.3324611726776 32.1354865909887 1
31.5246388303067 33.3595268206591 1
33.7163400506483 34.5852333356564 1
35.9074897235766 35.8126392797058 1
38.0980417546862 37.0417205904459 1
40.2879807652636 38.272397569526 1
42.4773231849226 39.5045379711952 1
44.6661174470012 40.7379609635954 1
46.8544430213688 41.9724413784526 1
49.0424076481174 43.2077142404429 1
51.2301420669473 44.4434800960803 1
53.4177927701596 45.6794108226151 1
55.6055128672335 46.9151561480908 1
57.7934512751317 48.1503514857003 1
59.9817411844274 49.3846275999606 1
62.1704896071021 50.6176224116214 1
64.359770335386 51.8489949726614 3
66.5496223046596 53.0784412883262 3
68.74005387211 54.305711222095 5
70.9310511853981 55.5306252868431 4
73.1225866548259 56.7530895747894 4
75.3146235370375 57.9731060721268 4
77.5071154385149 59.1907748452167 2
79.6999984532958 60.4062881206363 2
81.8931778928155 61.6199170047918 2
84.0865152595646 62.8319925804389 2
86.2798217322041 64.0428853124064 2
88.4728632345688 65.2529878920758 2
90.6653793216914 66.4627039777613 2
92.8571103112162 67.6724412262982 2
95.0478209990748 68.8826078870691 2
97.2373151665412 70.0936053578669 2
99.4254400297604 71.305810670807 5
101.612084947194 72.5195504506685 5
103.797180386864 73.7350740003656 5
105.980699937807 74.9525346260626 5
108.162663614642 76.1719851670086 3
110.343138785049 77.3933869077879 3
112.522236954625 78.6166263997099 3
114.700107498512 79.841534940763 0
70.2166300638947 0.249895515151475 3
72.3926113812963 1.47750520759976 0
74.5679770610598 2.70611862981646 0
76.742970646315 3.93550426713241 0
78.91784874141 5.16543893485293 0
81.0928751156752 6.39570858764325 0
83.268313247042 7.62610246506279 0
85.4444188917265 8.85640061829996 0
87.6214347727437 10.0863583057089 0
89.7995874299673 11.3156951430755 0
91.9790819222525 12.544099152091 0
94.1600879765458 13.7712564441738 0
96.3427176861196 14.9969065605544 0
98.5270057631609 16.2209022434178 0
100.712904313807 17.4432449020658 0
102.900293804724 18.6640825502732 0
11.7684015646533 19.8836784406658 3
13.9582289088274 21.1023690598655 3
16.1489594226583 22.3205249536824 3
18.3403771948666 23.5385198299112 3
20.5322729097136 24.7567097726908 1
22.7244482225571 25.9754212835365 1
24.9167183347893 27.1949452036242 1
27.1089139202586 28.4155332810076 1
29.3008837411176 29.6373947914644 1
31.4924975990222 30.8606927846896 1
33.6836488671079 32.0855406048163 1
35.8742567207715 33.3119992169977 1
38.0642681440884 34.540075799778 1
40.2536596184007 35.7697237997802 1
42.442438306501 37.0008443508316 1
44.6306425323092 38.2332887207451 1
46.818341368957 39.4668613617825 1
49.005633070997 40.7013232751383 1
51.1926415342604 41.9363961483501 1
53.3795104175563 43.1717677389573 1
55.5663954363003 44.407098221273 1
57.7534549166508 45.6420279151203 1
59.9408390713969 46.8761869683032 1
62.1286791769238 48.1092073659758 1
64.3170784756874 49.3407373097827 1
66.5061067967703 50.5704575540176 1
68.6958002149207 51.7980987205975 5
70.886165479803 53.0234581326399 5
73.0771869470848 54.246414385083 5
75.268832398681 55.4669376981518 2
77.4610549154239 56.6850939297862 2
79.6537908164743 57.9010404611569 2
81.8469526636954 59.1150155036158 2
84.0404193246688 60.3273226492302 2
86.2340276507871 61.5383128698945 2
88.4275706749258 62.7483674617772 2
90.6208064324455 63.9578850762238 2
92.8134783637272 65.167271695224 2
95.0053387176634 66.3769347661157 2
97.1961658835293 67.5872792598058 2
99.3857737216112 68.7986967861838 2
101.574014608816 70.0115441513679 2
103.760780838102 71.2261156219028 5
105.946007981241 72.4426182594038 4
108.129679714791 73.6611594833436 4
110.311830577552 74.8817491102294 4
112.492544041524 76.1043124669679 0
114.671946250532 77.3287091479818 0
116.850197848458 78.5547525336491 0
119.027486380255 79.782227234153 0
74.5437198531655 0.192891853468598 3
76.7197252399082 1.42253650458061 0
78.8954411000146 2.65292058818331 0
81.0711163379773 3.88382179734997 0
83.2470047964994 5.11502067828625 0
85.4233601508449 6.34628951235999 0
87.600431500557 7.57737586717697 0
89.7784595496398 8.80798756832764 0
91.9576701584087 10.037790098056 0
94.1382597622371 11.2664301126122 0
96.3203717774812 12.4935902813799 0
98.5040734370656 13.7190565504466 0
100.689345864562 14.9427652089152 0
9.55549005526583 16.1648105899607 3
11.7435520877552 17.3854184942131 0
13.9327363744023 18.6049043467528 3
16.1228311699433 19.8236311870153 3
18.3136213372744 21.0419749178196 3
20.5048975004958 22.2602997516732 1
22.6964612533343 23.4789432879166 1
24.8881279698911 24.6982087078318 1
27.0797285640836 25.9183609796128 1
29.2711111128901 27.1396244625913 1
31.4621432623118 28.3621802611932 1
33.6527149710365 29.5861633574747 1
35.8427409140338 30.8116600908855 1
38.0321625316372 32.0387063309382 1
40.2209496929416 33.2672865934006 1
42.4091018668196 34.4973341962055 1
44.5966486857255 35.7287323803822 1
46.7836498114193 36.9613161769338 1
48.9701939907675 38.1948747667685 1
51.1563969259961 39.4291543491626 1
53.3423970637699 40.663862399354 1
55.5283493651704 41.898673521691 1
57.7144174087878 43.1332368079519 1
59.9007639751351 44.3671852478294 1
62.0875407630462 45.6001476643782 1
64.2748785034119 46.8317633041898 1
66.4628791446768 48.0616986936231 1
68.6516116634066 49.2896656995887 5
70.8411121702026 50.5154391149402 5
73.0313874748591 51.7388717455364 5
75.2224198122185 52.959905012165 2
77.4141699494151 54.1785735134158 2
79.6065771046376 55.3950026622925 2
81.7995566484311 56.6093994070659 2
83.9929954766978 57.8220386060652 2
86.1867463838738 59.0332474479026 2
88.3806244926404 60.2433900723445 2
90.5744093886908 61.4528547627813 2
92.7678565321208 62.662043262151 2
94.9607164659632 63.8713615996474 2
97.1527525422339 65.0812151073243 2
99.3437528990734 66.2920021172566 2
101.533537423624 67.5040986018721 2
103.721962309877 68.717833326869 2
105.908925377663 69.933460724266 4
108.094372503777 71.1511416497385 4
110.278302301889 72.3709374640626 4
112.460766030139 73.5928174020522 4
114.641862211414 74.8166748570408 0
116.821728007277 76.0423469523311 0
119.000530170667 77.2696331968017 0
121.178457545429 78.4983111900994 0
123.355715706068 79.7281488186499 0
78.872222645646 0.140901134661477 3
81.048808617466 1.37236085895197 0
83.2254096928523 2.60428708075607 0
85.4022680658273 3.83644293591526 0
87.5796294622779 5.06856871171139 0
89.7577408313746 6.30036480874189 0
91.9368444456463 7.53148317132596 0
94.1171631326633 8.76154245751967 0
96.2988750632826 9.99017784984649 0
98.4820863558479 11.217111945018 0
7.34621338015512 12.4422125711816 3
9.5323908696025 13.6655123195266 0
11.7198796851567 14.8871898407055 0
13.9084958170916 16.107530533597 0
16.0980306323205 17.3268830260467 3
18.2882678736259 18.5456210761249 3
20.4789951849049 19.7641152099345 3
22.6700109392566 20.982714416541 1
24.8611278425909 22.2017359311566 1
27.052174865251 23.4214601887447 1
29.2429986555459 24.6421282379864 1
31.4334650667292 25.8639397978835 1
33.6234613367417 27.0870510523896 1
35.8128985303578 28.3115723778065 1
38.0017136149492 29.5375664405115 1
40.189871086874 30.7650468544581 1
42.377364091616 31.9939775300312 1
44.5642149685695 33.2242727881948 1
46.7504751836727 34.4557982055467 1
48.9362246744277 35.6883720641438 1
51.1215705235747 36.9217672963563 1
53.3066443491047 38.1557143666388 1
55.4915976718796 39.389906119059 1
57.6765956086088 40.6240045021257 1
59.8618090408178 41.8576494055978 1
62.0474054986039 43.0904701708545 1
64.2335394958216 44.3221000440609 1
66.4203435274362 45.5521933005047 1
68.6079211398115 46.780444022744 1
70.7963431518724 48.0066047521097 5
72.9856471795566 49.2305027453755 5
75.1758394188336 50.4520515864386 5
77.3668968873066 51.6712564953839 2
79.5587685615355 52.8882127272184 2
81.7513749841247 54.1030976694832 2
83.9446075137435 55.3161581679325 2
86.1383272765163 56.5276960715242 2
88.3323638614562 57.7380544555283 2
90.5265153855424 58.9476060724635 2
92.7205532271966 60.1567437882316 2
94.9142342087405 61.3658705865592 2
97.1073162713902 62.5753912896447 2
99.2995709129585 63.7857067823734 2
101.490792393366 64.9972037342671 2
103.680805296418 66.2102348194804 2
105.869472218838 67.425092848228 4
108.056701961315 68.6419873260778 4
110.24245609537 69.8610310134053 4
112.426750957529 71.0822401426425 4
114.609653833573 72.3055463105243 0
116.791274725681 73.5308147311465 0
118.971756503098 74.7578635726761 0
121.151265899645 75.9864810404099 0
123.32998661774 77.2164388434264 0
125.508114707365 78.4475017104408 0
127.685855835254 79.6794326397511 0
83.2031233625328 0.0939814295401386 3
85.3807409454841 1.32692493274221 0
87.5586396298086 2.55998462369781 0
89.7370613804566 3.79285632682097 0
91.9162557011276 5.02518602470308 0
94.0964669709682 6.25657609875312 0
96.2779085626225 7.48662611558027 0
5.14012936954143 8.71500238213808 3
7.32439580145084 9.94150396273736 0
9.51007681458368 11.1660950702586 0
11.697062087709 12.388897322936 0
13.8851827909659 13.6101558814571 0
16.0742354021922 14.8301963074103 3
18.2640019016768 16.049383997337 3
20.454264493052 17.2680921887547 3
22.6448149636134 18.4866799966187 1
24.8354598684874 19.7054792418464 1
27.0260231485804 20.9247874790499 1
29.2163476256823 22.1448644670037 1
31.4062962800864 23.3659300241862 1
33.595753675639 24.5881621695639 1
35.7846277615855 25.8116951440482 1
37.9728518091244 27.0366174978179 1
40.1603859329187 28.2629705536835 1
42.3472181021719 29.4907473320169 1
44.5333646036036 30.7198920041021 1
46.7188699384306 31.9502999665348 1
48.9038062490471 33.1818185880439 1
51.0882723781042 34.4142485036807 1
53.2723923298574 35.6473454728273 1
55.456312274976 36.8808238209231 1
57.6401958204658 38.1143622278702 1
59.8242178521397 39.3476117416972 1
62.0085569620953 40.5802065157063 1
64.193386743775 41.8117777005397 1
66.3788666640533 43.04197040771 1
68.5651335621925 44.2704628886203 1
70.7522948662717 45.4969861942169 5
72.9404242244175 46.7213419053856 5
75.129559504436 47.9434153804239 5
77.319702448395 49.1631825232679 2
79.51081916113 50.3807092450511 2
81.7028410514827 51.596144262068 2
83.8956662705636 52.8097072033173 2
86.0891619014113 54.0216746337344 2
88.2831663518743 55.2323668317413 2
90.4774909196848 56.4421373317606 2
92.6719217789031 57.6513651732795 2
94.8662260547581 58.8604465161669 2
97.0601630417378 60.0697846337635 2
99.2534958586244 61.2797814448072 2
101.446001055226 62.4908293656726 2
103.637477934231 63.7032965583736 2
105.827758361534 64.9175047760717 2
108.016716761003 66.1337048947283 4
110.204278528964 67.3520578931809 4
112.390424181587 68.5726277004517 4
114.575187537617 69.7953870942878 4
116.7586486086 71.0202329436265 0
118.940923683101 72.2470052429116 0
121.122155306125 73.4755053876209 0
123.302503938725 74.705511188613 0
125.482142014198 75.936787719916 0
127.661250460122 77.1690937324447 0
129.840017579222 78.4021832451034 0
132.018640231277 79.6358015875178 0
87.5370264650287 0.0516638035054278 3
89.716002446171 1.28548641107922 0
91.8955107072654 2.51890375606967 0
94.0758059461544 3.75151289458269 0
2.93652968355707 4.98289101143767 3
5.11908097552473 6.21265848280951 0
7.30297466966753 7.44054902545203 0
9.48823091451721 8.66645443800407 0
11.6747777096229 9.89043030736559 0
13.8624699847278 11.1126707694428 0
16.0511143866631 12.3334681798041 0
18.2404927252674 13.5531714584136 3
20.4303805984048 14.7721510023762 3
22.6205602691482 15.990773011425 3
24.8108284139877 17.2093829505919 1
27.0010002059536 18.4282960905957 1
29.1909113704411 19.647792443306 1
31.3804194615142 20.8681138099379 1
33.569404997738 22.0894615718691 1
35.7577726192624 23.3119946795792 1
37.945452292437 24.5358277372929 1
40.1324004912475 25.7610292927209 1
42.3186009614904 26.9876205111637 1
44.5040649894536 28.2155742611837 1
46.6888312390683 29.444814754196 1
48.8729651714181 30.6752178323725 1
51.0565582188596 31.9066118514468 1
53.2397267930192 33.1387789725898 1
55.4226106091335 34.3714573512041 1
57.6053695166913 35.604345654694 1
59.7881789597429 36.8371100843485 1
61.971224098873 38.0693940736023 1
64.1546925324237 39.3008312148327 1
66.3387658613685 40.5310615580956 1
68.5236106892461 41.7597506795432 1
70.7093698970999 42.9866099772185 1
72.8961550558359 44.2114158025316 5
75.0840405932008 45.4340246548371 5
77.2730599889626 46.6543820362035 5
79.4632041081267 47.8725236868008 2
81.6544218253013 49.0885695095768 2
83.8466229644984 50.30271208649 2
86.0396829595412 51.5152027746917 2
88.2334479288864 52.7263385262005 2
90.4277387438226 53.9364516845257 2
92.6223533267743 55.1459034874762 2
94.8170693862919 56.3550783467314 2
97.0116510186008 57.5643749433798 2
99.2058585818729 58.7741954483854 2
101.399457995548 59.9849360179474 2
103.592230239467 61.1969751615211 2
105.783982231828 62.4106557386963 2
107.974558232486 63.6262619883769 4
110.163849957362 64.8439977000409 4
112.351802857091 66.0639728566816 4
114.538416562205 67.2862028175595 4
116.723739472447 68.5106189242649 0
118.907859469391 69.7370858305399 0
121.090893461487 70.9654203315503 0
123.272977925892 72.195407997669 0
125.454261631406 73.426815786025 0
127.634901008351 74.6594000015099 0
129.815058350853 75.8929093766705 0
131.994903008748 77.1270829845637 0
134.174615592134 78.3616427596683 0
136.354394477756 79.596281386966 0
