x  	  y  	  stackinginfo
      0.0000000000	      0.0000000000	0
      2.1316303771	      1.3191392639	0
      4.2640193602	      2.6370404546	0
      6.3979190444	      3.9523483328	0
      8.5340098858	      5.2638453734	0
     10.6728513195	      6.5705515717	4
     12.8148449346	      7.8717890773	4
     14.9602094615	      9.1672130615	4
     17.1089734681	     10.4568082083	2
     19.2609928149	     11.7408471439	2
     21.4159904178	     13.0198179397	2
     23.5736061840	     14.2943399367	2
     25.7334434209	     15.5650882231	2
     27.8951033075	     16.8327387008	2
     30.0582055033	     18.0979358586	2
     32.2223970276	     19.3612793893	2
     34.3873528548	     20.6233239980	2
     36.5527714865	     21.8845871882	2
     38.7183679244	     23.1455611623	2
     40.8838657808	     24.4067260243	2
     43.0489897529	     25.6685622444	2
     45.2134595405	     26.9315605211	2
     47.3769865076	     28.1962267596	2
     49.5392747274	     29.4630792169	2
     51.7000280764	     30.7326347479	2
     53.8589641886	     32.0053827479	2
     56.0158366618	     33.2817458593	2
     58.1704682572	     34.5620236206	2
     60.3227910134	     35.8463243918	2
     62.4728839385	     37.1345015784	2
     64.6209974486	     38.4261118103	2
     66.7675548269	     39.7204109731	2
     68.9131257017	     41.0163966646	5
     71.0583734865	     42.3128948554	5
     73.2039854164	     43.6086776374	1
     75.3505982252	     44.9025910765	1
     77.4987335738	     46.1936694961	1
     79.6487548848	     47.4812157667	1
     81.8008518038	     48.7648357028	1
     83.9550514398	     50.0444261976	1
     86.1112491049	     51.3201276592	1
     88.2692477695	     52.5922578743	1
     90.4287954180	     53.8612454985	1
     92.5896125248	     55.1275780945	1
     94.7514105783	     56.3917663375	1
     96.9139034672	     57.6543206528	1
     99.0768120722	     58.9157399325	1
    101.2398635636	     60.1765104216	1
    103.4027872430	     61.4371117600	1
    105.5653085212	     62.6980274001	1
    107.7271421999	     63.9597573582	1
    109.8879863047	     65.2228314220	1
    112.0475179353	     66.4878205618	1
    114.2053931233	     67.7553434486	1
    116.3612533158	     69.0260638113	1
    118.5147414278	     70.3006733233	1
    120.6655295098	     71.5798545724	1
    122.8133571578	     72.8642214065	3
    124.9580749173	     74.1542406403	3
    127.0996822804	     75.4501489076	3
    129.2383498249	     76.7518849807	0
    131.3744213751	     78.0590541683	0
    133.5083990083	     79.3709296643	0
    135.6409133358	     80.6864891173	3
     91.1123782064	      1.1864764276	0
     93.2441476988	      2.5055502141	0
     95.3766941058	      3.8243018232	3
      4.1901889768	      5.1413531479	0
      6.3265557363	      6.4554126952	0
      8.4658019691	      7.7653739484	0
     10.6083792850	      9.0703954010	4
     12.7545489785	     10.3699470245	4
     14.9043672887	     11.6638241625	4
     17.0576972841	     12.9521261083	2
     19.2142477157	     14.2352007472	2
     21.3736272915	     15.5135684770	2
     23.5353984375	     16.7878448788	2
     25.6991191272	     18.0586775592	2
     27.8643689773	     19.3267036972	2
     30.0307613584	     20.5925273888	2
     32.1979453280	     21.8567123208	2
     34.3656012334	     23.1197847563	2
     36.5334329906	     24.3822425496	2
     38.7011590782	     25.6445669987	2
     40.8685036749	     26.9072351742	2
     43.0351890174	     28.1707308224	2
     45.2009300546	     29.4355518461	2
     47.3654328065	     30.7022117211	2
     49.5283980673	     31.9712315909	2
     51.6895317444	     33.2431203836	2
     53.8485625620	     34.5183422434	2
     56.0052697397	     35.7972688495	2
     58.1595208743	     37.0801151186	2
     60.3113125672	     38.3668706033	2
     62.4608034167	     39.6572440903	2
     64.6083285526	     40.9506387971	2
     66.7543877903	     42.2461711830	5
     68.8996056120	     43.5427367872	5
     71.0446683656	     44.8391151798	5
     73.1902499189	     46.1340963447	1
     75.3369399115	     47.4266053057	1
     77.4851880990	     48.7158020334	1
     79.6352742372	     50.0011397557	1
     81.7873063978	     51.2823753020	1
     83.9412433982	     52.5595370099	1
     86.0969315976	     53.8328649941	1
     88.2541448605	     55.1027421194	1
     90.4126175425	     56.3696333926	1
     92.5720670702	     57.6340426899	1
     94.7322088807	     58.8964832752	1
     96.8927642462	     60.1574607039	1
     99.0534620948	     61.4174670464	1
    101.2140367785	     62.6769837305	1
    103.3742235765	     63.9364901240	1
    105.5337532995	     65.1964755420	1
    107.6923471015	     66.4574528142	1
    109.8497128262	     67.7199714152	1
    112.0055445434	     68.9846276326	1
    114.1595273438	     70.2520682291	1
    116.3113496977	     71.5229828010	1
    118.4607251342	     72.7980792259	1
    120.6074229690	     74.0780376280	1
    122.7513043472	     75.3634420569	3
    124.8923560436	     76.6546969105	3
    127.0307135090	     77.9519448386	3
    129.1666684204	     79.2550067271	0
    131.3006618609	     80.5633580338	3
     86.7729645822	      1.0581335324	0
     88.9048478018	      2.3742288640	0
     91.0367415129	      3.6923197483	0
     93.1694125558	      5.0110082911	0
     95.3036433607	      6.3288931328	0
     97.4401851921	      7.6446354013	3
      6.2590931434	      8.9570377956	0
      8.4020755308	     10.2651286208	4
     10.5488426948	     11.5682216392	4
     12.6994901210	     12.8659433052	4
     14.8539019384	     14.1582262613	2
     17.0117864765	     15.4452695997	2
     19.1727323851	     16.7274745110	2
     21.3362682712	     18.0053714048	2
     23.5019115701	     19.2795542885	2
     25.6692008937	     20.5506314973	2
     27.8377126867	     21.8191948498	2
     30.0070657256	     23.0858050632	2
     32.1769176568	     24.3509891783	2
     34.3469570992	     25.6152457621	2
     36.5168938451	     26.8790544762	2
     38.6864488287	     28.1428874446	2
     40.8553449992	     29.4072203498	2
     43.0233001156	     30.6725413406	2
     45.1900226914	     31.9393555406	2
     47.3552125682	     33.2081821947	2
     49.5185676467	     34.4795411596	2
     51.6797977771	     35.7539265999	2
     53.8386471071	     37.0317671643	2
     55.9949275996	     38.3133689935	2
     58.1485600588	     39.5988461880	2
     60.2996131432	     40.8880555848	2
     62.4483292410	     42.1805538607	2
     64.5951271127	     43.4755930571	2
     66.7405759615	     44.7721633961	5
     68.8853426820	     46.0690811089	5
     71.0301209567	     47.3651079355	1
     73.1755554967	     48.6590809663	1
     75.3221759566	     49.9500286763	1
     77.4703526545	     51.2372522274	1
     79.6202806813	     52.5203598085	1
     81.7719916221	     53.7992536887	1
     83.9253851694	     55.0740810509	1
     86.0802694147	     56.3451662788	1
     88.2363987578	     57.6129434988	1
     90.3935013415	     58.8779045189	1
     92.5512975401	     60.1405627693	1
     94.7095111275	     61.4014300489	1
     96.8678739620	     62.6610054405	1
     99.0261259851	     63.9197742450	1
    101.1840123439	     65.1782140553	1
    103.3412791932	     66.4368053086	1
    105.4976693963	     67.6960443517	1
    107.6529193787	     68.9564572012	1
    109.8067584939	     70.2186119198	1
    111.9589124592	     71.4831267800	1
    114.1091125918	     72.7506702117	1
    116.2571123371	     74.0219473820	1
    118.4027113118	     75.2976681612	1
    120.5457844075	     76.5784934657	3
    122.6863103881	     77.8649614134	3
    124.8243937057	     79.1574016033	3
    126.9602754098	     80.4558559477	3
     82.4340326591	      0.9420147792	0
     84.5667722501	      2.2512516459	0
     86.6988079211	      3.5645862621	0
     88.8308362553	      4.8808027794	0
     90.9636099062	      6.1985347417	0
     93.0979121150	      7.5163643295	0
     95.2345146688	      8.8329097237	0
     97.3741164414	     10.1469035872	0
     99.5172788754	     11.4572713735	3
      8.3437714820	     12.7631978154	4
     10.4949451716	     14.0641653282	4
     12.6501198759	     15.3599581994	4
     14.8090208065	     16.6506341187	2
     16.9712323959	     17.9364704104	2
     19.1362616577	     19.2178982899	2
     21.3035926588	     20.4954395366	2
     23.4727254136	     21.7696543628	2
     25.6431983062	     23.0411050380	2
     27.8145964871	     24.3103352222	2
     29.9865503860	     25.5778620171	2
     32.1587283951	     26.8441769466	2
     34.3308267869	     28.1097525581	2
     36.5025588916	     29.3750520516	2
     38.6736448401	     30.6405398695	2
     40.8438028425	     31.9066913420	2
     43.0127429784	     33.1739993065	2
     45.1801648363	     34.4429751166	2
     47.3457606851	     35.7141407824	2
     49.5092256474	     36.9880092457	2
     51.6702756957	     38.2650513048	2
     53.8286756707	     39.5456473583	2
     55.9842780846	     40.8300216419	2
     58.1370654916	     42.1181710056	2
     60.2871855042	     43.4098072031	2
     62.4349670162	     44.7043306075	2
     64.5809091935	     46.0008487169	5
     66.7256411779	     47.2982431507	5
     68.8698579712	     48.5952769687	5
     71.0142440990	     49.8907241457	1
     73.1593997556	     51.1834973188	1
     75.3057835510	     52.4727500367	1
     77.4536818236	     53.7579359327	1
     79.6032075956	     55.0388181901	1
     81.7543243803	     56.3154352730	1
     83.9068843948	     57.5880385768	1
     86.0606697432	     58.8570211996	1
     88.2154253433	     60.1228567170	1
     90.3708811800	     61.3860555340	1
     92.5267669670	     62.6471350618	1
     94.6828200844	     63.9066027346	1
     96.8387879762	     65.1649504563	1
     98.9944268642	     66.4226575228	1
    101.1494986535	     67.6801991100	1
    103.3037673986	     68.9380581771	1
    105.4569965492	     70.1967389785	1
    107.6089481373	     71.4567803994	1
    109.7593850981	     72.7187669193	1
    111.9080779653	     73.9833340955	1
    114.0548170240	     75.2511642453	1
    116.1994302969	     76.5229670898	1
    118.3418061647	     77.7994407799	5
    120.4819170150	     79.0812122475	3
    122.6198387125	     80.3687605597	3
     78.0954622196	      0.8443191735	4
     80.2297015780	      2.1438465554	4
     82.3626894082	      3.4489126033	0
     84.4949727440	      4.7587466767	0
     86.6271981607	      6.0722746154	0
     88.7600905943	      7.3882042434	0
     90.8944253286	      8.7051291759	0
     93.0309865178	     10.0216335141	0
     95.1705087181	     11.3363865457	0
     97.3136091966	     12.6482257475	3
     99.4607252771	     13.9562263625	3
    101.6120704006	     15.2597475111	3
     10.4470191659	     16.5584455712	4
     12.6065361180	     17.8522531893	5
     14.7696191167	     19.1413323201	2
     16.9357700980	     20.4260145146	2
     19.1044517741	     21.7067416203	2
     21.2751326306	     22.9840138437	2
     23.4473156525	     24.2583506306	2
     25.6205516005	     25.5302659312	2
     27.7944406095	     26.8002559465	2
     29.9686264282	     28.0687962570	2
     32.1427867968	     29.3363453291	2
     34.3166223699	     30.6033519544	2
     36.4898457223	     31.8702646697	2
     38.6621714810	     33.1375414136	2
     40.8333084963	     34.4056575355	2
     43.0029551217	     35.6751098372	2
     45.1707990305	     36.9464136442	2
     47.3365234066	     38.2200893004	2
     49.4998210034	     39.4966355166	2
     51.6604170961	     40.7764888824	2
     53.8181037748	     42.0599661618	2
     55.9727828569	     43.3471919501	2
     58.1245074875	     44.6380297216	2
     60.2735103906	     45.9320361177	2
     62.4202078618	     47.2284550878	2
     64.5651737284	     48.5262611173	5
     66.7090850799	     49.8242493594	5
     68.8526488971	     51.1211588284	1
     70.9965235772	     52.4158065339	1
     73.1412506571	     53.7072073853	1
     75.2872095422	     54.9946578602	1
     77.4346021702	     56.2777704589	1
     79.5834664460	     57.5564587215	1
     81.7337097695	     58.8308847617	1
     83.8851512437	     60.1013880294	1
     86.0375598401	     61.3684160542	1
     88.1906810785	     62.6324719467	1
     90.3442554664	     63.8940774485	1
     92.4980298040	     65.1537495167	1
     94.6517620252	     66.4119895929	1
     96.8052215228	     67.6692827516	1
     98.9581871144	     68.9261036022	1
    101.1104441531	     70.1829265281	1
    103.2617820217	     71.4402383258	1
    105.4119930635	     72.6985515785	1
    107.5608738852	     73.9584170059	1
    109.7082299158	     75.2204324612	1
    111.8538839779	     76.4852452522	1
    113.9976892050	     77.7535433095	5
    116.1395457458	     79.0260301327	5
    118.2794192997	     80.3033797896	5
     73.7570574052	      0.7681612246	4
     75.8932044568	      2.0568064817	4
     78.0278063362	      3.3514549477	4
     80.1612190175	      4.6519282637	4
     82.2939112618	      5.9576845953	4
     84.4264627372	      7.2678346036	0
     86.5595523610	      8.5812061863	0
     88.6939334299	      9.8964435971	0
     90.8303927598	     11.2121207908	0
     92.9696934752	     12.5268529181	3
     95.1125059797	     13.8393950076	3
     97.2593382662	     15.1487216004	3
     99.4104808963	     16.4540809273	3
    101.5659817000	     17.7550161700	3
    103.7256586944	     19.0513513709	5
     12.5685455023	     20.3431480565	5
     14.7353613447	     21.6306479920	5
     16.9049622607	     22.9142166399	2
     19.0767969946	     24.1942923208	2
     21.2503402543	     25.4713460683	2
     23.4251113895	     26.7458546053	2
     25.6006799896	     28.0182852543	2
     27.7766626496	     29.2890901601	2
     29.9527146584	     30.5587071533	2
     32.1285193421	     31.8275650300	2
     34.3037768570	     33.0960914878	2
     36.4781936097	     34.3647222040	2
     38.6514732164	     35.6339094717	2
     40.8233099602	     36.9041283969	2
     42.9933859964	     38.1758780086	2
     45.1613739519	     39.4496738854	2
     47.3269467565	     40.7260284417	2
     49.4897961379	     42.0054168164	2
     51.6496614752	     43.2882278362	2
     53.8063703175	     44.5746968129	2
     55.9598837432	     45.8648300660	2
     58.1103345186	     47.1583427229	2
     60.2580454466	     48.4546296560	2
     62.4035186943	     49.7527832315	5
     64.5473939855	     51.0516617856	5
     66.6903816601	     52.3500005033	5
     68.8331830636	     53.6465457824	1
     70.9764138911	     54.9401881460	1
     73.1205454154	     56.2300686053	1
     75.2658740657	     57.5156396349	1
     77.4125222017	     58.7966736140	1
     79.5604641518	     60.0732253060	1
     81.7095668733	     61.3455650230	1
     83.8596319786	     62.6141039811	1
     86.0104278342	     63.8793320142	1
     88.1617119416	     65.1417727746	1
     90.3132455145	     66.4019533257	1
     92.4648007866	     67.6603874177	1
     94.6161630091	     68.9175701655	1
     96.7671294698	     70.1739808301	1
     98.9175071656	     71.4300909713	1
    101.0671104431	     72.6863757814	1
    103.2157596157	     73.9433268883	1
    105.3632813248	     75.2014651044	1
    107.5095112830	     76.4613513514	1
    109.6542999046	     77.7235933047	5
    111.7975210848	     78.9888442790	5
    113.9390839155	     80.2577898291	5
     69.4186457366	      0.7131056882	5
     71.5568286619	      1.9914539573	5
     73.6934275578	      3.2753460911	4
     75.8286226910	      4.5651094219	4
     77.9626894490	      5.8607899288	4
     80.0960097158	      7.1620867294	4
     82.2290811727	      8.4683300293	4
     84.3625172525	      9.7785137850	4
     86.4970304698	     11.0913779242	0
     88.6333954778	     12.4055218238	3
     90.7723933685	     13.7195269095	3
     92.9147418126	     15.0320729764	3
     95.0610201784	     16.3420355241	3
     97.2116046060	     17.6485541886	3
     99.3666299603	     18.9510647792	3
    101.5259904700	     20.2492922685	5
    103.6893782166	     21.5432110593	5
    105.8563443178	     22.8329870548	5
     14.7057585553	     24.1189204297	5
     16.8782684275	     25.4013947889	5
     19.0527300870	     26.6808359583	2
     21.2286385085	     27.9576833639	2
     23.4055361241	     29.2323731647	2
     25.5830128815	     30.5053306149	2
     27.7607000255	     31.7769690724	2
     29.9382605551	     33.0476935587	2
     32.1153783826	     34.3179072877	2
     34.2917475334	     35.5880198839	2
     36.4670623505	     36.8584560348	2
     38.6410096024	     38.1296630084	2
     40.8132636068	     39.4021148092	2
     42.9834858790	     40.6763099093	2
     45.1513312092	     41.9527587951	2
     47.3164619759	     43.2319574919	2
     49.4785718540	     44.5143456561	2
     51.6374213707	     45.8002477857	2
     53.7928838227	     47.0897978928	2
     55.9449907530	     48.3828652570	2
     58.0939633135	     49.6790040433	2
     60.2402173650	     50.9774453296	2
     62.3843361817	     52.2771405782	5
     64.5270131395	     53.5768543889	5
     66.6689745864	     54.8752923263	1
     68.8108980125	     56.1712408148	1
     70.9533417387	     57.4636926390	1
     73.0966995253	     58.7519344476	1
     75.2411869471	     60.0355820482	1
     77.3868571137	     61.3145632127	1
     79.5336368857	     62.5890605408	1
     81.6813706452	     63.8594352993	1
     83.8298583270	     65.1261556636	1
     85.9788818712	     66.3897430521	1
     88.1282228404	     67.6507341248	1
     90.2776722056	     68.9096571806	1
     92.4270340916	     70.1670215040	1
     94.5761258834	     71.4233163762	1
     96.7247764447	     72.6790166993	1
     98.8728238815	     73.9345926782	1
    101.0201138599	     75.1905216630	1
    103.1664991516	     76.4473006778	1
    105.3118408755	     77.7054581960	5
    107.4560117653	     78.9655633484	5
    109.5989016436	     80.2282299772	5
     65.0801244136	      0.6761003028	5
     67.2202301615	      1.9458732867	5
     69.3589118853	      3.2201992207	2
     71.4962189560	      4.4996711830	2
     73.6322669111	      5.7847433093	2
     75.7672498206	      7.0756486314	4
     77.9014573709	      8.3723149194	4
     80.0352936489	      9.6743081697	4
     82.1692890449	     10.9808266315	4
     84.3040949016	     12.2907532151	4
     86.4404544539	     13.6027561586	3
     88.5791509342	     14.9154154678	3
     90.7209382854	     16.2273524079	3
     92.8664627641	     17.5373466255	3
     95.0161896279	     18.8444252061	3
     97.1703524032	     20.1479121407	1
     99.3289392543	     21.4474331760	1
    101.4917197587	     22.7428810409	1
    103.6583005698	     24.0343566479	5
    105.8281866484	     25.3221076464	5
    108.0008358663	     26.6064750853	5
     16.8551015739	     27.8878496995	5
     19.0316679081	     29.1666409133	5
     21.2094556242	     30.4432582254	2
     23.3880319693	     31.7181022654	2
     25.5670056331	     32.9915626621	2
     27.7460189080	     34.2640204976	2
     29.9247377496	     35.5358537895	2
     32.1028412320	     36.8074448802	2
     34.2800114438	     38.0791887625	2
     36.4559247110	     39.3515011896	2
     38.6302451472	     40.6248248908	2
     40.8026218921	     41.8996313324	2
     42.9726918778	     43.1764144775	2
     45.1400902659	     44.4556725065	2
     47.3044701444	     45.7378740972	2
     49.4655325686	     47.0234083399	2
     51.6230691753	     48.3125157644	2
     53.7770116823	     49.6052078950	2
     55.9274742312	     50.9011993305	2
     58.0747739535	     52.1998745976	2
     60.2194196370	     53.5003049524	5
     62.3620668210	     54.8013181480	5
     64.5034466761	     56.1016127829	5
     66.6442825506	     57.3998979618	1
     68.7852108705	     58.6950324176	1
     70.9267219155	     59.9861364790	1
     73.0691309012	     61.2726562718	1
     75.2125808328	     62.5543720704	1
     77.3570711379	     63.8313570422	1
     79.5025007726	     65.1039046913	1
     81.6487112636	     66.3724498705	1
     83.7955175564	     67.6375051454	1
     85.9427283425	     68.8996145414	1
     88.0901582488	     70.1593221622	1
     90.2376334090	     71.4171551434	1
     92.3849927534	     72.6736180430	1
     94.5320868459	     73.9291953700	1
     96.6787758439	     75.1843592488	1
     98.8249276328	     76.4395800088	1
    100.9704167570	     77.6953381150	5
    103.1151245114	     78.9521361339	5
    105.2589403984	     80.2105093224	5
     60.7414644092	      0.6530213276	5
     62.8832141004	      1.9163118640	5
     65.0238266445	      3.1830184734	2
     67.1632689761	      4.4537999032	2
     69.3015462651	      5.7292832033	2
     71.4387124128	      7.0100044700	2
     73.5748826078	      8.2963361386	2
     75.7102532075	      9.5884015639	2
     77.8451277732	     10.8859952938	2
     79.9799400405	     12.1885406149	4
     82.1152612871	     13.4951043104	4
     84.2517823283	     14.8044708903	4
     86.3902686177	     16.1152603753	3
     88.5314938802	     17.4260645730	3
     90.6761604369	     18.7355797336	3
     92.8248195642	     20.0427182682	1
     94.9778091434	     21.3466819308	1
     97.1352248262	     22.6469862024	1
     99.2969321364	     23.9434367854	1
    101.4626128209	     25.2360720402	1
    103.6318248438	     26.5250954654	1
    105.8040577502	     27.8108171230	5
    107.9787794260	     29.0936054732	5
    110.1554699469	     30.3738521024	5
     19.0130396980	     31.6519501429	5
     21.1922432591	     32.9282836527	5
     23.3720698520	     34.2032245591	2
     25.5521436646	     35.4771344686	2
     27.7321137197	     36.7503695450	2
     29.9116439798	     38.0232873145	2
     32.0904033129	     39.2962545871	2
     34.2680562278	     40.5696556776	2
     36.4442553071	     41.8438997557	2
     38.6186365500	     43.1194254233	2
     40.7908193291	     44.3966995327	2
     42.9604131758	     45.6762061958	2
     45.1270336432	     46.9584218842	2
     47.2903283605	     48.2437741301	2
     49.4500146432	     49.5325827859	2
     51.6059286817	     50.8249819818	2
     53.7580756480	     52.1208393793	2
     55.9066644640	     53.4197002088	2
     58.0521132597	     54.7207764919	2
     60.1950191960	     56.0229908727	5
     62.3360965977	     57.3250712850	5
     64.4760955093	     58.6256824931	1
     66.6157171352	     59.9235714387	1
     68.7555429381	     61.2176990569	1
     70.8959906290	     62.5073331976	1
     73.0373022846	     63.7920867542	1
     75.1795624515	     65.0718989834	1
     77.3227377547	     66.3469730916	1
     79.4667225456	     67.6176945163	1
     81.6113742824	     68.8845569709	1
     83.7565363119	     70.1481070499	1
     85.9020522132	     71.4089042992	1
     88.0477732582	     72.6674965291	1
     90.1935610434	     73.9244084669	1
     92.3392871197	     75.1801403966	1
     94.4848313395	     76.4351733154	1
     96.6300800322	     77.6899779636	5
     98.7749246121	     78.9450258947	5
    100.9192609155	     80.2008012395	5
     56.4026887384	      0.6398003452	5
     58.5457155624	      1.8985874605	5
     60.6879547128	      3.1597303173	2
     62.8293312167	      4.4238446867	2
     64.9697859267	      5.6915697759	2
     67.1092825350	      6.9635396056	2
     69.2478174300	      8.2403360688	2
     71.3854321573	      9.5224262789	2
     73.5222331942	     10.8100855212	2
     75.6584222103	     12.1033098439	2
     77.7943281420	     13.4017464811	2
     79.9304271781	     14.7046713075	4
     82.0673378290	     16.0110277895	4
     84.2057861454	     17.3195225587	5
     86.3465451820	     18.6287569897	3
     88.4903566873	     19.9373694256	1
     90.6378477009	     21.2441652537	1
     92.7894586344	     22.5482159232	1
     94.9453997242	     23.8489096738	1
     97.1056466458	     25.1459481465	1
     99.2699736819	     26.4392977187	1
    101.4380092304	     27.7291176766	1
    103.6092918644	     29.0156927877	1
    105.7833184614	     30.2993795330	1
    107.9595817952	     31.5805645113	5
    110.1375947395	     32.8596377172	5
    112.3169022373	     34.1369788202	5
     21.1764825739	     35.4129525967	5
     23.3571500859	     36.6879100951	5
     25.5379390732	     37.9621931854	2
     27.7185008768	     39.2361410735	2
     29.8984926842	     40.5100979349	2
     32.0775680717	     41.7844210297	2
     34.2553686701	     43.0594885165	2
     36.4315180499	     44.3357056629	2
     38.6056193576	     45.6135072263	2
     40.7772588395	     46.8933525301	2
     42.9460178174	     48.1757087538	2
     45.1114951669	     49.4610186900	2
     47.2733407847	     50.7496517464	2
     49.4313016005	     52.0418362115	2
     51.5852755825	     53.3375755375	2
     53.7353579722	     54.6365737094	2
     55.8818630908	     55.9381971873	2
     58.0253106588	     57.2414903266	5
     60.1663760976	     58.5452463264	5
     62.3058145562	     59.8481232531	5
     64.4443744861	     61.1487869251	1
     66.5827180572	     62.4460552804	1
     68.7213634721	     63.7390167251	1
     70.8606576685	     65.0271000430	1
     73.0007816486	     66.3100846443	1
     75.1417831757	     67.5880562363	1
     77.2836216364	     68.8613290378	1
     79.4262071685	     70.1303633606	1
     81.5694258999	     71.3956999324	1
     83.7131559780	     72.6579108420	1
     85.8572768953	     73.9175659224	1
     88.0016736682	     75.1752142423	1
     90.1462375400	     76.4313777492	1
     92.2908650311	     77.6865531878	5
     94.4354564952	     78.9412191457	5
     96.5799147858	     80.1958459986	5
     52.0638436292	      0.6328956126	5
     54.2077497121	      1.8888792356	5
     56.3512386787	      3.1462982921	2
     58.4942182096	      4.4056985852	2
     60.6365985970	      5.6676614934	2
     62.7782953030	      6.9327984307	2
     64.9192338581	      8.2017326889	2
     67.0593583112	      9.4750646626	2
     69.1986434377	     10.7533199844	2
     71.3371131904	     12.0368827939	2
     73.4748716082	     13.3259128057	2
     75.6121410286	     14.6202615049	2
     77.7492931399	     15.9194194712	2
     79.8868577628	     17.2225184901	2
     82.0255007044	     18.5283954313	5
     84.1659721674	     19.8357062325	5
     86.3090327205	     21.1430673861	1
     88.4553689141	     22.4491986362	1
     90.6055143884	     23.7530435663	1
     92.7597933681	     25.0538491004	1
     94.9182995605	     26.3511898430	1
     97.0809135151	     27.6449382567	1
     99.2473489336	     28.9351973740	1
    101.4172083623	     30.2222238740	1
    103.5900324331	     31.5063653903	1
    105.7653399424	     32.7880123241	1
    107.9426562821	     34.0675637045	1
    110.1215296025	     35.3454081270	5
    112.3015370366	     36.6219162070	5
    114.4822839329	     37.8974404247	5
     23.3427971018	     39.1723192243	5
     25.5239230025	     40.4468833892	5
     27.7047095254	     41.7214635670	5
     29.8848025816	     42.9963982786	2
     32.0638357240	     44.2720418319	2
     34.2414228830	     45.5487712833	2
     36.4171540920	     46.8269909077	2
     38.5905961778	     48.1071315431	2
     40.7613010310	     49.3896408373	2
     42.9288242022	     50.6749597343	2
     45.0927551256	     51.9634824618	2
     47.2527591030	     53.2554998062	2
     49.4086314358	     54.5511231434	2
     51.5603523498	     55.8502010251	2
     53.7081235039	     57.1522579912	2
     55.8523711629	     58.4564800643	2
     57.9937109261	     59.7617578606	5
     60.1328803686	     61.0667820184	5
     62.2706542754	     62.3701750798	1
     64.4077598576	     63.6706390432	1
     66.5448079875	     64.9670922633	1
     68.6822514546	     66.2587695566	1
     70.8203761440	     67.5452659068	1
     72.9593233707	     68.8265187013	1
     75.0991301429	     70.1027425361	1
     77.2397697392	     71.3743437481	1
     79.3811795362	     72.6418438230	1
     81.5232781345	     73.9058206841	1
     83.6659763210	     75.1668651035	1
     85.8091829864	     76.4255533592	1
     87.9528072714	     77.6824343717	5
     90.0967587545	     78.9380273099	5
     92.2409468525	     80.1928259890	5
     47.7249793612	      0.6292957165	5
     49.8693642885	      1.8839303273	5
     52.0137052000	      3.1391939891	2
     54.1579031792	      4.3955787323	2
     56.3018556499	      5.6536023227	2
     58.4454562566	      6.9138142767	2
     60.5885957592	      8.1767957173	2
     62.7311650689	      9.4431493471	2
     64.8730619129	     10.7134753345	2
     67.0142021268	     11.9883305145	2
     69.1545368779	     13.2681718619	2
     71.2940814291	     14.5532833596	2
     73.4329558760	     15.8436900433	2
     75.5714244785	     17.1390856504	2
     77.7099172180	     18.4388026381	2
     79.8490216915	     19.7418409957	5
     81.9894434296	     21.0469548931	5
     84.1319393897	     22.3527815346	1
     86.2772354816	     23.6579874566	1
     88.4259434326	     24.9614051588	1
     90.5784936747	     26.2621373437	1
     92.7350986924	     27.5596119668	1
     94.8957535391	     28.8535797195	1
     97.0602691585	     30.1440623809	1
     99.2283239215	     31.4312748123	1
    101.3995144548	     32.7155501727	1
    103.5733973761	     33.9972834865	1
    105.7495211379	     35.2768897888	1
    107.9274463719	     36.5547774022	1
    110.1067557413	     37.8313352666	1
    112.2870559329	     39.1069300673	5
    114.4679743489	     40.3819092096	5
    116.6491524898	     41.6566068859	5
     25.5096359458	     42.9313515790	5
     27.6902711150	     44.2064740729	5
     29.8700868805	     45.4823153778	5
     32.0486924337	     46.7592339472	2
     34.2256698565	     48.0376111455	2
     36.4005723453	     49.3178530975	2
     38.5729290872	     50.6003858197	2
     40.7422598295	     51.8856392913	2
     42.9081016093	     53.1740161537	2
     45.0700476214	     54.4658439926	2
     47.2277985567	     55.7613108712	2
     49.3812222920	     57.0603845787	2
     51.5304032757	     58.3627375353	2
     53.6756624026	     59.6677063033	2
     55.8175373852	     60.9743044585	5
     57.9567263370	     62.2812920498	5
     60.0940076963	     63.5872901620	5
     62.2301537650	     64.8909218734	1
     64.3658543707	     66.1909577824	1
     66.5016631790	     67.4864402136	1
     68.6379745082	     68.7767611262	1
     70.7750326663	     70.0616779510	1
     72.9129639810	     71.3412710935	1
     75.0518152290	     72.6158646357	1
     77.1915834188	     73.8859411012	1
     79.3322336468	     75.1520721311	1
     81.4737111430	     76.4148645181	1
     83.6159489821	     77.6749223421	5
     85.7588720792	     78.9328256766	5
     87.9023990594	     80.1891223422	5
     43.3861424240	      0.6263170279	5
     45.5306114628	      1.8809240743	5
     47.6754082646	      3.1354074467	2
     49.8204299475	      4.3902383394	2
     51.9655672906	      5.6458950823	2
     54.1107037789	      6.9028737869	2
     56.2557146875	      8.1616966290	2
     58.4004668210	      9.4229156077	2
     60.5448200358	     10.6871086740	2
     62.6886320957	     11.9548643430	2
     64.8317683944	     13.2267512595	2
     66.9741179592	     14.5032716352	2
     69.1156190219	     15.7847988522	2
     71.2562987069	     17.0714974485	2
     73.3963171498	     18.3632416515	2
     75.5359994008	     19.6595614676	2
     77.6758413635	     20.9596386153	2
     79.8164842060	     22.2623609730	5
     81.9586587163	     23.5664291931	5
     84.1031080590	     24.8704958954	1
     86.2505032349	     26.1733106053	1
     88.4013678473	     27.4738436039	1
     90.5560276081	     28.7713682066	1
     92.7145942894	     30.0654891542	1
     94.8769841109	     31.3561158952	1
     97.0429606033	     32.6433955243	1
     99.2121854268	     33.9276315624	1
    101.3842623662	     35.2092156274	1
    103.5587716519	     36.4885775000	1
    105.7352941321	     37.7661501108	1
    107.9134249525	     39.0423495665	1
    110.0927785678	     40.3175676174	1
    112.2729875748	     41.5921722580	1
    114.4536974860	     42.8665128785	5
    116.6345590038	     44.1409275901	5
    118.8152189295	     45.4157513135	5
     27.6747091139	     46.6913238011	5
     29.8538434554	     47.9679969737	5
     32.0316014701	     49.2461407918	2
     34.2075303459	     50.5261463358	2
     36.3811452118	     51.8084238076	2
     38.5519397902	     53.0933919313	2
     40.7194090906	     54.3814543898	2
     42.8830854263	     55.6729602587	2
     45.0425866090	     56.9681489637	2
     47.1976761560	     58.2670789398	2
     49.3483222732	     59.5695493580	2
     51.4947333156	     60.8750420344	2
     53.6373547314	     62.1827073146	4
     55.7768255940	     63.4914048094	4
     57.9139056161	     64.7997947928	3
     60.0493899633	     66.1064649655	3
     62.1840289590	     67.4100734418	1
     64.3184656780	     68.7094867075	1
     66.4531998911	     70.0038868432	1
     68.5885833578	     71.2928242179	1
     70.7248406695	     72.5762072375	1
     72.8621016697	     73.8542409886	1
     75.0004307846	     75.1273413292	1
     77.1398455377	     76.3960544761	1
     79.2803288779	     77.6609926250	1
     81.4218384223	     78.9227844763	5
     83.5643126435	     80.1820433258	5
     39.0473743756	      0.6213392855	5
     41.1915363643	      1.8772412353	5
     43.3363993858	      3.1322505157	5
     45.4818561261	      4.3868554204	2
     47.6277909963	      5.6415302498	2
     49.7740798399	      6.8967470171	2
     51.9205889959	      8.1529869478	2
     54.0671740234	      9.4107504391	2
     56.2136786982	     10.6705637082	2
     58.3599353601	     11.9329795696	2
     60.5057681072	     13.1985689692	2
     62.6510006188	     14.4678995676	2
     64.7954704967	     15.7414987739	2
     66.9390518027	     17.0198013888	2
     69.0816910657	     18.3030793689	2
     71.2234525018	     19.5913598830	2
     73.3645569868	     20.8843563582	2
     75.5054007181	     22.1814371501	2
     77.6465446872	     23.4816478337	5
     79.7886724920	     24.7837897129	5
     81.9325217216	     26.0865424686	1
     84.0788014387	     27.3886077715	1
     86.2281118339	     28.6888463498	1
     88.3808819579	     29.9863833144	1
     90.5373376596	     31.2806650717	1
     92.6975041226	     32.5714615080	1
     94.8612371933	     33.8588197188	1
     97.0282702821	     35.1429883489	1
     99.1982608687	     36.4243392247	1
    101.3708273899	     37.7033071740	1
    103.5455766266	     38.9803466465	1
    105.7221212085	     40.2559035636	1
    107.9000879745	     41.5304012061	1
    110.0791192596	     42.8042367645	1
    112.2588692922	     44.0777845181	1
    114.4389974131	     45.3514024881	1
    116.6191593618	     46.6254405094	5
    118.7989975902	     47.9002484662	5
    120.9781315248	     49.1761838616	5
     29.8355473836	     50.4536179636	5
     32.0119981975	     51.7329394732	5
     34.1863936456	     53.0145539970	2
     36.3582130057	     54.2988765937	2
     38.5269220707	     55.5863136687	2
     40.6920056191	     56.8772305916	2
     42.8530130418	     58.1719042284	2
     45.0096165294	     59.4704607351	2
     47.1616754894	     60.7728018327	2
     49.3092850559	     62.0785388111	4
     51.4527893532	     63.3869588779	4
     53.5927525368	     64.6970397952	4
     55.7298952180	     66.0075151394	3
     57.8650130468	     67.3169808695	3
     59.9988953780	     68.6240269649	3
     62.1322575455	     69.9273765978	3
     64.2656948079	     71.2260122099	1
     66.3996643480	     72.5192619069	1
     68.5344932607	     73.8068272870	1
     70.6704018009	     75.0887517609	1
     72.8075286202	     76.3653471193	1
     74.9459490112	     77.6371067406	1
     77.0856869485	     78.9046299015	5
     79.2267251509	     80.1685609049	5
     34.7087129172	      0.6115330433	5
     36.8521758026	      1.8701883985	5
     38.9967174979	      3.1270964126	5
     41.1422270069	      4.3827991305	2
     43.2885812147	      5.6378052763	2
     45.4356467385	      6.8925999399	2
     47.5832804765	      8.1476562371	2
     49.7313290423	      9.4034474429	2
     51.8796274474	     10.6604582635	2
     54.0279976518	     11.9191937058	2
     56.1762480039	     13.1801834258	2
     58.3241749638	     14.4439787053	2
     60.4715689522	     15.7111385598	2
     62.6182265170	     16.9822016488	2
     64.7639701552	     18.2576430792	2
     66.9086794185	     19.5378147542	2
     69.0523338321	     20.8228689483	2
     71.1950557138	     22.1126821522	2
     73.3371392354	     23.4068036728	2
     75.4790544003	     24.7044491882	2
     77.6214197792	     26.0045491690	5
     79.7649454935	     27.3058483006	5
     81.9103562445	     28.6070387248	1
     84.0583092529	     29.9069017290	1
     86.2093232045	     31.2044309805	1
     88.3637318350	     32.4989151900	1
     90.5216698994	     33.7899687126	1
     92.6830906126	     35.0775103167	1
     94.8478050171	     36.3617026405	1
     97.0155288294	     37.6428740553	1
     99.1859229672	     38.9214474439	1
    101.3586238535	     40.1978881687	1
    103.5332645617	     41.4726673817	1
    105.7094867618	     42.7462403477	1
    107.8869448735	     44.0190373389	1
    110.0653044420	     45.2914634577	1
    112.2442365765	     46.5639037759	1
    114.4234098385	     47.8367310359	1
    116.6024806156	     49.1103141040	1
    118.7810828933	     50.3850259753	5
    120.9588184795	     51.6612503902	5
    123.1352491475	     52.9393860317	5
     31.9892913431	     54.2198468505	5
     34.1616255367	     55.5030563238	5
     36.3311012503	     56.7894325962	2
     38.4971713181	     58.0793611375	2
     40.6593331815	     59.3731532669	2
     42.8171844483	     60.6709912150	2
     44.9704890705	     61.9728605770	2
     47.1192353328	     63.2784836240	4
     49.2636637378	     64.5872746517	4
     51.4042531343	     65.8983350181	4
     53.5416684637	     67.2104946162	4
     55.6766853485	     68.5223952444	3
     57.8101100215	     69.8326046993	3
     59.9427092356	     71.1397470460	3
     62.0751577196	     72.4426339649	3
     64.2080091921	     73.7403748670	3
     66.3416914679	     75.0324415945	1
     68.4765185120	     76.3186745822	1
     70.6127083591	     77.5992356376	1
     72.7503983969	     78.8745280797	5
     74.8896566425	     80.1451110146	5
     30.3701910425	      0.5936155859	5
     32.5125625809	      1.8567339847	5
     34.6563917767	      3.1171102547	2
     36.8015707992	      4.3753648831	2
     38.9479707099	      5.6320754122	2
     41.0954473458	      6.8877783726	2
     43.2438450733	      8.1429772361	2
     45.3929985451	      9.3981536408	2
     47.5427327686	     10.6537799252	2
     49.6928619481	     11.9103314562	2
     51.8431877682	     13.1682972821	2
     53.9934980988	     14.4281872998	2
     56.1435674117	     15.6905335440	2
     58.2931606988	     16.9558824674	2
     60.4420431612	     18.2247747235	2
     62.5899973034	     19.4977104038	2
     64.7368490272	     20.7750992899	2
     66.8825058386	     22.0571932370	2
     69.0270006269	     23.3440091438	2
     71.1705281637	     24.6352646392	2
     73.3134618006	     25.9303481019	2
     75.4563413864	     27.2283381475	5
     77.5998300325	     28.5280762739	5
     79.7446460010	     29.8282826006	1
     81.8914825002	     31.1276936934	1
     84.0409310395	     32.4251962285	1
     86.1934231049	     33.7199315305	1
     88.3492004667	     35.0113532958	1
     90.5083172014	     36.2992330592	1
     92.6706680657	     37.5836197967	1
     94.8360316577	     38.8647705053	1
     97.0041143081	     40.1430743660	1
     99.1745843911	     41.4189909661	1
    101.3470967851	     42.6930058801	1
    103.5213085706	     43.9656007041	1
    105.6968864368	     45.2372372791	1
    107.8735074931	     46.5083528630	1
    110.0508553218	     47.7793626522	1
    112.2286127984	     49.0506664792	1
    114.4064528286	     50.3226572783	1
    116.5840279411	     51.5957296509	1
    118.7609597248	     52.8702872782	1
    120.9368294519	     54.1467479851	1
    123.1111718889	     55.4255450085	5
    125.2834751964	     56.7071224829	5
     34.1325891710	     57.9919225009	5
     36.2991547593	     59.2803607757	5
     38.4620340139	     60.5727890246	2
     40.6207689291	     61.8694448335	4
     42.7750455969	     63.1703895737	4
     44.9247579612	     64.4754434246	4
     47.0700475150	     65.7841357983	4
     49.2113038628	     67.0956879403	4
     51.3491250566	     68.4090364288	4
     53.4842500462	     69.7228958889	0
     55.6174816258	     71.0358526240	3
     57.7496160713	     72.3464792950	3
     59.8813875720	     73.6534599097	3
     62.0134316855	     74.9557097781	3
     64.1462690725	     76.2524681695	3
     66.2803056051	     77.5433430385	3
     68.4158408154	     78.8283000413	5
     70.5530772924	     80.1076048887	5
     26.0318287879	      0.5637281315	5
     28.1727319410	      1.8333074477	5
     30.3154541189	      3.0990084200	2
     32.4599100183	      4.3615171674	2
     34.6059749559	      5.6214940369	2
     36.7534969893	      6.8795564864	2
     38.9023062089	      8.1362752731	2
     41.0522209198	      9.3921794371	2
     43.2030509276	     10.6477664127	2
     45.3545984167	     11.9035146011	2
     47.5066570504	     13.1598964963	2
     49.6590100549	     14.4173908008	2
     51.8114282705	     15.6764918822	2
     53.9636693696	     16.9377145377	2
     56.1154799277	     18.2015913318	2
     58.2666025532	     19.4686591648	2
     60.4167899742	     20.7394323197	2
     62.5658265440	     22.0143614838	2
     64.7135606736	     23.2937760099	2
     66.8599470312	     24.5778108495	2
     69.0050873567	     25.8663355229	2
     71.1492573523	     27.1589064227	2
     73.2929089180	     28.4547605587	2
     75.4366418639	     29.7528605986	5
     77.5811474289	     31.0519883441	5
     79.7271334629	     32.3508714145	1
     81.8752456666	     33.6483196027	1
     84.0260001214	     34.9433451132	1
     86.1797395273	     36.2352449562	1
     88.3366196025	     37.5236332780	1
     90.4966243705	     38.8084244150	1
     92.6596017775	     40.0897782004	1
     94.8253073180	     41.3680266898	1
     96.9934431718	     42.6436042081	1
     99.1636867233	     43.9169952778	1
    101.3357099566	     45.1886974532	1
    103.5091905016	     46.4591979157	1
    105.6838153489	     47.7289629917	1
    107.8592789879	     48.9984370213	1
    110.0352775842	     50.2680471868	1
    112.2115004745	     51.5382115299	1
    114.3876199853	     52.8093480030	1
    116.5632805296	     54.0818829242	1
    118.7380881838	     55.3562573864	1
    120.9116025486	     56.6329300099	1
    123.0833335980	     57.9123740014	1
    125.2527472177	     59.1950659376	5
    127.4192836090	     60.4814634286	5
     36.2617899355	     61.7719696726	5
     38.4209757016	     63.0668855034	4
     40.5758676195	     64.3663501723	4
     42.7262820826	     65.6702784196	4
     44.8722719031	     66.9783082196	4
     47.0141395841	     68.2897754380	4
     49.1524107881	     69.6037250532	0
     51.2877763630	     70.9189590303	0
     53.4210194697	     72.2341128958	0
     55.5529457884	     73.5477516837	0
     57.6843275282	     74.8584804057	3
     59.8158635542	     76.1650611209	3
     61.9481546406	     77.4665205054	3
     64.0816919669	     78.7622257423	3
     66.2168548444	     80.0519119646	5
     21.6936115252	      0.5176465013	5
     23.8327257142	      1.7958098338	5
     25.9739595511	      3.0689403937	2
     28.1172884410	      4.3376978613	2
     30.2626177176	      5.6027841247	2
     32.4098016557	      6.8648938683	2
     34.5586607160	      8.1246851743	2
     36.7089950471	      9.3827673465	2
     38.8605936355	     10.6397010857	2
     41.0132394081	     11.8960063663	2
     43.1667110252	     13.1521744198	2
     45.3207822433	     14.4086812858	2
     47.4752197805	     15.6660010757	2
     49.6297807109	     16.9246173096	2
     51.7842105423	     18.1850305285	2
     53.9382435265	     19.4477598093	2
     56.0916072714	     20.7133351160	2
     58.2440334831	     21.9822775069	2
     60.3952754752	     23.2550658913	2
     62.5451348956	     24.5320887933	2
     64.6935002344	     25.8135785344	2
     66.8403890676	     27.0995385954	2
     68.9859822924	     28.3896838353	2
     71.1306389318	     29.6834127749	2
     73.2748829067	     30.9798262331	5
     75.4193601625	     32.2777960231	5
     77.5647724553	     33.5760748934	5
     79.7118000685	     34.8734284565	1
     81.8610283674	     36.1687643661	1
     84.0128920429	     37.4612347307	1
     86.1676464486	     38.7502944284	1
     88.3253685123	     40.0357091463	1
     90.4859822591	     41.3175197237	1
     92.6492984732	     42.5959780287	1
     94.8150563722	     43.8714742132	1
     96.9829570664	     45.1444751143	1
     99.1526869703	     46.4154807612	1
    101.3239328064	     47.6849942793	1
    103.4963887398	     48.9535047717	1
    105.6697570899	     50.2214815623	1
    107.8437443205	     51.4893763050	1
    110.0180537342	     52.7576298502	1
    112.1923759759	     54.0266814306	1
    114.3663783094	     55.2969781656	1
    116.5396937550	     56.5689831595	1
    118.7119116591	     57.8431803807	1
    120.8825721077	     59.1200741101	1
    123.0511676518	     60.4001801960	1
    125.2171565823	     61.6840060383	1
    127.3799913483	     62.9720169366	5
    129.5391633414	     64.2645886870	5
     38.3736623756	     65.5619483813	3
     40.5244494535	     66.8641112334	4
     42.6709014448	     68.1708261857	4
     44.8132406543	     69.4815441880	0
     46.9519195357	     70.7954195549	0
     49.0875741791	     72.1113472639	0
     51.2209572785	     73.4280297749	0
     53.3528682876	     74.7440593181	0
     55.4840973613	     76.0580087784	0
     57.6153864623	     77.3685352367	0
     59.7474007124	     78.6744901773	3
     61.8807065702	     79.9750156444	3
     17.3554574614	      0.4515923336	3
     19.4925886345	      1.7400983122	4
     21.6320103884	      3.0227040904	2
     23.7738136289	      4.2998478295	2
     25.9179806934	      5.5721364688	2
     28.0644053878	      6.8402633155	2
     30.2129173638	      8.1049436330	2
     32.3633053600	      9.3668709179	2
     34.5153357759	     10.6266935290	2
     36.6687653803	     11.8850076471	2
     38.8233485151	     13.1423612508	2
     40.9788398642	     14.3992644810	2
     43.1349940216	     15.6562030022	2
     45.2915630448	     16.9136519974	2
     47.4482931358	     18.1720889872	2
     49.6049215913	     19.4320037764	2
     51.7611754396	     20.6939034463	2
     53.9167735550	     21.9583096598	2
     56.0714339826	     23.2257452727	2
     58.2248878699	     24.4967080912	2
     60.3769012828	     25.7716310623	2
     62.5273085022	     27.0508254631	2
     64.6760532221	     28.3344107634	2
     66.8232272856	     29.6222478153	2
     68.9690957308	     30.9138943609	2
     71.1140977863	     32.2085998149	5
     73.2588186751	     33.5053485188	5
     75.4039346613	     34.8029490678	5
     77.5501407287	     36.1001557477	1
     79.6980746068	     37.3958000103	1
     81.8482516430	     38.6889073821	1
     84.0010222539	     39.9787788197	1
     86.1565579596	     41.2650244361	1
     88.3148647108	     42.5475495577	1
     90.4758157159	     43.8265045414	1
     92.6391925074	     45.1022157293	1
     94.8047228436	     46.3751170004	1
     96.9721084868	     47.6456975137	1
     99.1410440981	     48.9144655035	1
    101.3112283628	     50.1819248887	1
    103.4823678948	     51.4485640975	1
    105.6541755035	     52.7148545704	1
    107.8263644998	     53.9812557233	1
    109.9986403256	     55.2482236376	1
    112.1706905210	     56.5162212842	1
    114.3421740574	     57.7857283201	1
    116.5127113871	     59.0572484825	1
    118.6818772680	     60.3313122254	1
    120.8491994263	     61.6084716169	1
    123.0141670485	     62.8892839932	1
    125.1762530986	     64.1742812422	1
    127.3349535441	     65.4639231822	3
    129.4898437466	     66.7585370927	3
    131.6406433072	     68.0582514072	3
     40.4666711377	     69.3629367886	3
     42.6092826849	     70.6721682009	0
     44.7482582616	     71.9852169646	0
     46.8841752001	     73.3010770101	0
     49.0177486066	     74.6185249247	0
     51.1497619626	     75.9362004130	0
     53.2810078057	     77.2526841062	0
     55.4122517526	     78.5665772156	0
     57.5442062522	     79.8766018890	0
     13.0172005579	      0.3636968923	3
     15.1523578103	      1.6631471565	4
     17.2897732587	      2.9565571224	4
     19.4297060580	      4.2438954640	4
     21.5722758436	      5.5254388670	2
     23.7174720674	      6.8016953629	2
     25.8651759245	      8.0733155637	2
     28.0151898335	      9.3410124306	2
     30.1672673016	     10.6055018192	2
     32.3211374865	     11.8674658377	2
     34.4765221620	     13.1275360621	2
     36.6331453769	     14.3862914789	2
     38.7907372750	     15.6442657331	2
     40.9490337897	     16.9019593338	2
     43.1077737583	     18.1598537481	2
     45.2666947920	     19.4184252126	2
     47.4255290889	     20.6781565069	2
     49.5840004222	     21.9395448394	2
     51.7418238155	     23.2031033855	2
     53.8987097179	     24.4693535134	2
     56.0543745418	     25.7388050740	2
     58.2085584146	     27.0119238739	2
     60.3610526979	     28.2890841153	2
     62.5117380455	     29.5705040488	2
     64.6606250170	     30.8561764902	2
     66.8078867472	     32.1458122027	2
     68.9538725762	     33.4388141961	2
     71.0990946853	     34.7342962972	5
     73.2441863417	     36.0311495548	5
     75.3898376975	     37.3281483296	5
     77.5367208240	     38.6240779327	1
     79.6854182741	     39.9178602027	1
     81.8363684976	     41.2086538623	1
     83.9898371697	     42.4959127816	1
     86.1459168855	     43.7793958665	1
     88.3045505797	     45.0591342864	1
     90.4655689899	     46.3353710604	1
     92.6287308910	     47.6084911766	1
     94.7937560027	     48.8789604395	1
     96.9603476804	     50.1472820622	1
     99.1282077946	     51.4139669380	1
    101.2970443468	     52.6795165130	1
    103.4665726723	     53.9444169785	1
    105.6365117856	     55.2091416397	1
    107.8065774914	     56.4741584015	1
    109.9764734645	     57.7399400629	1
    112.1458813184	     59.0069753992	1
    114.3144508594	     60.2757789834	1
    116.4817922300	     61.5468973605	1
    118.6474725026	     62.8209085135	1
    120.8110202289	     64.0984108145	1
    122.9719421563	     65.3799972875	1
    125.1297561760	     66.6662121903	1
    127.2840413786	     67.9574904679	3
    129.4344987566	     69.2540872371	3
    131.5810081412	     70.5560112091	3
    133.7236646495	     71.8629777240	0
     42.5421835552	     73.1743911832	3
     44.6782840899	     74.4893594520	0
     46.8120350037	     75.8067422864	0
     48.9441968901	     77.1252322695	0
     51.0755556107	     78.4434409299	0
     53.2068850070	     79.7599588337	0
      8.6786280160	      0.2554161785	3
     10.8120671196	      1.5646372179	0
     12.9474834681	      2.8686716343	4
     15.0853310379	      4.1669065539	4
     17.2259165278	      5.4590814164	4
     19.3693895748	      6.7452739089	2
     21.5157480946	      8.0258458717	2
     23.6648608626	      9.3013613028	2
     25.8165018486	     10.5724980026	2
     27.9703868968	     11.8399725015	2
     30.1262049287	     13.1044880967	2
     32.2836399616	     14.3667061190	2
     34.4423837428	     15.6272356433	2
     36.6021408104	     16.8866358039	2
     38.7626282982	     18.1454255049	2
     40.9235725010	     19.4040966934	2
     43.0847038300	     20.6631284886	2
     45.2457514063	     21.9230002178	2
     47.4064384197	     23.1842015652	2
     49.5664796051	     24.4472376390	2
     51.7255826361	     25.7126261512	2
     53.8834553561	     26.9808838095	2
     56.0398199099	     28.2525003210	2
     58.1944349265	     29.5278991308	2
     60.3471287889	     30.8073811501	2
     62.4978397932	     32.0910564296	2
     64.6466537784	     33.3787797817	2
     66.7938282658	     34.6701083938	2
     68.9397932534	     35.9642975225	5
     71.0851237949	     37.2603429985	5
     73.2304865724	     38.5570683106	5
     75.3765693775	     39.8532429736	1
     77.5240067108	     41.1477109683	1
     79.6733155998	     42.4395054157	1
     81.8248531371	     43.7279290095	1
     83.9788017262	     45.0125883235	1
     86.1351809693	     46.2933816656	1
     88.2938788037	     47.5704511646	1
     90.4546912186	     48.8441163040	1
     92.6173596331	     50.1148069802	1
     94.7815983342	     51.3830113757	1
     96.9471129656	     52.6492400398	1
     99.1136117704	     53.9140023887	1
    101.2808099973	     55.1777954342	1
    103.4484287745	     56.4411026160	1
    105.6161900928	     57.7043995068	1
    107.7838093150	     58.9681634971	1
    109.9509863567	     60.2328854610	1
    112.1173966767	     61.4990814071	1
    114.2826834954	     62.7673019032	1
    116.4464533520	     64.0381363032	1
    118.6082779899	     65.3122079162	1
    120.7677065848	     66.5901554265	1
    122.9242922822	     67.8725960500	1
    125.0776347022	     69.1600686099	3
    127.2274343604	     70.4529610243	3
    129.3735474087	     71.7514351798	3
    131.5160251093	     73.0553671826	0
    133.6551272504	     74.3643168185	0
    135.7913094185	     75.6775296346	0
     44.6045879556	     76.9939709578	3
     46.7368935823	     78.3123959134	0
     48.8683976966	     79.6314474387	0
      4.3395726972	      0.1317208990	3
      6.4717818205	      1.4478493736	0
      8.6054457432	      2.7605200250	0
     10.7411987740	      4.0686328135	0
     12.8795490896	      5.3713733561	4
     15.0208505551	      6.6682600107	4
     17.1652853215	      7.9591557342	2
     19.3128634253	      9.2442410259	2
     21.4634439477	     10.5239498355	2
     23.6167731144	     11.7988842526	2
     25.7725280174	     13.0697302908	2
     27.9303551951	     14.3371915259	2
     30.0898983663	     15.6019466413	2
     32.2508145953	     16.8646286944	2
     34.4127809812	     18.1258204898	2
     36.5754947295	     19.3860602123	2
     38.7386691514	     20.6458526877	2
     40.9020276102	     21.9056829746	2
     43.0652968370	     23.1660299127	2
     45.2282007609	     24.4273778109	2
     47.3904561163	     25.6902243238	2
     49.5517713489	     26.9550819475	2
     51.7118506425	     28.2224700461	2
     53.8704045300	     29.4928950500	2
     56.0271676387	     30.7668181936	2
     58.1819263115	     32.0446081149	2
     60.3345562144	     33.3264771198	2
     62.4850623875	     34.6124130839	2
     64.6336114464	     35.9021243506	2
     66.7805451618	     37.1950151112	2
     68.9263676993	     38.4902041419	5
     71.0717049883	     39.7865903357	5
     73.2172418136	     41.0829571444	5
     75.3636479188	     42.3780982962	1
     77.5115071353	     43.6709417104	1
     79.6612627459	     44.9606488442	1
     81.8131881952	     46.2466728020	1
     83.9673857868	     47.5287689231	1
     86.1238090007	     48.8069632612	1
     88.2822989958	     50.0814935043	1
     90.4426242947	     51.3527404820	1
     92.6045135807	     52.6211675865	1
     94.7676782250	     53.8872775308	1
     96.9318271549	     55.1515828389	1
     99.0966746818	     56.4145885362	1
    101.2619420799	     57.6767862828	1
    103.4273546136	     58.9386571535	1
    105.5926356798	     60.2006799881	1
    107.7574993793	     61.4633428740	1
    109.9216425802	     62.7271558524	1
    112.0847377567	     63.9926627198	1
    114.2464283929	     65.2604494126	1
    116.4063294945	     66.5311453374	1
    118.5640364548	     67.8054129842	1
    120.7191458056	     69.0839204443	1
    122.8712899591	     70.3672927324	1
    125.0201838475	     71.6560426200	3
    127.1656749468	     72.9504903242	3
    129.3077833280	     74.2506898864	3
    131.4467204524	     75.5563809176	0
    133.5828844110	     76.8669747744	0
    135.7168361652	     78.1815739890	0
    137.8492589363	     79.4990255572	0
