x  	  y  	  stackinginfo
      0.0000000000	      0.0000000000	2
      2.1341629768	      1.3148186825	2
      4.2692192824	      2.6280745301	2
      6.4057724979	      3.9386895828	2
      8.5443564773	      5.2457271947	2
     10.6854044962	      6.5484475561	2
     12.8292216202	      7.8463504138	5
     14.9759652700	      9.1391983601	5
     17.1256405709	     10.4270142646	5
     19.2781144856	     11.7100501134	1
     21.4331458087	     12.9887335060	1
     23.5904224269	     14.2636053139	1
     25.7495965549	     15.5352623596	1
     27.9103119550	     16.8043138042	1
     30.0722213339	     18.0713536377	1
     32.2349949985	     19.3369473104	1
     34.3983230155	     20.6016287861	1
     36.5619132650	     21.8659041413	1
     38.7254873828	     23.1302584251	1
     40.8887762401	     24.3951630959	1
     43.0515163333	     25.6610816431	1
     45.2134480944	     26.9284715604	1
     47.3743171133	     28.1977811529	1
     49.5338800321	     29.4694381815	1
     51.6919160079	     30.7438282916	1
     53.8482427184	     32.0212649841	1
     56.0027363018	     33.3019538777	1
     58.1553545580	     34.5859530266	1
     60.3061588179	     35.8731370154	1
     62.4553287831	     37.1631735097	1
     64.6031661740	     38.4555187784	1
     66.7500845574	     39.7494356290	3
     68.8965844505	     41.0440347087	3
     71.0432148933	     42.3383377760	3
     73.1905253622	     43.6313579655	0
     75.3390145704	     44.9221874000	0
     77.4890843131	     46.2100787359	0
     79.6410063519	     47.4945064776	0
     81.7949081149	     48.7751971052	0
     83.9507787887	     50.0521239883	0
     86.1084921407	     51.3254719090	0
     88.2678384106	     52.5955832559	0
     90.4285568505	     53.8629005360	0
     92.5903621380	     55.1279178255	0
     94.7529631675	     56.3911454245	0
     96.9160741513	     57.6530876723	0
     99.0794182337	     58.9142337001	0
    101.2427257080	     60.1750585081	0
    103.4057293834	     61.4360302620	0
    105.5681590398	     62.6976204029	0
    107.7297361061	     63.9603144274	0
    109.8901695614	     65.2246217926	0
    112.0491543301	     66.4910829504	0
    114.2063738052	     67.7602708173	0
    116.3615085473	     69.0327830875	0
    118.5142533122	     70.3092210515	0
    120.6643436717	     71.5901508184	0
    122.8115910099	     72.8760455011	4
    124.9559206171	     74.1672132166	4
    127.0974036715	     75.4637246968	4
    129.2362732486	     76.7653607203	2
    131.3729189824	     78.0715965768	2
    133.5078622653	     79.3816280453	2
    135.6417186052	     80.6944308843	2
     91.1148536399	      1.1908300140	2
     93.2485477789	      2.5056328013	2
     95.3831692432	      3.8196335560	2
      4.1987542749	      5.1317099023	2
      6.3370820723	      6.4408538656	2
      8.4780314865	      7.7462243929	2
     10.6219544528	      9.0471957420	5
     12.7690490345	     10.3433895221	5
     14.9193484734	     11.6346846855	5
     17.0727306897	     12.9212007596	1
     19.2289473072	     14.2032560740	1
     21.3876639047	     15.4813110532	1
     23.5485006630	     16.7559101188	1
     25.7110653230	     18.0276329711	1
     27.8749751852	     19.2970602862	1
     30.0398687255	     20.5647538849	1
     32.2054092216	     21.8312486036	1
     34.3712830962	     23.0970523339	1
     36.5371953695	     24.3626508737	1
     38.7028640918	     25.6285147420	1
     40.8680152396	     26.8951055114	1
     43.0323793409	     28.1628793962	1
     45.1956907886	     29.4322865179	1
     47.3576911266	     30.7037639392	1
     49.5181376899	     31.9777194200	1
     51.6768174797	     33.2545052227	1
     53.8335652474	     34.5343847448	1
     55.9882859657	     35.8174938374	1
     58.1409788953	     37.1038012897	1
     60.2917571851	     38.3930783972	1
     62.4408579556	     39.6848844020	1
     64.5886394912	     40.9785730471	3
     66.7355637016	     42.2733224075	3
     68.8821639081	     43.5681877252	3
     71.0290004371	     44.8621742085	0
     73.1766093302	     46.1543225599	0
     75.3254517968	     47.4437954710	0
     77.4758728822	     48.7299508105	0
     79.6280766812	     50.0123883660	0
     81.7821221388	     51.2909621850	0
     83.9379383536	     52.5657588879	0
     86.0953532106	     53.8370509060	0
     88.2541273115	     55.1052384766	0
     90.4139846730	     56.3707953283	0
     92.5746359023	     57.6342267629	0
     94.7357934259	     58.8960411253	0
     96.8971785466	     60.1567346713	0
     99.0585219694	     61.4167881017	0
    101.2195605675	     62.6766711773	0
    103.3800327283	     63.9368517363	0
    105.5396737803	     65.1978064626	0
    107.6982123513	     66.4600317692	0
    109.8553687175	     67.7240530589	0
    112.0108564625	     68.9904300855	0
    114.1643890479	     70.2597553287	0
    116.3156930195	     71.5326413463	0
    118.4645290885	     72.8096926034	0
    120.6107207594	     74.0914583827	0
    122.7541873194	     75.3783672926	4
    124.8949746229	     76.6706517410	4
    127.0332753602	     77.9682797349	2
    129.1694323876	     79.2709147389	2
    131.3039239023	     80.5779168270	2
     86.7770332290	      1.0703729208	2
     88.9100125592	      2.3832150907	2
     91.0432424337	      3.6972367455	2
     93.1774084309	      5.0112227904	2
     95.3131768023	      6.3240087753	2
     97.4511624566	      7.6345309940	2
      6.2712902012	      8.9418700748	2
      8.4151636321	     10.2452978502	2
     10.5624249994	     11.5443160310	5
     12.7131438348	     12.8386750804	5
     14.8672192871	     14.1283682923	5
     17.0244064371	     15.4136010117	1
     19.1843577635	     16.6947417405	1
     21.3466680776	     17.9722669229	1
     23.5109128950	     19.2467106132	1
     25.6766753411	     20.5186257795	1
     27.8435614798	     21.7885589864	1
     30.0112061876	     23.0570372140	1
     32.1792724626	     24.3245639476	1
     34.3474468624	     25.5916213747	1
     36.5154332345	     26.8586758457	1
     38.6829464020	     28.1261841480	1
     40.8497071410	     29.3945983198	1
     43.0154396010	     30.6643667890	1
     45.1798722328	     31.9359304005	1
     47.3427435498	     33.2097110766	1
     49.5038134790	     34.4860907030	1
     51.6628796718	     35.7653808414	1
     53.8197983858	     37.0477860447	1
     55.9745091423	     38.3333628422	1
     58.1270580995	     39.6219828186	1
     60.2776141944	     40.9133095073	1
     62.4264735612	     42.2067939472	1
     64.5740496041	     43.5016929227	3
     66.7208477542	     44.7971108224	3
     68.8674261126	     46.0920634645	3
     71.0143459223	     47.3855588861	0
     73.1621185797	     48.6766855191	0
     75.3111576454	     49.9646943022	0
     77.4617442560	     51.2490603671	0
     79.6140121019	     52.5295130920	0
     81.7679536032	     53.8060304265	0
     83.9234432160	     55.0788025026	0
     86.0802707699	     56.3481763964	0
     88.2381757181	     57.6145975395	0
     90.3968748776	     58.8785609320	0
     92.5560818728	     60.1405760385	0
     94.7155178665	     61.4011455253	0
     96.8749147895	     62.6607567544	0
     99.0340138224	     63.9198829033	0
    101.1925617438	     65.1789900746	0
    103.3503070225	     66.4385473193	0
    105.5069965775	     67.6990377059	0
    107.6623741299	     68.9609688470	0
    109.8161811979	     70.2248809718	0
    111.9681619418	     71.4913499802	0
    114.1180731998	     72.7609819761	0
    116.2657008796	     74.0343949461	0
    118.4108829172	     75.3121833667	0
    120.5535369468	     76.5948637361	4
    122.6936882878	     77.8828038960	4
    124.8314919956	     79.1761476818	4
    126.9672428932	     80.4747545399	2
     82.4410697619	      0.9601616012	2
     84.5741173986	      2.2676471347	2
     86.7067100190	      3.5782169270	2
     88.8395203327	      4.8907302506	2
     90.9732415907	      6.2039749642	2
     93.1085613767	      7.5167507089	2
     95.2461279099	      8.8279396297	2
     97.3865112005	     10.1365559154	2
     99.5301617951	     11.4417880598	2
      8.3567724982	     12.7430371989	2
     10.5076606384	     14.0399426705	5
     12.6621564433	     15.3323846385	5
     14.8200311344	     16.6204615000	5
     16.9809362688	     17.9044482458	1
     19.1444514741	     19.1847457107	1
     21.3101272446	     20.4618313966	1
     23.4775166483	     21.7362188285	1
     25.6461949375	     23.0084284873	1
     27.8157684613	     24.2789704381	1
     29.9858756401	     25.5483366719	1
     32.1561829491	     26.8170004019	1
     34.3263783911	     28.0854196457	1
     36.4961643359	     29.3540427447	1
     38.6652511560	     30.6233136851	1
     40.8333528834	     31.8936750304	1
     43.0001860231	     33.1655662566	1
     45.1654725625	     34.4394161003	1
     47.3289483978	     35.7156265195	1
     49.4903775700	     36.9945467683	1
     51.6495714956	     38.2764393514	1
     53.8064128167	     39.5614400519	1
     55.9608811132	     40.8495162649	1
     58.1130743523	     42.1404349880	1
     60.2632204441	     43.4337487507	1
     62.4116750438	     44.7288023577	3
     64.5589038364	     46.0247633066	3
     66.7054493574	     47.3206755601	3
     68.8518849215	     48.6155334026	0
     70.9987611725	     49.9083681562	0
     73.1465532432	     51.1983359660	0
     75.2956174955	     52.4847921049	0
     77.4461656930	     53.7673382068	0
     79.5982608438	     55.0458341773	0
     81.7518331654	     56.3203752905	0
     83.9067107170	     57.5912432227	0
     86.0626557989	     58.8588458628	0
     88.2193972816	     60.1236618843	0
     90.3766543577	     61.3861986377	0
     92.5341511319	     62.6469643487	0
     94.6916228930	     63.9064540639	0
     96.8488165652	     65.1651467150	0
     99.0054881307	     66.4235096303	0
    101.1613993278	     67.6820071331	0
    103.3163147286	     68.9411111096	0
    105.4700000447	     70.2013119608	0
    107.6222225361	     71.4631282787	0
    109.7727544386	     72.7271131756	0
    111.9213804129	     73.9938544013	0
    114.0679099656	     75.2639644004	0
    116.2121953405	     76.5380558647	0
    118.3541541536	     77.8166992597	4
    120.4937940251	     79.1003623950	4
    122.6312345803	     80.3893376520	4
     78.1064213178	      0.8656586916	2
     80.2403314786	      2.1650965686	2
     82.3731586513	      3.4690784535	2
     84.5054902514	      4.7767661768	2
     86.6379781444	      6.0871103872	2
     88.7713117583	      7.3989348719	2
     90.9061906650	      8.7110249923	2
     93.0432894337	     10.0222130352	2
     95.1832173396	     11.3314470438	2
     97.3264747067	     12.6378396711	2
     99.4734107130	     13.9407060238	4
    101.6241927520	     15.2395898539	4
     10.4581954446	     16.5342720349	5
     12.6164230858	     17.8247552748	5
     14.7779389918	     19.1112274398	3
     16.9423204434	     20.3940145388	1
     19.1091031236	     21.6735337167	1
     21.2778172068	     22.9502524700	1
     23.4480114491	     24.2246575684	1
     25.6192656589	     25.4972347725	1
     27.7911939842	     26.7684581270	1
     29.9634420760	     28.0387865733	1
     32.1356808454	     29.3086655012	1
     34.3075989045	     30.5785310799	1
     36.4788952458	     31.8488154152	1
     38.6492734076	     33.1199505876	1
     40.8184383048	     34.3923693774	1
     42.9860969018	     35.6665004201	1
     45.1519637684	     36.9427565251	1
     47.3157725252	     38.2215138117	1
     49.4772932178	     39.5030810905	1
     51.6363547731	     40.7876621764	1
     53.7928714497	     42.0753131818	1
     55.9468684511	     43.3659025203	1
     58.0985001837	     44.6590860279	1
     60.2480559938	     45.9543035410	1
     62.3959503551	     47.2507977095	3
     64.5426967595	     48.5476568519	3
     66.6888666000	     49.8438801673	3
     68.8350372012	     51.1384601446	0
     70.9817361069	     52.4304725956	0
     73.1293906654	     53.7191606374	0
     75.2782919606	     55.0039976999	0
     77.4285796307	     56.2847177825	0
     79.5802487051	     57.5613087877	0
     81.7331753046	     58.8339734784	0
     83.8871532681	     60.1030710082	0
     86.0419305910	     61.3690562086	0
     88.1972376658	     62.6324301041	0
     90.3528059313	     63.8937050929	0
     92.5083773809	     65.1533847600	0
     94.6637071081	     66.4119562775	0
     96.8185618838	     67.6698917130	0
     98.9727174633	     68.9276546243	0
    101.1259559185	     70.1857095565	0
    103.2780638380	     71.4445327541	0
    105.4288321718	     72.7046225408	0
    107.5780584387	     73.9665076621	0
    109.7255520451	     75.2307513262	0
    111.8711434661	     76.4979477815	0
    114.0146978428	     77.7687073499	0
    116.1561329156	     79.0436256552	3
    118.2954399739	     80.3232347120	3
     73.7724041626	      0.7899269334	5
     75.9078241606	      2.0799297273	5
     78.0417180481	      3.3751703722	5
     80.1745229279	      4.6752845330	5
     82.3067773127	      5.9796079727	2
     84.4390985590	      7.2872199922	2
     86.5721586198	      8.5970171855	2
     88.7066567789	      9.9078024907	2
     90.8432845030	     11.2183768071	2
     92.9826838503	     12.5276245288	2
     95.1254022630	     13.8345804461	4
     97.2718462656	     15.1384764290	4
     99.4222439903	     16.4387702374	4
    101.5766277099	     17.7351553037	4
    103.7348432252	     19.0275495988	3
     12.5759824910	     20.3160639465	3
     14.7408379995	     21.6009566973	3
     16.9083416545	     22.8825878251	3
     19.0780105500	     24.1613784848	1
     21.2493738544	     25.4377790219	1
     23.4219891077	     26.7122469468	1
     25.5954483462	     27.9852341147	1
     27.7693770457	     29.2571812321	1
     29.9434287291	     30.5285175944	1
     32.1172775065	     31.7996641188	1
     34.2906102339	     33.0710379367	1
     36.4631195853	     34.3430568564	1
     38.6344991896	     35.6161418305	1
     40.8044420472	     36.8907151478	1
     42.9726434985	     38.1671920116	1
     45.1388098088	     39.4459644539	1
     47.3026730725	     40.7273756101	1
     49.4640119660	     42.0116847538	1
     51.6226775570	     43.2990260158	1
     53.7786216316	     44.5893642459	1
     55.9319208924	     45.8824593038	1
     58.0827905745	     47.1778505279	1
     60.2315830129	     48.4748654083	1
     62.3787692358	     49.7726510994	3
     64.5249040484	     51.0702296322	3
     66.6705773797	     52.3665736077	0
     68.8163577868	     53.6606950808	0
     70.9627367298	     54.9517357600	0
     73.1100833492	     56.2390434712	0
     75.2586181547	     57.5222205332	0
     77.4084093507	     58.8011354400	0
     79.5593913629	     60.0758974255	0
     81.7113994609	     61.3468035183	0
     83.8642090471	     62.6142750434	0
     86.0175685950	     63.8788008153	0
     88.1712224694	     65.1408949129	0
     90.3249237202	     66.4010697439	0
     92.4784387979	     67.6598230249	0
     94.6315473694	     68.9176352366	0
     96.7840402793	     70.1749736562	0
     98.9357171263	     71.4323002960	0
    101.0863843452	     72.6900818641	0
    103.2358545333	     73.9488001825	0
    105.3839476156	     75.2089615726	0
    107.5304944121	     76.4711034084	0
    109.6753431913	     77.7357953380	0
    111.8183697443	     79.0036317437	3
    113.9594912359	     80.2752113001	3
     69.4383827699	      0.7330883636	3
     71.5756990708	      2.0137652793	5
     73.7112886786	      3.2995568441	5
     75.8454108097	      4.5905679968	5
     77.9784388930	      5.8866260964	5
     80.1108519020	      7.1872566357	5
     82.2432188861	      8.4916987701	5
     84.3761793060	      9.7989594668	2
     86.5104177846	     11.1078951567	2
     88.6466300417	     12.4173055814	2
     90.7854814242	     13.7260266741	4
     92.9275609143	     15.0330153841	4
     95.0733319097	     16.3374149146	4
     97.2230887539	     17.6385948435	4
     99.3769307614	     18.9361657480	4
    101.5347627582	     20.2299693565	4
    103.6963228020	     21.5200483876	3
    105.8612280948	     22.8066030613	3
     14.7084223824	     24.0899442516	3
     16.8786244787	     25.3704522099	3
     19.0507514874	     26.6485436171	3
     21.2243450507	     27.9246483472	1
     23.3989791692	     29.1991952980	1
     25.5742614241	     30.4726054896	1
     27.7498289624	     31.7452904619	1
     29.9253416318	     33.0176542034	1
     32.1004740681	     34.2900970714	1
     34.2749080980	     35.5630202657	1
     36.4483265954	     36.8368293104	1
     38.6204099377	     38.1119346512	1
     40.7908363902	     39.3887469462	1
     42.9592878395	     40.6676645989	1
     45.1254619167	     41.9490528727	1
     47.2890907930	     43.2332133686	1
     49.4499656116	     44.5203451971	1
     51.6079655392	     45.8105005143	1
     53.7630867851	     47.1035410096	1
     55.9154638078	     48.3991092110	1
     58.0653765994	     49.6966244938	1
     60.2132406779	     50.9953050181	3
     62.3595792618	     52.2942122025	3
     64.5049795364	     53.5923177419	3
     66.6500374932	     54.8885882204	0
     68.7952990223	     56.1820777462	0
     70.9412071150	     57.4720146656	0
     73.0880649501	     58.7578666790	0
     75.2360208820	     60.0393720255	0
     77.3850777249	     61.3165310662	0
     79.5351229322	     62.5895630744	0
     81.6859688459	     63.8588434500	0
     83.8373901466	     65.1248406200	0
     85.9891508111	     66.3880661172	0
     88.1410201314	     67.6490403480	0
     90.2927796635	     68.9082733118	0
     92.4442243707	     70.1662574076	0
     94.5951613329	     71.4234682614	0
     96.7454076225	     72.6803706160	0
     98.8947883305	     73.9374271135	0
    101.0431354850	     75.1951082656	0
    103.1902883794	     76.4539021960	0
    105.3360957456	     77.7143226539	0
    107.4804202237	     78.9769133321	3
    109.6231456049	     80.2422457287	3
     65.1038866067	      0.6928953331	3
     67.2432052499	      1.9654618555	3
     69.3808235392	      3.2424568834	3
     71.5168440467	      4.5242927154	5
     73.6514659966	      5.8112054556	5
     75.7849947559	      7.1031924559	5
     77.9178409101	      8.3999672001	5
     80.0505124555	      9.7009469932	5
     82.1836011913	     11.0052813223	5
     84.3177614766	     12.3119170643	5
     86.4536785597	     13.6196874168	4
     88.5920283459	     14.9274080313	4
     90.7334322078	     16.2339698623	4
     92.8784061828	     17.5384241689	4
     95.0273126688	     18.8400426877	4
     97.1803262232	     20.1383457931	0
     99.3374239891	     21.4330987553	0
    101.4984045001	     22.7242818014	0
    103.6629286959	     24.0120447152	0
    105.8305686396	     25.2966584452	3
    108.0008518833	     26.5784713231	3
     16.8526955744	     27.8578737652	3
     19.0268365599	     29.1352733189	3
     21.2022351005	     30.4110792969	3
     23.3784847990	     31.6856949499	3
     25.5552088924	     32.9595150443	1
     27.7320544273	     34.2329270651	1
     29.9086847073	     35.5063146127	1
     32.0847714388	     36.7800617515	1
     34.2599877259	     38.0545570467	1
     36.4340030015	     39.3301957696	1
     38.6064811269	     40.6073782716	1
     40.7770831717	     41.8865019142	1
     42.9454764526	     43.1679440115	1
     45.1113507497	     44.4520357577	1
     47.2744413515	     45.7390271425	1
     49.4345575187	     47.0290448001	1
     51.5916141879	     48.3220455623	1
     53.7456600437	     49.6177763315	1
     55.8968937367	     50.9157551065	1
     58.0456629586	     52.2152805462	1
     60.1924445529	     53.5154678929	3
     62.3378068439	     54.8153061583	3
     64.4823577623	     56.1137357868	0
     66.6266850871	     57.4097399330	0
     68.7712981307	     58.7024374776	0
     70.9165814056	     59.9911622537	0
     73.0627681488	     61.2755135950	0
     75.2099386984	     62.5553676404	0
     77.3580437370	     63.8308482459	0
     79.5069432549	     65.1022692557	0
     81.6564473899	     66.3700675663	0
     83.8063474034	     67.6347455074	0
     85.9564347429	     68.8968289129	0
     88.1065102335	     70.1568407555	0
     90.2563866581	     71.4152883417	0
     92.4058883658	     72.6726601224	0
     94.5548495878	     73.9294289478	0
     96.7031125550	     75.1860592378	0
     98.8505261933	     76.4430161141	0
    100.9969458688	     77.7007750159	0
    103.1422345302	     78.9598304474	3
    105.2862655942	     80.2207022561	3
     60.7686273299	      0.6659256373	3
     62.9098331346	      1.9320915020	3
     65.0495283050	      3.2017595210	3
     67.1877065957	      4.4754726558	1
     69.3244263370	      5.7536980855	1
     71.4598282346	      7.0367679698	1
     73.5941480428	      8.3248181236	1
     75.7277219686	      9.6177326697	5
     77.8609865090	     10.9151091715	5
     79.9944719186	     12.2162600964	5
     82.1287866526	     13.5202551632	5
     84.2645897935	     14.8259968349	4
     86.4025530918	     16.1323136573	4
     88.5433178066	     17.4380563387	4
     90.6874442230	     18.7421924503	4
     92.8353600279	     20.0438886593	0
     94.9873188737	     21.3425607737	0
     97.1433803298	     22.6378851926	0
     99.3034177727	     23.9297751074	0
    101.4671516103	     25.2183331426	0
    103.6341958136	     26.5037970454	0
    105.8041033785	     27.7864920854	0
    107.9764045720	     29.0667921362	3
    110.1506346895	     30.3450913217	3
     19.0057489336	     31.6217866489	3
     21.1825352965	     32.8972691590	3
     23.3600054606	     34.1719209678	3
     25.5377964261	     35.4461161156	3
     27.7155621765	     36.7202237235	1
     29.8929659424	     37.9946122964	1
     32.0696727243	     39.2696541208	1
     34.2453431241	     40.5457285515	1
     36.4196296213	     41.8232225957	1
     38.5921766997	     43.1025266083	1
     40.7626265586	     44.3840222827	1
     42.9306321032	     45.6680603949	1
     45.0958778149	     46.9549292513	1
     47.2581073552	     48.2448155035	1
     49.4171561443	     49.5377593712	1
     51.5729845631	     50.8336084438	1
     53.7257028530	     52.1319843324	1
     55.8755799021	     53.4322759742	1
     58.0230322066	     54.7336642587	3
     60.1685931770	     56.0351720202	3
     62.3128659482	     57.3357330212	3
     64.4564650524	     58.6342783834	0
     66.5999550597	     59.9298315430	0
     68.7437966969	     61.2215977434	0
     70.8883095982	     62.5090322276	0
     73.0336587761	     63.7918727188	0
     75.1798687055	     65.0701285597	0
     77.3268584589	     66.3440330561	0
     79.4744838178	     67.6139767316	0
     81.6225718221	     68.8804428624	0
     83.7709426224	     70.1439576149	0
     85.9194208019	     71.4050559429	0
     88.0678395110	     72.6642620883	0
     90.2160411944	     73.9220813447	0
     92.3638765761	     75.1789999078	0
     94.5112031074	     76.4354899004	0
     96.6578837016	     77.6920172736	0
     98.8037862011	     78.9490509214	3
    100.9487838627	     80.2070716646	3
     56.4324564731	      0.6485681042	3
     58.5752963705	      1.9100871866	3
     60.7169100008	      3.1741629696	3
     62.8572286575	      4.4413525738	1
     64.9962191404	      5.7122019137	1
     67.1338986031	      6.9872084836	1
     69.2703521520	      8.2667703265	1
     71.4057472605	      9.5511288346	1
     73.5403433699	     10.8403118378	1
     75.6744985003	     12.1340848883	1
     77.8086701947	     13.4319294474	5
     79.9434068725	     14.7330602994	5
     82.0793259686	     16.0364813821	5
     84.2170797000	     17.3410685647	4
     86.3573146929	     18.6456640161	4
     88.5006234863	     19.9491744272	4
     90.6474915229	     21.2506657572	0
     92.7982500576	     22.5494376676	0
     94.9530463326	     23.8450585303	0
     97.1118395313	     25.1373574469	0
     99.2744236286	     26.4263817223	0
    101.4404688596	     27.7123372662	0
    103.6095671999	     28.9955319511	0
    105.7812724268	     30.2763315816	0
    107.9551312068	     31.5551269487	0
    110.1307032019	     32.8323125954	3
    112.3075711121	     34.1082759854	3
     21.1647415736	     35.3833937542	3
     23.3430484810	     36.6580323431	3
     25.5215381196	     37.9325511596	3
     27.6998678953	     39.2073070158	3
     29.8776972010	     40.4826588793	1
     32.0546805216	     41.7589719610	1
     34.2304623251	     43.0366198970	1
     36.4046750197	     44.3159832657	1
     38.5769416287	     45.5974420118	1
     40.7468851386	     46.8813587932	1
     42.9141461988	     48.1680509173	1
     45.0784091280	     49.4577532494	1
     47.2394342631	     50.7505756540	1
     49.3970941752	     52.0464567316	1
     51.5514063579	     53.3451212821	1
     53.7025520890	     54.6460574103	1
     55.8508751271	     55.9485244101	1
     57.9968589167	     57.2515930521	3
     60.1410850013	     58.5542088485	3
     62.2841777934	     59.8552711450	0
     64.4267427561	     61.1537256674	0
     66.5693075037	     62.4486595120	0
     68.7122753968	     63.7393835341	0
     70.8559001013	     65.0254856536	0
     73.0002888753	     66.3068413738	0
     75.1454311454	     67.5835815284	0
     77.2912390986	     68.8560310594	0
     79.4375846074	     70.1246403065	0
     81.5843235792	     71.3899272357	0
     83.7313091243	     72.6524352684	0
     85.8783973155	     73.9127060243	0
     88.0254493063	     75.1712647939	0
     90.1723312995	     76.4286159587	0
     92.3189136565	     77.6852451466	0
     94.4650700079	     78.9416254124	3
     96.6106767972	     80.1982254885	3
     52.0953128383	      0.6375070284	3
     54.2394630333	      1.8959791393	3
     56.3827167106	      3.1561345985	3
     58.5249741026	      4.4184978492	1
     60.6661517124	      5.6836080890	1
     62.8061912226	      6.9520040280	1
     64.9450720686	      8.2241958755	1
     67.0828277306	      9.5006233995	1
     69.2195608799	     10.7816047594	1
     71.3554554046	     12.0672820146	1
     73.4907879994	     13.3575672375	1
     75.6259361707	     14.6521039960	1
     77.7613771044	     15.9502618397	5
     79.8976727562	     17.2511698269	5
     82.0354408773	     18.5537829165	3
     84.1753183797	     19.8569678516	4
     86.3179158689	     21.1596003891	0
     88.4637651399	     22.4606651270	0
     90.6132683559	     23.7593457814	0
     92.7666599736	     25.0550866617	0
     94.9239910094	     26.3476091680	0
     97.0851398874	     27.6368843477	0
     99.2498456934	     28.9230754869	0
    101.4177517629	     30.2064725574	0
    103.5884468711	     31.4874378022	0
    105.7614989297	     32.7663665571	0
    107.9364787516	     34.0436608698	0
    110.1129735418	     35.3197147918	0
    112.2905920184	     36.5949088243	3
    114.4689636269	     37.8696099964	3
     23.3271324800	     39.1441750579	3
     25.5059567382	     40.4189551912	3
     27.6844920241	     41.6943011896	3
     29.8623901319	     42.9705682359	3
     32.0392913777	     44.2481192949	1
     34.2148208315	     45.5273257383	1
     36.3885884414	     46.8085632010	1
     38.5601949882	     48.0921999746	1
     40.7292459857	     49.3785749034	1
     42.8953748870	     50.6679630381	1
     45.0582744987	     51.9605333663	1
     47.2177340182	     53.2563038243	1
     49.3736773815	     54.5550957919	1
     51.5261922506	     55.8564995376	1
     53.6755395602	     57.1598652734	1
     55.8221396351	     58.4643272816	3
     57.9665369052	     59.7688592948	3
     60.1093486145	     61.0723491673	3
     62.2512044916	     62.3736855440	0
     64.3926856799	     63.6718531568	0
     66.5342717813	     64.9660244172	0
     68.6763047754	     66.2556309551	0
     70.8189806803	     67.5403969232	0
     72.9623690801	     68.8203269535	0
     75.1064492024	     70.0956566601	0
     77.2511469955	     71.3667846157	0
     79.3963614668	     72.6342076347	0
     81.5419792612	     73.8984705003	0
     83.6878819823	     75.1601301874	0
     85.8339499677	     76.4197336665	0
     87.9800636221	     77.6778075791	0
     90.1261035997	     78.9348565179	3
     92.2719507009	     80.1913668079	3
     47.7571852356	      0.6298018384	3
     49.9022899836	      1.8866568543	3
     52.0468471015	      3.1443977144	3
     54.1907423233	      4.4035142972	3
     56.3338670032	      5.6645127656	1
     58.4761224840	      6.9279141298	1
     60.6174269092	      8.1942448252	1
     62.7577254741	      9.4640164445	1
     64.8970047081	     10.7376925475	1
     67.0353073279	     12.0156447540	1
     69.1727457210	     13.2981024663	1
     71.3095164171	     14.5850993533	1
     73.4459138886	     15.8764255066	1
     75.5823367718	     17.1716036173	1
     77.7192805790	     18.4699008768	1
     79.8573152591	     19.7703760825	3
     81.9970534178	     21.0719518636	3
     84.1391088580	     22.3735047752	0
     86.2840459695	     23.6739657310	0
     88.4323271629	     24.9724179245	0
     90.5842684154	     26.2681775085	0
     92.7400130884	     27.5608379511	0
     94.8995304256	     28.8502667397	0
     97.0626382715	     30.1365608975	0
     99.2290417286	     31.4199799852	0
    101.3983746811	     32.7008802664	0
    103.5702354305	     33.9796649098	0
    105.7442136919	     35.2567504324	0
    107.9199076746	     36.5325467886	0
    110.0969322165	     37.8074482102	0
    112.2749201935	     39.0818317282	0
    114.4535194309	     40.3560600219	3
    116.6323868787	     41.6304863561	3
     25.4905798708	     42.9054602384	3
     27.6689546012	     44.1813328658	3
     29.8465501429	     45.4584615072	3
     32.0229893315	     46.7372117298	3
     34.1978752529	     48.0179558676	1
     36.3707942470	     49.3010654277	1
     38.5413261464	     50.5868945155	1
     40.7090638147	     51.8757514587	1
     42.8736425097	     53.1678580729	1
     45.0347766692	     54.4633030871	1
     47.1923009528	     55.7619960839	1
     49.3462075985	     57.0636266960	1
     51.4966674945	     58.3676426231	1
     53.6440269851	     59.6732573893	5
     55.7887800095	     60.9794910508	5
     57.9315211330	     62.2852388992	3
     60.0728874202	     63.5893545939	4
     62.2134974258	     64.8907410881	0
     64.3538949139	     66.1884454143	0
     66.4945046874	     67.4817436286	0
     68.6356129656	     68.7701956910	0
     70.7773762327	     70.0536567968	0
     72.9198500578	     71.3322458873	0
     75.0630234002	     72.6062852208	0
     77.2068456411	     73.8762321370	0
     79.3512421081	     75.1426208700	0
     81.4961226651	     76.4060180722	0
     83.6413873011	     77.6669916978	0
     85.7869292251	     78.9260933609	3
     87.9326365948	     80.1838513938	3
     43.4180930207	      0.6227596523	3
     45.5637811244	      1.8793289310	3
     47.7092794892	      3.1360248163	3
     49.8544662489	      4.3933224421	3
     51.9992197126	      5.6517026132	1
     54.1434202980	      6.9116573643	1
     56.2869536362	      8.1736914619	1
     58.4297156149	      9.4383175282	1
     60.5716204436	     10.7060421074	1
     62.7126126371	     11.9773402625	1
     64.8526806989	     13.2526192620	1
     66.9918713482	     14.5321735907	1
     69.1303053444	     15.8161344991	1
     71.2681952031	     17.1044189449	1
     73.4058578681	     18.3966930699	1
     75.5437150102	     19.6923654327	1
     77.6822779263	     20.9906145158	3
     79.8221216926	     22.2904445019	3
     81.9638487623	     23.5907635081	3
     84.1080414952	     24.8904788005	0
     86.2552095183	     26.1885978277	0
     88.4057408673	     27.4843197240	0
     90.5598669650	     28.7771017417	0
     92.7176494314	     30.0666840349	0
     94.8789912259	     31.3530675415	0
     97.0436674658	     32.6364565569	0
     99.2113652521	     33.9171876847	0
    101.3817209382	     35.1956677788	0
    103.5543498287	     36.4723298192	0
    105.7288667437	     37.7476053805	0
    107.9048974219	     39.0219105780	0
    110.0820824469	     40.2956414128	0
    112.2600758625	     41.5691753445	0
    114.4385403773	     42.8428760770	0
    116.6171405958	     44.1170996047	3
    118.7955353875	     45.3922003139	3
     27.6527688719	     46.6685362525	3
     29.8296701385	     47.9464726375	3
     32.0052403548	     49.2263823135	3
     34.1790592285	     50.5086412592	3
     36.3506903924	     51.7936165250	1
     38.5196971928	     53.0816436133	1
     40.6856689540	     54.3729911845	1
     42.8482566778	     55.6678144948	1
     45.0072148720	     56.9661057465	1
     47.1624443106	     58.2676496533	1
     49.3140234336	     59.5719927214	1
     51.4622168824	     60.8784378568	5
     53.6074570442	     62.1860701221	5
     55.7503025589	     63.4938126366	5
     57.8913825971	     64.8005055113	4
     60.0313366239	     66.1049937259	4
     62.1707573495	     67.4062190344	0
     64.3101417867	     68.7033116182	0
     66.4498622418	     69.9956623755	0
     68.5901642531	     71.2829579778	0
     70.7311861398	     72.5651723823	0
     72.8729876515	     73.8425216167	0
     75.0155753036	     75.1153988911	0
     77.1589181563	     76.3843100903	0
     79.3029572025	     77.6498207822	0
     81.4476126783	     78.9125155453	3
     83.5927892417	     80.1729713815	3
     39.0780790931	      0.6137322520	3
     41.2239675457	      1.8713511954	3
     43.3700314459	      3.1283228338	3
     45.5161436438	      4.3851358131	3
     47.6621738157	      5.6422691028	1
     49.8079897832	      6.9002001375	1
     51.9534590094	      8.1594116353	1
     54.0984507681	      9.4203953843	1
     56.2428397309	     10.6836509571	1
     58.3865120733	     11.9496769203	1
     60.5293751471	     13.2189521036	1
     62.6713694623	     14.4919065179	1
     64.8124828560	     15.7688822966	1
     66.9527668684	     17.0500874597	1
     69.0923564075	     18.3355456741	1
     71.2314873959	     19.6250523918	1
     73.3705039445	     20.9181534260	1
     75.5098508572	     22.2141544086	1
     77.6500545188	     23.5121593261	3
     79.7916925427	     24.8111342797	3
     81.9353506754	     26.1099928416	0
     84.0815716345	     27.4076945283	0
     86.2308037656	     28.7033426178	0
     88.3833589774	     29.9962647434	0
     90.5393888861	     31.2860616595	0
     92.6988842281	     32.5726119430	0
     94.8616960723	     33.8560337778	0
     97.0275710988	     35.1366194161	0
     99.1961895999	     36.4147649717	0
    101.3671976430	     37.6909144013	0
    103.5402309182	     38.9655215494	0
    105.7149295604	     40.2390286126	0
    107.8909449128	     41.5118571236	0
    110.0679401740	     42.7844068628	0
    112.2455868726	     44.0570596685	0
    114.4235587537	     45.3301855247	0
    116.6015242674	     46.6041492136	0
    118.7791386618	     47.8793164229	3
    120.9560366924	     49.1560583763	3
     29.8112256819	     50.4347538862	3
     31.9854896526	     51.7157872544	3
     34.1577840616	     52.9995397633	3
     36.3276539600	     54.2863718974	1
     38.4946551995	     55.5765935994	1
     40.6583880877	     56.8704219310	1
     42.8185390650	     58.1679299259	1
     44.9749264147	     59.4689956881	1
     47.1275396266	     60.7732646703	5
     49.2765589369	     62.0801344632	5
     51.4223475216	     63.3887685276	5
     53.5654173671	     64.6981392070	5
     55.7063769998	     66.0070957040	4
     57.8458720540	     67.3144490766	4
     59.9845282588	     68.6190610739	4
     62.1229006534	     69.9199350213	4
     64.2614381650	     71.2162987053	0
     66.4004720387	     72.5076598606	0
     68.5402254207	     73.7938226970	0
     70.6808341491	     75.0748645684	0
     72.8223676061	     76.3510831858	0
     74.9648431536	     77.6229316085	0
     77.1082358036	     78.8909571450	3
     79.2524868385	     80.1557513839	3
     34.7372105387	      0.5999018696	3
     36.8829030835	      1.8600158592	3
     39.0291439251	      3.1186399343	3
     41.1758027054	      4.3763044002	3
     43.3227418760	      5.6335153865	1
     45.4698190519	      6.8907617932	1
     47.6168886757	      8.1485234822	1
     49.7638033492	      9.4072790038	1
     51.9104153376	     10.6675111914	1
     54.0565789769	     11.9297087661	1
     56.2021550764	     13.1943617506	1
     58.3470184216	     14.4619483744	1
     60.4910678291	     15.7329125223	1
     62.6342394807	     17.0076308240	1
     64.7765233614	     18.2863711348	1
     66.9179833478	     19.5692453043	1
     69.0587779758	     20.8561623993	1
     71.1991733729	     22.1467967543	1
     73.3395431630	     23.4405819618	1
     75.4803564854	     24.7367329320	3
     77.6221543449	     26.0342941921	3
     79.7655120209	     27.3322125599	3
     81.9109908721	     28.6294282895	0
     84.0590863519	     29.9249736830	0
     86.2101809776	     31.2180635392	0
     88.3645112884	     32.5081610945	0
     90.5221556933	     33.7950073643	0
     92.6830449442	     35.0786070099	0
     94.8469905011	     36.3591777173	0
     97.0137212011	     37.6370813083	0
     99.1829176790	     38.9127581091	0
    101.3542393113	     40.1866778709	0
    103.5273426128	     41.4593082194	0
    105.7018911707	     42.7310987441	0
    107.8775586861	     44.0024762135	0
    110.0540270532	     45.2738462868	0
    112.2309811551	     46.5455989551	0
    114.4081016977	     47.8181154535	0
    116.5850571242	     49.0917751153	0
    118.7614955953	     50.3669610668	0
    120.9370381973	     51.6440636952	3
    123.1112749339	     52.9234805162	3
     31.9631641154	     54.2056104908	3
     34.1334468941	     55.4908401804	3
     36.3010570529	     56.7795188722	3
     38.4655577734	     58.0719209262	1
     40.6265809253	     59.3681971024	5
     42.7838742069	     60.6683203135	5
     44.9373463454	     61.9720377058	5
     47.0870959860	     63.2788460445	5
     49.2334142386	     64.5879959863	5
     51.3767591186	     65.8985252015	5
     53.5177083501	     67.2093157144	2
     55.6569016235	     68.5191695043	4
     57.7949834436	     69.8268950400	4
     59.9325518053	     71.1313950789	4
     62.0701191908	     72.4317518894	4
     64.2080940803	     73.7272964634	4
     66.3467815002	     75.0176477853	4
     68.4863949390	     76.3027150488	0
     70.6270704782	     77.5826650758	0
     72.7688775094	     78.8578662108	3
     74.9118277072	     80.1288232908	3
     30.3955837059	      0.5781069220	3
     32.5406711109	      1.8423530200	3
     34.6866836790	      3.1041600976	3
     36.8334941504	      4.3641164515	3
     38.9809604083	      5.6227806524	1
     41.1289306613	      6.8806817063	1
     43.2772470477	      8.1383242520	1
     45.4257479273	      9.3961963043	1
     47.5742692802	     10.6547775176	1
     49.7226457643	     11.9145461957	1
     51.8707121785	     13.1759832608	1
     54.0183064004	     14.4395711504	1
     56.1652749304	     15.7057854802	1
     58.3114809785	     16.9750782468	1
     60.4568163746	     18.2478509251	1
     62.6012175456	     19.5244179296	1
     64.7446850939	     20.8049633561	1
     66.8873058092	     22.0894945025	1
     69.0292701049	     23.3778031310	1
     71.1708786652	     24.6694470642	1
     73.3125375192	     25.9637573517	3
     75.4547414026	     27.2598713306	3
     77.5980425597	     28.5567913100	3
     79.7430069388	     29.8534652256	0
     81.8901633023	     31.1488811340	0
     84.0399532079	     32.4421622598	0
     86.1926906963	     33.7326462082	0
     88.3485395272	     35.0199336466	0
     90.5075122897	     36.3038980789	0
     92.6694898362	     37.5846554833	0
     94.8342539294	     38.8625053826	0
     97.0015228987	     40.1378626870	0
     99.1709817446	     41.4111989591	0
    101.3423040995	     42.6830004887	0
    103.5151657670	     43.9537431319	0
    105.6892506108	     45.2238814967	0
    107.8642506276	     46.4938476928	0
    110.0398620006	     47.7640552628	0
    112.2157785650	     49.0349058149	0
    114.3916838242	     50.3067964069	0
    116.5672425029	     51.5801262498	0
    118.7420927178	     52.8553015536	0
    120.9158401908	     54.1327372024	0
    123.0880565076	     55.4128535053	3
    125.2582840822	     56.6960656396	3
     34.1054493789	     57.9827629424	3
     36.2702958661	     59.2732756720	3
     38.4318137322	     60.5678294147	5
     40.5896934942	     61.8664910823	5
     42.7437738831	     63.1691148082	5
     44.8940786605	     64.4753038856	5
     47.0408286439	     65.7844045553	5
     49.1844247854	     67.0955313298	5
     51.3254070553	     68.4076171861	2
     53.4643996438	     69.7194806102	2
     55.6020542652	     71.0299038039	2
     57.7389983976	     72.3377180670	4
     59.8757941706	     73.6418870383	4
     62.0129156084	     74.9415809970	4
     64.1507422835	     76.2362324662	4
     66.2895627644	     77.5255628554	4
     68.4295808120	     78.8095751746	4
     70.5709203102	     80.0885159605	3
     26.0533310947	      0.5448041606	3
     28.1974007532	      1.8150120984	3
     30.3427616192	      3.0817389095	3
     32.4893054185	      4.3456129939	3
     34.6368942282	      5.6072508422	1
     36.7853704023	      6.8672412057	1
     38.9345641874	      8.1261400544	1
     41.0842989713	      9.3844728745	1
     43.2343944787	     10.6427412214	1
     45.3846684395	     11.9014310305	1
     47.5349373742	     13.1610206409	1
     49.6850172960	     14.4219866869	1
     51.8347253893	     15.6848059138	1
     53.9838838082	     16.9499508780	1
     56.1323258522	     18.2178781797	1
     58.2799060781	     19.4890072080	1
     60.4265151984	     20.7636887457	1
     62.5720986187	     22.0421659668	1
     64.7166782392	     23.3245302908	1
     66.8603730126	     24.6106790990	1
     69.0034113208	     25.9002879558	1
     71.1461326850	     27.1928048949	1
     73.2889781324	     28.4874691937	3
     75.4324659455	     29.7833558492	3
     77.5771534566	     31.0794439697	3
     79.7235889493	     32.3747035845	0
     81.8722605497	     33.6681903450	0
     84.0235505843	     34.9591332298	0
     86.1777036805	     36.2469993638	0
     88.3348146760	     37.5315241114	0
     90.4948378273	     38.8127024978	0
     92.6576129160	     40.0907460195	0
     94.8228996441	     41.3660194706	0
     96.9904105993	     42.6389767432	0
     99.1598369065	     43.9101098813	0
    101.3308656281	     45.1799143110	0
    103.5031891091	     46.4488698283	0
    105.6765075657	     47.7174343238	0
    107.8505267943	     48.9860455134	0
    110.0249526316	     50.2551266560	0
    112.1994834067	     51.5250940689	0
    114.3738014272	     52.7963647039	0
    116.5475645213	     54.0693623652	0
    118.7203989217	     55.3445212065	0
    120.8918953037	     56.6222848305	0
    123.0616105031	     57.9030987601	0
    125.2290780604	     59.1873934912	3
    127.3938306041	     60.4755553859	3
     36.2348336425	     61.7678843718	3
     38.3929381746	     63.0645407401	5
     40.5473236596	     64.3654880556	5
     42.6979476263	     65.6704457564	5
     44.8449651235	     66.9788674679	5
     46.9887203572	     68.2899560760	2
     49.1297120283	     69.6027087585	2
     51.2685422029	     70.9159799289	2
     53.4058607440	     72.2285525556	2
     55.5423137439	     73.5392154458	2
     57.6785005756	     74.8468446057	2
     59.8149484881	     76.1504766501	4
     61.9521017998	     77.4493720581	4
     64.0903183058	     78.7430604349	4
     66.2298674561	     80.0313584565	4
     21.7106276463	      0.4963443167	3
     23.8532910410	      1.7743598504	3
     25.9975671870	      3.0478782168	3
     28.1433973490	      4.3174852987	1
     30.2906686107	      5.5838131180	1
     32.4392292539	      6.8474991128	1
     34.5889024040	      8.1091604478	1
     36.7394966598	      9.3693817982	1
     38.8908134248	     10.6287131954	1
     41.0426512984	     11.8876743181	1
     43.1948081960	     13.1467621413	1
     45.3470819975	     14.4064594706	1
     47.4992706186	     15.6672423113	1
     49.6511725829	     16.9295841145	1
     51.8025892599	     18.1939549170	1
     53.9533292267	     19.4608139621	1
     56.1032163760	     20.7305936511	1
     58.2521030937	     22.0036733441	1
     60.3998874374	     23.2803446638	1
     62.5465338471	     24.5607706834	1
     64.6920953574	     25.8449428448	1
     66.8367304867	     27.1326465405	1
     68.9807109323	     28.4234446606	1
     71.1244186842	     29.7166834235	3
     73.2683289442	     31.0115231082	3
     75.4129783981	     32.3069934524	3
     77.5589214357	     33.6020704457	0
     79.7066798469	     34.8957667733	0
     81.8566937806	     36.1872232384	0
     84.0092824043	     37.4757856787	0
     86.1646214423	     38.7610531694	0
     88.3227414643	     40.0428894148	0
     90.4835455812	     41.3213980495	0
     92.6468399593	     42.5968703427	0
     94.8123679071	     43.8697214803	0
     96.9798391467	     45.1404326068	0
     99.1489511891	     46.4095075688	0
    101.3194026504	     47.6774451589	0
    103.4908990638	     48.9447258856	0
    105.6631527837	     50.2118097304	0
    107.8358788221	     51.4791404142	0
    110.0087881098	     52.7471525735	0
    112.1815793054	     54.0162799172	0
    114.3539301686	     55.2869627452	0
    116.5254896575	     56.5596533161	0
    118.6958723391	     57.8348173905	0
    120.8646573941	     59.1129297910	0
    123.0313952308	     60.3944612239	0
    125.1956249960	     61.6798533591	0
    127.3569051404	     62.9694801838	4
    129.5148571760	     64.2635961888	4
     38.3486166285	     65.5622769988	4
     40.4992877353	     66.8653649097	5
     42.6463639386	     68.1724350300	2
     44.7901345046	     69.4827944361	2
     46.9310554374	     70.7955182333	2
     49.0697026952	     72.1095106045	2
     51.2067179732	     73.4235753888	2
     53.3427574398	     74.7364870034	2
     55.4784477837	     76.0470643803	2
     57.6143584602	     77.3542426516	2
     59.7509884643	     78.6571368301	2
     61.8887574175	     79.9550976038	4
     17.3676957441	      0.4297377712	4
     19.5086380230	      1.7169894827	5
     21.6514156778	      2.9990123632	5
     23.7960638137	      4.2761898017	1
     25.9425319564	      5.5490525726	1
     28.0907010289	      6.8182145653	1
     30.2404026468	      8.0843203348	1
     32.3914370730	      9.3480084989	1
     34.5435875249	     10.6098904937	1
     36.6966301091	     11.8705421513	1
     38.8503397412	     13.1305043142	1
     41.0044929049	     14.3902888258	1
     43.1588682643	     15.6503868835	1
     45.3132461843	     16.9112773503	1
     47.4674082918	     18.1734329349	1
     49.6211382845	     19.4373222334	1
     51.7742245954	     20.7034061590	1
     53.9264663856	     21.9721266595	1
     56.0776844566	     23.2438856480	1
     58.2277368258	     24.5190146202	1
     60.3765379830	     25.7977375335	1
     62.5240812980	     27.0801290184	1
     64.6704591201	     28.3660758133	1
     66.8158756536	     29.6552516531	1
     68.9606503801	     30.9471116574	1
     71.1052080982	     32.2409101633	3
     73.2500542012	     33.5357431005	3
     75.3957364452	     34.8306134265	3
     77.5427972402	     36.1245144286	0
     79.6917231925	     37.4165207794	0
     81.8429001235	     38.7058731989	0
     83.9965814794	     39.9920417244	0
     86.1528757584	     41.2747560657	0
     88.3117543627	     42.5539992368	0
     90.4730759512	     43.8299696449	0
     92.6366192755	     45.1030233717	0
     94.8021153284	     46.3736131146	0
     96.9692725750	     47.6422376338	0
     99.1377943250	     48.9094057768	0
    101.3073884395	     50.1756153709	0
    103.4777701939	     51.4413453555	0
    105.6486599899	     52.7070571426	0
    107.8197777626	     53.9732010280	0
    109.9908354864	     55.2402245340	0
    112.1615288295	     56.5085809846	0
    114.3315290285	     57.7787366960	0
    116.5004763591	     59.0511750557	0
    118.6679771664	     60.3263953719	0
    120.8336071623	     61.6049037660	0
    122.9969242136	     62.8871929108	0
    125.1574935243	     64.1737077723	0
    127.3149268748	     65.4647963386	4
    129.4689329346	     66.7606491178	4
    131.6193683550	     68.0612381893	4
     40.4456731377	     69.3662719267	2
     42.5892868288	     70.6751800414	2
     44.7300201148	     71.9871348182	2
     46.8684196492	     73.3011050950	2
     49.0051146621	     74.6159287818	2
     51.1407652645	     75.9303863892	2
     53.2760177895	     77.2432683853	2
     55.4114750115	     78.5534402273	2
     57.5476816684	     79.8599036988	2
     13.0248112438	      0.3438445214	2
     15.1638529542	      1.6407296308	5
     17.3047918539	      2.9322683859	5
     19.4478017994	      4.2184602231	5
     21.5929441365	      5.4995526627	5
     23.7401773066	      6.7759860564	1
     25.8893753440	      8.0483273501	1
     28.0403509556	      9.3172077540	1
     30.1928782047	     10.5832743017	1
     32.3467112184	     11.8471583086	1
     34.5015973683	     13.1094590308	1
     36.6572851474	     14.3707390066	1
     38.8135277929	     15.6315271245	1
     40.9700839613	     16.8923258656	1
     43.1267167372	     18.1536198627	1
     45.2831922287	     19.4158834375	1
     47.4392790173	     20.6795849926	1
     49.5947492367	     21.9451866727	1
     51.7493823763	     23.2131374315	1
     53.9029736573	     24.4838569042	1
     56.0553476788	     25.7577094296	1
     58.2063761577	     27.0349705908	1
     60.3559993236	     28.3157881272	1
     62.5042478663	     29.6001415166	1
     64.6512600708	     30.8878101785	1
     66.7972909832	     32.1783579373	1
     68.9427093288	     33.4711389687	3
     71.0879800193	     34.7653275437	3
     73.2336323498	     36.0599715025	3
     75.3802164426	     37.3540664177	0
     77.5282533281	     38.6466429631	0
     79.6781862562	     39.9368553075	0
     81.8303414670	     41.2240557993	0
     83.9849053786	     42.5078424487	0
     86.1419218728	     43.7880711555	0
     88.3013085235	     45.0648333783	0
     90.4628857262	     46.3384082757	0
     92.6264099702	     47.6092030485	0
     94.7916028692	     48.8776970623	0
     96.9581724956	     50.1443988300	0
     99.1258271206	     51.4098169500	0
    101.2942816903	     52.6744452428	0
    103.4632581428	     53.9387597287	0
    105.6324813744	     55.2032231589	0
    107.8016727212	     56.4682931762	0
    109.9705422663	     57.7344315331	0
    112.1387809871	     59.0021128327	0
    114.3060539451	     60.2718310568	0
    116.4719961523	     61.5441018071	0
    118.6362134071	     62.8194575992	0
    120.7982910294	     64.0984329036	0
    122.9578137715	     65.3815353863	0
    125.1143993457	     66.6692009977	4
    127.2677442420	     67.9617344052	4
    129.4176741864	     69.2592431206	4
    131.5641858261	     70.5615807984	2
    133.7074658848	     71.8683170204	2
     42.5272799765	     73.1787436817	2
     44.6653446091	     74.4919163478	2
     46.8016703245	     75.8067219841	2
     48.9369164836	     77.1219587696	2
     51.0717434353	     78.4364090494	2
     53.2067805359	     79.7488974391	2
      8.6823104313	      0.2403330512	2
     10.8194567175	      1.5458143780	2
     12.9583589215	      2.8466171080	2
     15.0993533485	      4.1422845261	5
     17.2426563643	      5.4326367001	5
     19.3883577645	      6.7177618439	5
     21.5364269304	      7.9979776827	1
     23.6867315997	      9.2737716031	1
     25.8390644534	     10.5457345866	1
     27.9931708717	     11.8145028922	1
     30.1487726196	     13.0807153827	1
     32.3055849691	     14.3449878533	1
     34.4633270949	     15.6079016259	1
     36.6217268893	     16.8700023414	1
     38.7805218419	     18.1318049723	1
     40.9394575856	     19.3938017544	1
     43.0982855437	     20.6564703704	1
     45.2567610337	     21.9202800875	1
     47.4146427931	     23.1856940263	1
     49.5716947063	     24.4531660217	1
     51.7276916081	     25.7231292765	1
     53.8824305994	     26.9959749770	1
     56.0357471242	     28.2720223640	1
     58.1875347123	     29.5514828902	1
     60.3377673747	     30.8344201525	1
     62.4865199615	     32.1207133363	1
     64.6339823942	     33.4100332317	1
     66.7804630892	     34.7018373389	1
     68.9263786962	     35.9953875815	3
     71.0722292747	     37.2897917143	3
     73.2185601367	     38.5840670876	3
     75.3659142790	     39.8772217270	0
     77.5147819827	     41.1683429108	0
     79.6655556734	     42.4566796062	0
     81.8184978743	     43.7417043857	0
     83.9737278282	     45.0231437367	0
     86.1312282069	     46.3009727627	0
     88.2908682841	     47.5753793307	0
     90.4524359808	     48.8467096648	0
     92.6156698027	     50.1154099815	0
     94.7802843141	     51.3819772507	0
     96.9459879625	     52.6469233296	0
     99.1124934737	     53.9107526144	0
    101.2795213243	     55.1739530511	0
    103.4467977899	     56.4369973576	0
    105.6140497038	     57.7003501181	0
    107.7809976589	     58.9644772631	0
    109.9473487876	     60.2298558762	0
    112.1127901799	     61.4969827904	0
    114.2769843006	     62.7663800228	0
    116.4395682870	     64.0385945154	0
    118.6001596840	     65.3141889052	0
    120.7583717231	     66.5937194512	0
    122.9138407705	     67.8776975925	0
    125.0662660289	     69.1665342964	4
    127.2154565159	     70.4604723508	4
    129.3613744198	     71.7595198858	4
    131.5041613689	     73.0634037512	2
    133.6441386556	     74.3715579902	2
    135.7817822055	     75.6831508066	2
     44.5970792509	     76.9971424216	2
     46.7318855493	     78.3123629085	2
     48.8662691793	     79.6275955641	2
      4.3405804815	      0.1236324378	2
      6.4760372243	      1.4353650064	2
      8.6129039069	      2.7437663994	2
     10.7516691025	      4.0479971765	2
     12.8927181565	      5.3474453668	5
     15.0363110502	      6.6417607259	5
     17.1825693118	      7.9308647274	5
     19.3314772512	      9.2149310282	1
     21.4828992947	     10.4943386206	1
     23.6366090798	     11.7696091641	1
     25.7923223231	     13.0413437390	1
     27.9497261697	     14.3101708952	1
     30.1085009899	     15.5767112182	1
     32.2683338709	     16.8415579169	1
     34.4289250511	     18.1052699858	1
     36.5899892636	     19.3683738061	1
     38.7512539412	     20.6313694310	1
     40.9124559464	     21.8947385995	1
     43.0733383253	     23.1589519270	1
     45.2336482518	     24.4244731367	1
     47.3931369586	     25.6917588907	1
     49.5515631258	     26.9612519494	1
     51.7087015315	     28.2333647275	1
     53.8643570541	     29.5084531362	1
     56.0183825743	     30.7867836662	1
     58.1707005834	     32.0684952772	1
     60.3213256287	     33.3535603081	1
     62.4703828001	     34.6417535486	1
     64.6181171719	     35.9326375150	1
     66.7648906271	     37.2255687759	3
     68.9111643035	     38.5197274827	3
     71.0574667525	     39.8141700462	3
     73.2043502984	     41.1079019868	0
     75.3523408834	     42.3999636342	0
     77.5018889132	     43.6895168014	0
     79.6533293338	     44.9759181104	0
     81.8068579685	     46.2587658622	0
     83.9625278875	     47.5379125654	0
     86.1202647607	     48.8134434915	0
     88.2798953387	     50.0856302227	0
     90.4411804674	     51.3548731187	0
     92.6038445590	     52.6216469044	0
     94.7675976350	     53.8864584813	0
     96.9321498564	     55.1498179015	0
     99.0972186438	     56.4122226232	0
    101.2625292577	     57.6741539766	0
    103.4278111047	     58.9360818602	0
    105.5927919552	     60.1984736732	0
    107.7571915637	     61.4618046532	0
    109.9207156509	     62.7265679551	0
    112.0830513985	     63.9932827080	0
    114.2438660254	     65.2624978020	0
    116.4028105634	     66.5347883362	0
    118.5595313930	     67.8107408577	0
    120.7136920328	     69.0909231672	0
    122.8650061392	     70.3758358457	0
    125.0132789586	     71.6658471518	4
    127.1584492472	     72.9611207876	4
    129.3006199062	     74.2615540755	2
    131.4400671147	     75.5667457944	2
    133.5772251658	     76.8760041156	2
    135.7126524659	     78.1883913700	2
    137.8469873738	     79.5027948446	2
