x  	  y  	  stackinginfo
      0.0000000000	      0.0000000000	0
      2.1973400325	      1.2048126644	0
      4.3942602728	      2.4102713444	0
      6.5903905074	      3.6170120533	0
      8.7854234460	      4.8256205170	0
     10.9791272484	      6.0365842944	0
     13.1713454423	      7.2502555432	3
     15.3619950066	      8.4668304098	3
     17.5510647379	      9.6863466940	1
     19.7386096049	     10.9086998769	1
     21.9247386739	     12.1336739573	1
     24.1095986831	     13.3609793207	1
     26.2933574151	     14.5902888143	1
     28.4761901986	     15.8212658641	1
     30.6582709545	     17.0535824860	1
     32.8397676423	     18.2869280725	1
     35.0208412243	     19.5210111529	1
     37.2016470799	     20.7555564192	1
     39.3823379476	     21.9902989536	1
     41.5630675604	     23.2249771747	1
     43.7439942042	     24.4593258765	1
     45.9252833003	     25.6930707992	1
     48.1071077985	     26.9259266422	1
     50.2896448978	     28.1576009516	1
     52.4730680127	     29.3878058828	1
     54.6575342213	     30.6162777565	1
     56.8431672242	     31.8428039545	1
     59.0300362490	     33.0672570971	1
     61.2181357162	     34.2896288148	1
     63.4073708927	     35.5100532266	1
     65.5975537259	     36.7288131649	1
     67.7884113255	     37.9463262416	5
     69.9796072101	     39.1631122587	5
     72.1707727877	     40.3797468117	5
     74.3615440758	     41.5968077756	2
     76.5515971761	     42.8148221433	2
     78.7406762255	     44.0342208242	2
     80.9286094950	     45.2553082018	2
     83.1153123291	     46.4782507734	2
     85.3007786587	     47.7030849690	2
     87.4850649904	     48.9297395972	2
     89.6682715903	     50.1580653882	2
     91.8505253927	     51.3878635800	2
     94.0319675464	     52.6189073874	2
     96.2127449204	     53.8509566060	2
     98.3930049260	     55.0837669705	2
    100.5728934677	     56.3170943585	2
    102.7525554126	     57.5506947181	2
    104.9321367760	     58.7843210021	2
    107.1117879255	     60.0177183045	2
    109.2916672525	     61.2506182607	2
    111.4719447102	     62.4827337956	2
    113.6528043798	     63.7137556115	2
    115.8344449438	     64.9433522633	2
    118.0170765940	     66.1711761125	2
    120.2009128281	     67.3968777316	2
    122.3861562240	     68.6201306889	2
    124.5729791065	     69.8406663845	4
    126.7615027465	     71.0583145632	4
    128.9517803068	     72.2730409205	4
    131.1437866958	     73.4849719072	0
    133.3374135467	     74.6944002117	0
    135.5324652920	     75.9017698981	0
    137.7286578380	     77.1076432175	3
     46.6050290155	     78.3126529828	0
     48.8023779752	     79.5174533298	0
     50.9996961027	     80.7226949911	3
      6.5362986997	      1.1110119471	0
      8.7324499304	      2.3190412120	0
     10.9275767741	      3.5293063800	0
     13.1214759809	      4.7422210365	3
     15.3140112756	      5.9580478809	3
     17.5051119259	      7.1768868559	3
     19.6947709857	      8.3986828646	1
     21.8830392428	      9.6232517333	1
     24.0700138505	     10.8503177281	1
     26.2558240509	     12.0795529736	1
     28.4406174028	     13.3106106062	1
     30.6245489079	     14.5431476631	1
     32.8077739309	     15.7768376515	1
     34.9904447415	     17.0113748763	1
     37.1727099818	     18.2464730010	1
     39.3547161924	     19.4818600019	1
     41.5366106118	     20.7172712275	1
     43.7185444774	     21.9524419914	1
     45.9006759941	     23.1871010704	1
     48.0831719864	     24.4209667145	1
     50.2662067937	     25.6537473320	1
     52.4499567860	     26.8851491619	1
     54.6345898179	     28.1148920241	1
     56.8202501164	     29.3427323801	1
     59.0070381748	     30.5684942844	1
     61.1949886194	     31.7921047897	1
     63.3840519363	     33.0136237190	1
     65.5740848417	     34.2332592952	1
     67.7648527312	     35.4513645463	1
     69.9560453741	     36.6684137924	5
     72.1473043842	     37.8849624928	5
     74.3382584223	     39.1015962986	2
     76.5285601555	     40.3188764569	2
     78.7179184470	     41.5372892727	2
     80.9061204420	     42.7572071635	2
     83.0930407829	     43.9788672736	2
     85.2786382670	     45.2023700665	2
     87.4629428938	     46.4276954962	2
     89.6460377555	     47.6547302351	2
     91.8280404860	     48.8832978446	2
     94.0090883815	     50.1131841863	2
     96.1893280054	     51.3441551026	2
     98.3689082995	     52.5759684701	2
    100.5479770537	     53.8083809782	2
    102.7266803174	     55.0411501311	2
    104.9051640236	     56.2740326974	2
    107.0835770854	     57.5067809093	2
    109.2620753419	     58.7391375359	2
    111.4408257833	     59.9708308617	2
    113.6200103737	     61.2015707653	2
    115.7998285427	     62.4310474335	2
    117.9804970662	     63.6589346370	2
    120.1622457342	     64.8848997658	2
    122.3453071709	     66.1086226124	2
    124.5299001061	     67.3298236638	2
    126.7162076116	     68.5482998352	4
    128.9043544226	     69.7639617549	4
    131.0943882844	     70.9768639496	0
    133.2862678060	     72.1872200634	0
    135.4798557886	     73.3953993864	3
     44.3543158826	     74.6019049099	0
     46.5505267379	     75.8073349034	0
     48.7474993786	     77.0123354649	0
     50.9448249590	     78.2175635577	0
     53.1421093065	     79.4236731130	0
     55.3389945927	     80.6312971998	3
     10.8748756631	      1.0229964861	0
     13.0701116929	      2.2352601608	0
     15.2642224217	      3.4504002065	3
     17.4570885845	      4.6685776925	3
     19.6486499982	      5.8897908511	1
     21.8389029877	      7.1138950982	1
     24.0278937725	      8.3406381624	1
     26.2157079373	      9.5697007658	1
     28.4024582800	     10.8007333893	1
     30.5882735681	     12.0333833918	1
     32.7732899248	     13.2673114496	1
     34.9576454661	     14.5021989778	1
     37.1414778825	     15.7377487723	1
     39.3249243627	     16.9736811447	1
     41.5081232116	     18.2097274958	1
     43.6912165226	     19.4456228553	1
     45.8743531613	     20.6810987188	1
     48.0576910861	     21.9158776156	1
     50.2413978061	     23.1496711545	1
     52.4256474509	     24.3821838042	1
     54.6106129807	     25.6131243855	1
     56.7964532535	     26.8422254364	1
     58.9832949669	     28.0692701147	1
     61.1712099561	     29.2941266729	1
     63.3601933824	     30.5167828078	1
     65.5501487995	     31.7373697655	1
     67.7408843148	     32.9561691498	1
     69.9321221957	     34.1735993933	5
     72.1235215397	     35.3901833013	5
     74.3147109136	     36.6065014109	5
     76.5053256395	     37.8231377941	2
     78.6950432464	     39.0406258761	2
     80.8836110379	     40.2594021886	2
     83.0708617098	     41.4797752546	2
     85.2567158460	     42.7019141674	2
     87.4411730415	     43.9258568788	2
     89.6242955293	     45.1515332836	2
     91.8061890666	     46.3787952947	2
     93.9869857595	     47.6074456094	2
     96.1668314545	     48.8372590635	2
     98.3458769877	     50.0679974429	2
    100.5242729409	     51.2994189870	2
    102.7021677421	     52.5312827372	2
    104.8797084671	     53.7633487981	2
    107.0570435328	     54.9953758087	2
    109.2343265852	     56.2271168494	2
    111.4117210326	     57.4583148348	2
    113.5894046377	     58.6886984936	2
    115.7675733956	     59.9179802242	2
    117.9464435995	     61.1458573846	2
    120.1262506437	     62.3720188138	2
    122.3072429561	     63.5961583533	2
    124.4896696269	     64.8179965325	2
    126.6737612077	     66.0373099271	4
    128.8597055423	     67.2539649896	4
    131.0476229939	     68.4679500891	4
    133.2375459086	     69.6793982462	3
     42.1088037805	     70.8885947740	0
     44.3024243016	     72.0959675198	0
     46.4975297327	     73.3020599745	0
     48.6937634755	     74.5074915044	0
     50.8907252109	     75.7129169552	0
     53.0880119746	     76.9189991739	0
     55.2852480017	     78.1263873809	0
     57.4821025724	     79.3356839416	0
     59.6783009231	     80.5474004466	3
     15.2133269180	      0.9439051694	3
     17.4076240811	      2.1614419838	3
     19.6007894310	      3.3820529020	3
     21.7927740375	      4.6056384008	1
     23.9835784520	      5.8319775183	1
     26.1732455993	      7.0607682450	1
     28.3618511751	      8.2916663899	1
     30.5494933720	      9.5243158550	1
     32.7362839996	     10.7583686879	1
     34.9223420633	     11.9934958197	1
     37.1077899426	     13.2293901358	1
     39.2927518616	     14.4657641894	1
     41.4773542203	     15.7023446774	1
     43.6617273158	     16.9388653335	1
     45.8460079098	     18.1750595503	1
     48.0303418827	     19.4106539945	1
     50.2148858727	     20.6453647102	1
     52.3998064203	     21.8788976235	1
     54.5852749646	     23.1109556699	1
     56.7714576982	     24.3412540014	1
     58.9585002206	     25.5695429459	1
     61.1465062651	     26.7956392175	1
     63.3355134409	     28.0194623638	1
     65.5254730727	     29.2410660874	1
     67.7162398571	     30.4606551756	1
     69.9075747007	     31.6785826699	1
     72.0991616758	     32.8953264617	5
     74.2906370112	     34.1114486503	5
     76.4816255161	     35.3275435870	2
     78.6717782166	     36.5441818755	2
     80.8608047302	     37.7618583196	2
     83.0484952192	     38.9809518086	2
     85.2347292919	     40.2017035128	2
     87.4194722002	     41.4242158927	2
     89.6027613008	     42.6484697679	2
     91.7846873461	     43.8743524977	2
     93.9653755418	     45.1016888416	2
     96.1449704567	     46.3302663386	2
     98.3236252009	     47.5598531230	2
    100.5014942850	     48.7902102799	2
    102.6787301788	     50.0210988474	2
    104.8554830078	     51.2522821544	2
    107.0319025480	     52.4835247277	2
    109.2081417667	     53.7145891380	2
    111.3843613225	     54.9452319456	2
    113.5607344867	     56.1751997898	2
    115.7374518449	     57.4042267349	2
    117.9147248893	     58.6320341274	2
    120.0927872450	     59.8583343928	2
    122.2718919291	     61.0828402790	2
    124.4523030623	     62.3052807341	2
    126.6342811069	     63.5254236152	2
    128.8180613404	     64.7431039735	4
    131.0038273960	     65.9582543589	3
     39.8710830682	     67.1709314327	3
     42.0610369063	     68.3813327663	0
     44.2529812629	     69.5897993234	0
     46.4466988986	     70.7968014544	0
     48.6418767845	     72.0029101683	0
     50.8381367245	     73.2087604274	0
     53.0350752389	     74.4150164829	0
     55.2323003840	     75.6223417271	0
     57.4294570653	     76.8313649526	0
     59.6262414778	     78.0426386495	0
     61.8224072622	     79.2565956475	4
     64.0177653194	     80.4735154095	3
     19.5518803621	      0.8754972310	3
     21.7452703786	      2.0985142713	5
     23.9375990060	      3.3243716896	1
     26.1288728120	      4.5527922750	1
     28.3191332673	      5.7834447278	1
     30.5084480776	      7.0159760421	1
     32.6969029292	      8.2500346622	1
     34.8845948962	      9.4852843796	1
     37.0716279063	     10.7214099749	1
     39.2581102105	     11.9581167916	1
     41.4441536235	     13.1951264350	1
     43.6298742371	     14.4321703688	1
     45.8153942566	     15.6689827461	1
     48.0008444671	     16.9052936065	1
     50.1863665262	     18.1408236723	1
     52.3721138533	     19.3752823412	1
     54.5582494517	     20.6083709113	1
     56.7449388027	     21.8397932465	1
     58.9323373321	     23.0692746908	1
     61.1205722949	     24.2965890110	1
     63.3097185659	     25.5215937149	1
     65.4997741156	     26.7442665504	1
     67.6906428449	     27.9647319229	1
     69.8821299997	     29.1832691814	1
     72.0739522904	     30.4002995287	5
     74.2657619725	     31.6163530398	5
     76.4571811018	     32.8320207916	5
     78.6478401358	     34.0478989559	2
     80.8374142339	     35.2645326947	2
     83.0256512539	     36.4823682129	2
     85.2123874508	     37.7017206882	2
     87.3975497085	     38.9227629364	2
     89.5811460403	     40.1455346091	2
     91.7632483674	     41.3699665240	2
     93.9439726074	     42.5959119658	2
     96.1234610618	     43.8231757751	2
     98.3018692852	     45.0515356723	2
    100.4793568889	     46.2807575925	2
    102.6560822669	     47.5106056155	2
    104.8322008748	     48.7408465834	2
    107.0078662525	     49.9712506058	2
    109.1832329640	     51.2015889719	2
    111.3584607930	     52.4316307432	2
    113.5337196431	     53.6611390841	2
    115.7091945794	     54.8898683435	2
    117.8850903008	     56.1175629128	2
    120.0616340355	     57.3439589736	2
    122.2390754864	     58.5687903267	2
    124.4176821677	     59.7917994228	2
    126.5977286544	     61.0127542558	5
    128.7794793325	     62.2314705926	5
     37.6425633383	     63.4478379037	3
     39.8283523003	     64.6618459375	3
     42.0163236930	     65.8736071122	3
     44.2064465671	     67.0833695475	3
     46.3985723941	     68.2915163433	0
     48.5924431961	     69.4985500181	0
     50.7877156998	     70.7050644147	0
     52.9839976171	     71.9117097952	0
     55.1808871722	     73.1191563261	0
     57.3780064166	     74.3280554939	0
     59.5750232843	     75.5389972265	4
     61.7716625240	     76.7524647861	4
     63.9677079264	     77.9687961015	4
     66.1629994528	     79.1881616700	4
     68.3574287696	     80.4105653588	5
     23.8906336160	      0.8178558918	5
     26.0831948197	      2.0458106957	5
     28.2748259582	      3.2761066099	5
     30.4655686647	      4.5084001691	1
     32.6554846207	      5.7423416039	1
     34.8446493415	      6.9775915669	1
     37.0331475611	      8.2138293114	1
     39.2210702549	      9.4507542540	1
     41.4085131856	     10.6880831107	1
     43.5955767991	     11.9255444475	1
     45.7823672738	     13.1628720432	1
     47.9689984484	     14.3997981314	1
     50.1555941552	     15.6360475306	1
     52.3422901046	     16.8713339205	1
     54.5292339640	     18.1053600031	1
     56.7165818496	     19.3378237159	1
     58.9044892956	     20.5684326066	1
     61.0930963068	     21.7969266159	1
     63.2825060151	     23.0231095567	1
     65.4727583820	     24.2468874894	1
     67.6638067909	     25.4683032011	1
     69.8555052488	     26.6875557395	1
     72.0476105420	     27.9049987035	1
     74.2397998577	     29.1211165764	5
     76.4317013168	     30.3364827931	5
     78.6229321006	     31.5517058818	2
     80.8131375353	     32.7673712562	2
     83.0020245410	     33.9839870217	2
     85.1893842699	     35.2019423165	2
     87.3751012196	     36.4214850369	2
     89.5591490595	     37.6427214623	2
     91.7415761918	     38.8656346046	2
     93.9224858845	     40.0901140157	2
     96.1020164653	     41.3159875431	2
     98.2803256564	     42.5430466905	2
    100.4575791215	     43.7710651220	2
    102.6339430238	     44.9998116350	2
    104.8095805416	     46.2290572772	2
    106.9846516286	     47.4585776630	2
    109.1593151155	     48.6881520883	2
    111.3337323795	     49.9175608573	2
    113.5080719710	     51.1465819473	2
    115.6825146519	     52.3749879931	2
    117.8572582443	     53.6025444720	2
    120.0325215036	     54.8290099597	2
    122.2085459220	     56.0541393634	2
    124.3855940301	     57.2776910544	5
    126.5639425827	     58.4994386909	5
     35.4232678520	     59.7191880348	5
     37.6050321586	     60.9367979076	5
     39.7888496911	     62.1522035694	3
     41.9748632632	     63.3654405639	3
     44.1631158560	     64.5766648601	3
     46.3535334328	     65.7861640710	3
     48.5459230837	     66.9943560795	3
     50.7399886127	     68.2017730612	0
     52.9353613475	     69.4090321287	0
     55.1316395174	     70.6167968799	0
     57.3284270077	     71.8257338891	4
     59.5253640544	     73.0364660392	4
     61.7221459510	     74.2495243953	4
     63.9185300367	     75.4653050191	4
     66.1143342878	     76.6840403063	4
     68.3094316959	     77.9057926893	2
     70.5037434186	     79.1304720139	5
     72.6972315814	     80.3578701973	5
     28.2295915324	      0.7696900748	5
     30.4214475740	      2.0016270185	5
     32.6125422592	      3.2353267928	5
     34.8029332319	      4.4704512120	1
     36.9926882074	      5.7066771327	1
     39.1818819977	      6.9437000195	1
     41.3705947923	      8.1812326061	1
     43.5589115670	      9.4190005386	1
     45.7469225030	     10.6567364584	1
     47.9347242849	     11.8941735983	1
     50.1224220460	     13.1310397715	1
     52.3101314984	     14.3670527000	1
     54.4979803406	     15.6019180265	1
     56.6861074755	     16.8353319408	1
     58.8746581810	     18.0669907227	1
     61.0637733869	     19.2966090159	1
     63.2535723130	     20.5239468568	1
     65.4441277584	     21.7488459297	1
     67.6354388893	     22.9712692365	1
     69.8274104120	     24.1913312392	1
     72.0198454597	     25.4093084583	1
     74.2124551546	     26.6256266852	5
     76.4048834883	     27.8408268690	5
     78.5967432019	     29.0555152804	5
     80.7876561771	     30.2703052686	2
     82.9772913678	     31.4857587651	2
     85.1653941495	     32.7023363136	2
     87.3518029243	     33.9203638828	2
     89.5364515509	     35.1400215672	2
     91.7193592130	     36.3613537509	2
     93.9006119048	     37.5842951791	2
     96.0803412213	     38.8087037790	2
     98.2587060161	     40.0343901757	2
    100.4358784269	     41.2611396209	2
    102.6120339299	     42.4887280020	2
    104.7873456956	     43.7169317111	2
    106.9619827455	     44.9455320163	2
    109.1361109549	     46.1743155573	2
    111.3098959994	     47.4030725162	2
    113.4835075258	     48.6315937069	2
    115.6571239644	     49.8596675978	2
    117.8309374282	     51.0870780688	2
    120.0051580608	     52.3136036121	2
    122.1800169836	     53.5390186586	5
    124.3557667084	     54.7630977343	5
     33.2120760773	     55.9856231617	5
     35.3904273074	     57.2063969297	5
     37.5704915129	     58.4252569123	1
     39.7525135159	     59.6420964647	1
     41.9366841775	     60.8568861251	1
     44.1231110486	     62.0696965459	3
     46.3117933932	     63.2807184629	3
     48.5026093843	     64.4902746911	3
     50.6953206824	     65.6988183792	3
     52.8895950791	     66.9069138318	3
     55.0850427261	     68.1152011215	4
     57.2812576045	     69.3243498697	4
     59.4778552545	     70.5350083302	4
     61.6745004987	     71.7477511713	4
     63.8709220289	     72.9630314143	4
     66.0669151102	     74.1811452632	2
     68.2623364555	     75.4022182092	2
     70.4570954517	     76.6262157114	2
     72.6511445666	     77.8529737902	2
     74.8444703503	     79.0822388293	5
     77.0370857066	     80.3137042683	5
     32.5687223246	      0.7290280666	5
     34.7600275483	      1.9639006369	5
     36.9507562624	      3.1999881734	5
     39.1409707283	      4.4369846284	1
     41.3307382660	      5.6746003034	1
     43.5201305090	      6.9125586179	1
     45.7092234612	      8.1505909734	1
     47.8980982781	      9.3884308374	1
     50.0868426811	     10.6258078927	1
     52.2755528011	     11.8624430175	1
     54.4643349912	     13.0980450514	1
     56.6533066608	     14.3323108358	1
     58.8425945758	     15.5649306989	1
     61.0323287636	     16.7956017423	1
     63.2226303427	     18.0240502579	1
     65.4135916971	     19.2500635176	1
     67.6052489835	     20.4735302847	1
     69.7975553084	     21.6944794154	1
     71.9903639549	     22.9131030515	1
     74.1834280693	     24.1297563243	1
     76.3764178447	     25.3449329114	5
     78.5689519177	     26.5592212073	5
     80.7606371567	     27.7732481399	2
     82.9511096465	     28.9876185666	2
     85.1400700225	     30.2028588486	2
     87.3273077547	     31.4193735381	2
     89.5127112801	     32.6374223993	2
     91.6962638401	     33.8571203164	2
     93.8780280434	     35.0784571499	2
     96.0581245246	     36.3013295480	2
     98.2367110553	     37.5255738897	2
    100.4139657507	     38.7509919454	2
    102.5900743258	     39.9773698811	2
    104.7652218413	     41.2044910828	2
    106.9395888326	     42.4321428661	2
    109.1133508996	     43.6601185889	2
    111.2866807170	     44.8882168289	2
    113.4597515982	     46.1162390243	2
    115.6327419395	     47.3439866720	2
    117.8058399821	     48.5712588640	2
    119.9792483258	     49.7978507753	5
    122.1531875211	     51.0235536308	5
     31.0072963538	     52.2481566695	5
     33.1830367480	     53.4714516751	5
     35.3600792563	     54.6932407297	5
     37.5386980458	     55.9133478357	1
     39.7191521404	     57.1316346270	1
     41.9016630600	     58.3480192707	1
     44.0863879028	     59.5624981689	1
     46.2733906123	     60.7751703216	1
     48.4626200116	     61.9862599025	3
     50.6539026384	     63.1961288083	3
     52.8469546961	     64.4052708442	3
     55.0414116759	     65.6142841949	3
     57.2368689494	     66.8238262415	4
     59.4329240571	     68.0345594567	4
     61.6292123975	     69.2470950903	4
     63.8254310053	     70.4619400504	2
     66.0213483911	     71.6794550909	2
     68.2168027137	     72.8998328088	2
     70.4116926957	     74.1231003586	2
     72.6059655093	     75.3491445056	2
     74.7996048558	     76.5777496060	2
     76.9926212540	     77.8086357066	2
     79.1850441471	     79.0414892710	5
     81.3769154948	     80.2759867860	5
     36.9079846567	      0.6937985515	5
     39.0989082768	      1.9306427360	5
     41.2894448463	      3.1682175097	5
     43.4796566586	      4.4062453449	1
     45.6696091147	      5.6444570305	1
     47.8593712075	      6.8825862326	1
     50.0490164790	      8.1203638850	1
     52.2386243808	      9.3575131146	1
     54.4282818519	     10.5937454312	1
     56.6180846570	     11.8287592169	1
     58.8081375153	     13.0622422021	1
     60.9985514242	     14.2938803346	1
     63.1894364330	     15.5233752643	1
     65.3808882230	     16.7504711997	1
     67.5729658544	     17.9749918811	1
     69.7656628461	     19.1968837171	1
     71.9588821599	     20.4162504297	1
     74.1524247915	     21.6333664646	1
     76.3459969522	     22.8486642656	5
     78.5392345569	     24.0626983685	5
     80.7317399523	     25.2760933262	5
     82.9231239905	     26.4894832771	2
     85.1130460295	     27.7034513835	2
     87.3012454687	     28.9184780084	2
     89.4875602259	     30.1349061539	2
     91.6719301728	     31.3529295312	2
     93.8543868610	     32.5726036652	2
     96.0350338196	     33.7938741332	2
     98.2140238242	     35.0166111464	2
    100.3915390660	     36.2406391081	2
    102.5677753798	     37.4657586141	2
    104.7429309240	     38.6917623146	2
    106.9171997642	     39.9184442663	2
    109.0907696412	     41.1456039719	2
    111.2638227746	     42.3730468044	2
    113.4365386542	     43.6005823910	2
    115.6090980079	     44.8280221594	2
    117.7816873198	     46.0551768598	5
    119.9545033455	     47.2818546265	5
     28.8071555375	     48.5078600137	5
     30.9810747606	     49.7329943918	5
     33.1559047529	     50.9570581272	5
     35.3319054327	     52.1798551117	1
     37.5093441078	     53.4012004127	1
     39.6884825543	     54.6209318870	1
     41.8695583274	     55.8389261089	1
     44.0527615256	     57.0551178322	1
     46.2382070899	     58.2695243021	1
     48.4259074634	     59.4822742340	1
     50.6157553252	     60.6936325648	1
     52.8075239425	     61.9040090812	3
     55.0008872637	     63.1139425527	3
     57.1954556176	     64.3240609728	4
     59.3908188660	     65.5350269485	4
     61.5865878540	     66.7474780374	2
     63.7824268200	     67.9619690923	2
     65.9780723853	     69.1789240062	2
     68.1733382276	     70.3986052739	2
     70.3681085068	     71.6211075686	2
     72.5623247932	     72.8463753790	2
     74.7559710582	     74.0742374334	2
     76.9490606507	     75.3044456695	2
     79.1416266520	     76.5367079816	2
     81.3337141713	     77.7707137160	2
     83.5253749051	     79.0061516431	5
     85.7166639759	     80.2427199332	5
     41.2473377468	      0.6621180526	5
     43.4380559044	      1.9000922272	5
     45.6285775712	      3.1383621535	5
     47.8189643364	      4.3766623809	1
     50.0092802894	      5.6147252630	1
     52.1995929462	      6.8522758533	1
     54.3899743538	      8.0890277986	1
     56.5805021980	      9.3246810016	1
     58.7712604669	     10.5589222360	1
     60.9623387183	     11.7914306305	1
     63.1538283898	     13.0218905738	1
     65.3458146937	     14.2500137990	1
     67.5383620137	     15.4755710806	1
     69.7314897161	     16.6984341513	1
     71.9251435447	     17.9186186790	1
     74.1191740131	     19.1363114732	1
     76.3133313089	     20.3518714944	1
     78.5072800396	     21.5658039796	5
     80.7006301685	     22.7787143217	5
     82.8929775984	     23.9912499969	2
     85.0839468942	     25.2040384252	2
     87.2732288958	     26.4176290169	2
     89.4606074777	     27.6324482123	2
     91.6459718300	     28.8487750535	2
     93.8293134497	     30.0667412251	2
     96.0107103708	     31.2863526495	2
     98.1903041792	     32.5075230541	2
    100.3682772530	     33.7301068720	2
    102.5448338165	     34.9539244108	2
    104.7201852005	     36.1787806446	2
    106.8945402929	     37.4044774838	2
    109.0681009504	     38.6308201204	2
    111.2410612176	     39.8576190393	2
    113.4136091168	     41.0846894221	2
    115.5859300133	     42.3118492824	5
    117.7582108122	     43.5389172055	5
     26.6100428802	     44.7657102511	5
     28.7828322141	     45.9920424074	5
     30.9561936139	     47.2177239030	5
     33.1303583928	     48.4425616896	1
     35.3055720863	     49.6663615429	1
     37.4820901341	     50.8889325117	1
     39.6601688316	     52.1100947857	1
     41.8400506847	     53.3296921605	1
     44.0219445477	     54.5476092659	1
     46.2060012303	     55.7637939509	1
     48.3922853073	     56.9782879458	1
     50.5807510738	     58.1912601790	1
     52.7712324418	     59.4030286718	1
     54.9634521463	     60.6140583401	3
     57.1570492698	     61.8249306558	5
     59.3516190563	     63.0362922780	5
     61.5467566780	     64.2487939989	2
     63.7420964003	     65.4630293998	2
     65.9373396577	     66.6794810257	2
     68.1322685618	     67.8984817459	2
     70.3267450866	     69.1201984257	2
     72.5206997888	     70.3446403604	2
     74.7141152644	     71.5716878167	2
     76.9070094209	     72.8011302337	2
     79.0994226641	     74.0327015318	2
     81.2914085531	     75.2661074815	2
     83.4830267687	     76.5010461851	2
     85.6743388345	     77.7372207589	2
     87.8654060992	     78.9743449392	5
     90.0562891363	     80.2121435116	5
     45.5867472330	      0.6323378429	5
     47.7774414951	      1.8706876268	5
     49.9681315358	      3.1089158688	5
     52.1588787631	      4.3467500465	1
     54.3497463979	      5.5839060680	1
     56.5408000898	      6.8200853582	1
     58.7321083120	      8.0549743681	1
     60.9237421204	      9.2882478958	1
     63.1157734007	     10.5195783349	1
     65.3082702208	     11.7486533141	1
     67.5012881771	     12.9752026526	1
     69.6948546326	     14.1990352883	1
     71.8889437684	     15.4200846113	1
     74.0834500667	     16.6384473338	1
     76.2781715743	     17.8543994598	1
     78.4728116477	     19.0683830031	1
     80.6670006987	     20.2809676784	5
     82.8603322597	     21.4927969402	5
     85.0524058187	     22.7045267643	2
     87.2428686809	     23.9167644979	2
     89.4314500917	     25.1300158754	2
     91.6179826521	     26.3446486715	2
     93.8024082819	     27.5608799695	2
     95.9847689683	     28.7787879588	2
     98.1651861253	     29.9983411531	2
    100.3438358337	     31.2194328348	2
    102.5209266849	     32.4419095812	2
    104.6966815159	     33.6655927692	2
    106.8713241730	     34.8902938971	2
    109.0450719030	     36.1158236534	2
    111.2181324556	     37.3419959568	2
    113.3907045202	     38.5686287701	5
    115.5629802895	     39.7955431524	5
     24.4145477236	     41.0225615035	5
     26.5868008881	     42.2495055855	5
     28.7593351247	     43.4761947021	5
     30.9323567376	     44.7024443069	1
     33.1060839595	     45.9280652911	1
     35.2807475763	     47.1528642988	1
     37.4565888255	     48.3766457038	1
     39.6338534863	     49.5992163349	1
     41.8127810406	     50.8203944989	1
     43.9935883997	     52.0400244804	1
     46.1764488510	     53.2579969962	1
     48.3614661685	     54.4742783541	1
     50.5486477106	     55.6889478905	1
     52.7378864635	     56.9022302849	1
     54.9289598046	     58.1145069248	1
     57.1215470781	     59.3262977018	5
     59.3152626386	     60.5382167081	5
     61.5096978813	     61.7509128687	2
     63.7044642044	     62.9650064795	2
     65.8992286777	     64.1810308462	2
     68.0937367135	     65.3993864408	2
     70.2878194751	     66.6203146873	2
     72.4813875588	     67.8438958928	2
     74.6744155640	     69.0700696222	2
     76.8669231823	     70.2986694474	2
     79.0589583383	     71.5294601612	2
     81.2505852122	     72.7621678445	2
     83.4418754469	     73.9965025219	2
     85.6329021517	     75.2321737365	2
     87.8237367537	     76.4688987437	2
     90.0144479025	     77.7064047519	2
     92.2051015316	     78.9444271158	5
     94.3957614258	     80.1827051343	5
     49.9261892506	      0.6029650992	5
     52.1170477725	      1.8409611836	5
     54.3080973466	      3.0784008835	5
     56.4993987141	      4.3149878593	1
     58.6910122132	      5.5504089385	1
     60.8829971879	      6.7843360221	1
     63.0754106018	      8.0164329055	1
     65.2683041644	      9.2463691918	1
     67.4617189629	     10.4738432277	1
     69.6556765302	     11.6986141034	1
     71.8501622624	     12.9205436970	1
     74.0451013983	     14.1396420396	1
     76.2403361190	     15.3560972363	1
     78.4356146133	     16.5702767395	1
     80.6305996295	     17.7826994261	5
     82.8248962306	     18.9939872585	5
     85.0180915300	     20.2048069054	2
     87.2097982503	     21.4158084682	2
     89.3996944480	     22.6275677886	2
     91.5875532770	     23.8405402042	2
     93.7732585978	     25.0550345916	2
     95.9568045427	     26.2712126820	2
     98.1382804501	     27.4891102257	2
    100.3178465152	     28.7086697799	2
    102.4957087271	     29.9297721167	2
    104.6720972613	     31.1522603733	2
    106.8472492744	     32.3759582864	2
    109.0213975565	     33.6006823509	2
    111.1947648026	     34.8262484190	5
    113.3675621659	     36.0524744359	5
     22.2193891772	     37.2791808497	5
     24.3916429665	     38.5061897273	5
     26.5639132700	     39.7333232100	5
     28.7363927768	     40.9604017140	1
     30.9092795859	     42.1872421520	1
     33.0827803118	     43.4136564101	1
     35.2571117606	     44.6394503710	1
     37.4325004796	     45.8644240247	1
     39.6091792778	     47.0883736809	1
     41.7873796150	     48.3110979288	1
     43.9673189094	     49.5324091180	1
     46.1491827378	     50.7521517105	1
     48.3331022336	     51.9702290374	1
     50.5191276468	     53.1866408024	1
     52.7072056754	     54.4015220993	1
     54.8971695733	     55.6151664966	1
     57.0887465407	     56.8280208854	5
     59.2815819861	     58.0406513393	5
     61.4752765065	     59.2536889206	5
     63.6694289170	     60.4677666068	2
     65.8636771299	     61.6834577264	2
     68.0577289742	     62.9012241141	2
     70.2513783924	     64.1213808966	2
     72.4445063968	     65.3440834980	2
     74.6370697801	     66.5693380670	2
     76.8290826789	     67.7970300450	2
     79.0205967707	     69.0269608332	2
     81.2116855761	     70.2588811033	2
     83.4024334357	     71.4925159126	2
     85.5929276315	     72.7275829428	2
     87.7832535605	     73.9638036267	2
     89.9734925789	     75.2009077285	2
     92.1637216026	     76.4386330433	2
     94.3540135957	     77.6767219631	2
     96.5444383361	     78.9149163238	5
     98.7350630865	     80.1529516215	5
     54.2656523024	      0.5725398868	5
     56.4568701855	      1.8094116832	5
     58.6484761706	      3.0452440448	5
     60.8405263697	      4.2797075291	1
     63.0330710461	      5.5124596975	1
     65.2261518783	      6.7431564346	1
     67.4197980167	      7.9714714197	1
     69.6140204373	      9.1971245557	1
     71.8088028787	     10.4199191477	1
     74.0040854719	     11.6397874261	1
     76.1997432782	     12.8568305717	1
     78.3955679910	     14.0713346289	1
     80.5912630446	     15.2837551336	3
     82.7864584662	     16.4946764703	3
     84.9807435395	     17.7047575664	4
     87.1737088372	     18.9146729765	4
     89.3649891165	     20.1250542828	2
     91.5542997176	     21.3364374300	2
     93.7414611629	     22.5492248492	2
     95.9264086431	     23.7636707600	2
     98.1091854587	     24.9798907702	2
    100.2899230022	     26.1978887838	2
    102.4688143423	     27.4175891741	2
    104.6460895800	     28.6388636814	2
    106.8219949304	     29.8615522103	2
    108.9967771036	     31.0854782260	5
    111.1706739050	     32.3104584630	5
     20.0233086491	     33.5363082142	5
     22.1960959775	     34.7628436701	5
     24.3686350619	     35.9898823778	5
     26.5411193442	     37.2172425121	1
     28.7137393261	     38.4447414098	1
     30.8866868159	     39.6721936922	1
     33.0601585748	     40.8994092338	1
     35.2343588390	     42.1261912639	1
     37.4095001447	     43.3523350800	1
     39.5858017213	     44.5776282963	1
     41.7634844835	     45.8018542260	1
     43.9427615616	     47.0248004247	1
     46.1238237451	     48.2462745415	1
     48.3068201398	     49.4661286718	1
     50.4918341003	     50.6842944442	1
     52.6788587460	     51.9008248825	1
     54.8677807279	     53.1159263078	1
     57.0583785279	     54.3299655439	1
     59.2503374142	     55.5434478652	5
     61.4432792018	     56.7569710822	5
     63.6368020148	     57.9711657142	2
     65.8305229851	     59.1866322774	2
     68.0241154994	     60.4038847540	2
     70.2173338637	     61.6233076494	2
     72.4100224149	     62.8451326350	2
     74.6021102227	     64.0694380640	2
     76.7935957823	     65.2961690976	2
     78.9845269984	     66.5251707806	2
     81.1749820805	     67.7562233378	2
     83.3650555594	     68.9890705758	2
     85.5548483204	     70.2234406578	2
     87.7444609153	     71.4590601637	2
     89.9339898863	     72.6956614208	2
     92.1235264395	     73.9329842375	2
     94.3131565468	     75.1707736883	2
     96.5029616712	     76.4087754814	2
     98.6930195480	     77.6467301296	2
    100.8834046518	     78.8843669147	5
    103.0741881131	     80.1213985607	5
     58.6051362641	      0.5395059819	5
     60.7969116235	      1.7743838814	5
     62.9892664241	      3.0076745277	5
     65.1822418003	      4.2390234709	1
     67.3758629493	      5.4680848507	1
     69.5701344388	      6.6945469822	1
     71.7650347658	      7.9181660807	1
     73.9605075369	      9.1388083596	1
     76.1564468165	     10.3564945895	1
     78.3526791921	     11.5714282033	3
     80.5489503190	     12.7839933487	3
     82.7449257852	     13.9947236837	3
     84.9402116173	     15.2042534416	4
     87.1343908639	     16.4132621189	4
     89.3270666843	     17.6224183555	4
     91.5179031973	     18.8323254111	4
     93.7066573675	     20.0434747082	2
     95.8931978186	     21.2562174676	2
     98.0775082848	     22.4707601432	2
    100.2596756909	     23.6871811630	2
    102.4398665039	     24.9054596478	2
    104.6182997510	     26.1255043653	2
    106.7952230220	     27.3471769497	5
    108.9708926652	     28.5703102985	5
     17.8249584722	     29.7947218166	5
     19.9988621069	     31.0202219628	5
     22.1722254086	     32.2466192267	5
     24.3452572941	     33.4737225355	1
     26.5181552775	     34.7013418121	1
     28.6911096243	     35.9292872068	1
     30.8643078128	     37.1573674053	1
     33.0379386634	     38.3853873478	1
     35.2121955986	     39.6131456869	1
     37.3872785152	     40.8404324500	1
     39.5633936581	     42.0670277548	1
     41.7407506854	     43.2927030709	1
     43.9195559227	     44.5172270971	1
     46.1000008695	     45.7403788615	1
     48.2822458954	     46.9619695866	1
     50.4663992062	     48.1818744591	1
     52.6524926678	     49.4000739886	1
     54.8404615986	     50.6166914913	1
     57.0301357850	     51.8320109617	1
     59.2212456841	     53.0464676284	5
     61.4134440081	     54.2606125005	5
     63.6063398747	     55.4750585660	5
     65.7995401169	     56.6904193555	2
     67.9926900400	     57.9072495829	2
     70.1855054285	     59.1259958138	2
     72.3777901057	     60.3469638234	2
     74.5694379959	     61.5703071659	2
     76.7604224075	     62.7960374544	2
     78.9507778672	     64.0240511980	2
     81.1405799312	     65.2541642114	2
     83.3299280389	     66.4861434237	2
     85.5189332740	     67.7197305587	2
     87.7077096589	     68.9546589831	2
     89.8963687751	     70.1906639578	2
     92.0850171522	     71.4274868281	2
     94.2737556246	     72.6648745234	2
     96.4626797905	     73.9025758858	2
     98.6518808362	     75.1403361468	2
    100.8414461908	     76.3778906375	2
    103.0314596262	     77.6149587006	2
    105.2220005204	     78.8512388226	5
    107.4131420597	     80.0864062024	5
     62.9446475676	      0.5021026517	5
     65.1371688769	      1.7339902294	5
     67.3304371797	      2.9636963269	5
     69.5244601372	      4.1908834861	1
     71.7192163825	      5.4152693219	1
     73.9146506960	      6.6366653141	1
     76.1106664626	      7.8550215232	3
     78.3071137669	      9.0704627323	3
     80.5037750351	     10.2832988640	3
     82.7003560519	     11.4940042863	3
     84.8964921805	     12.7031750029	3
     87.0917740765	     13.9114774734	4
     89.2857873860	     15.1195966689	4
     91.4781556353	     16.3281842514	4
     93.6685775279	     17.5378086887	4
     95.8568532709	     18.7489160804	4
     98.0428974102	     19.9618106666	2
    100.2267368517	     21.1766578729	2
    102.4084947644	     22.3935045760	2
    104.5883648299	     23.6123067625	5
    106.7665845564	     24.8329552002	5
     15.6228105910	     26.0552964528	5
     17.7985064264	     27.2791497249	5
     19.9733213367	     28.5043193224	5
     22.1474904623	     29.7306030859	1
     24.3212320221	     30.9577974953	1
     26.4947492011	     32.1857001127	1
     28.6682338821	     33.4141099488	1
     30.8418711746	     34.6428262747	1
     33.0158439474	     35.8716463322	1
     35.1903367482	     37.1003623682	1
     37.3655385870	     38.3287584975	1
     39.5416440400	     39.5566081985	1
     41.7188519892	     40.7836738221	1
     43.8973611184	     42.0097101132	1
     46.0773611374	     43.2344745171	1
     48.2590192832	     44.4577463085	1
     50.4424622451	     45.6793549757	1
     52.6277536135	     46.8992187018	1
     54.8148717511	     48.1173844321	1
     57.0036955089	     49.3340542196	1
     59.1940028200	     50.5495876559	1
     61.3854841168	     51.7644779988	5
     63.5777696077	     52.9793067090	5
     65.7704667709	     54.1946857801	2
     67.9632016612	     55.4111976941	2
     70.1556559231	     56.6293414558	2
     72.3475922157	     57.8494919024	2
     74.5388643115	     59.0718779594	2
     76.7294127315	     60.2965823186	2
     78.9192498678	     61.5235602394	2
     81.1084402153	     62.7526703004	2
     83.2970812070	     63.9837076911	2
     85.4852885996	     65.2164315081	2
     87.6731859386	     66.4505843144	2
     89.8608972972	     67.6859053301	2
     92.0485432090	     68.9221373448	2
     94.2362390215	     70.1590283368	2
     96.4240948317	     71.3963292117	2
     98.6122162107	     72.6337890068	2
    100.8007050443	     73.8711487177	2
    102.9896599601	     75.1081347587	2
    105.1791759220	     76.3444530876	2
    107.3693426313	     77.5797852194	2
    109.5602414359	     78.8137876942	5
    111.7519405745	     80.0460969275	5
     67.2841882379	      0.4583298966	5
     69.4776080998	      1.6861518174	5
     71.6718889901	      2.9112365316	3
     73.8669832011	      4.1333497529	3
     76.0628023592	      5.3523806474	3
     78.2592121946	      6.5683823136	3
     80.4560232916	      7.7815919909	3
     82.6529796187	      8.9924210210	3
     84.8497535674	     10.2014186779	0
     87.0459575009	     11.4092245171	0
     89.2411745705	     12.6165206108	0
     91.4350007416	     13.8239850629	4
     93.6270859386	     15.0322444992	4
     95.8171662611	     16.2418295234	4
     98.0050841052	     17.4531423991	4
    100.1907953504	     18.6664444854	4
    102.3743629574	     19.8818637869	5
    104.5559380704	     21.0994159880	5
     13.4151319427	     22.3190303691	5
     15.5933958756	     23.5405735104	5
     17.7703900584	     24.7638694489	5
     19.9463729770	     25.9887164201	1
     22.1215897541	     27.2148995794	1
     24.2962678475	     28.4421996906	1
     26.4706171025	     29.6703981956	1
     28.6448325946	     30.8992792654	1
     30.8190989395	     32.1286294904	1
     32.9935950576	     33.3582358393	1
     35.1684986438	     34.5878824651	1
     37.3439897548	     35.8173469523	1
     39.5202529794	     37.0463968133	1
     41.6974775833	     38.2747875149	1
     43.8758548527	     39.5022639136	1
     46.0555716467	     40.7285678460	1
     48.2367994217	     41.9534542821	1
     50.4196787667	     43.1767163947	1
     52.6042991129	     44.3982199507	1
     54.7906763217	     45.6179434703	1
     56.9787348625	     46.8360106407	1
     59.1683001994	     48.0527030872	1
     61.3591046593	     49.2684482379	5
     63.5508074304	     50.4837838065	5
     65.7430267086	     51.6993061612	5
     67.9353791362	     52.9156118359	2
     70.1275192370	     54.1332409044	2
     72.3191710145	     55.3526298550	2
     74.5101460027	     56.5740804607	2
     76.7003461688	     57.7977488665	2
     78.8897541640	     59.0236549766	2
     81.0784156477	     60.2517073963	2
     83.2664191892	     61.4817356834	2
     85.4538790082	     62.7135207443	2
     87.6409228240	     63.9468175326	2
     89.8276830578	     65.1813709886	2
     92.0142911287	     66.4169258527	2
     94.2008746434	     67.6532307199	2
     96.3875566242	     68.8900375588	2
     98.5744559609	     70.1270980504	2
    100.7616883657	     71.3641579311	2
    102.9493671929	     72.6009503890	2
    105.1376035798	     73.8371895361	2
    107.3265054101	     75.0725651423	2
    109.5161746357	     76.3067401729	2
    111.7067025668	     77.5393531303	2
    113.8981629963	     78.7700275268	5
    116.0906036237	     79.9983905139	5
     71.6237366169	      0.4060895378	5
     73.8181346662	      1.6288746599	3
     76.0134240526	      2.8485708343	3
     78.2094860835	      4.0651667810	3
     80.4061534406	      5.2788308527	3
     82.6032025242	      6.4899109674	0
     84.8003441296	      7.6989059016	0
     86.9972227230	      8.9064203449	0
     89.1934339542	     10.1131192049	0
     91.3885605715	     11.3196863501	0
     93.5822154808	     12.5267835080	0
     95.7740792635	     13.7350072801	4
     97.9639260706	     14.9448493856	4
    100.1516373830	     16.1566694940	4
    102.3372042752	     17.3706871284	4
     11.2001162800	     18.5869914113	5
     13.3817469888	     19.8055620858	5
     15.5617184462	     21.0262943927	5
     17.7402818384	     22.2490225903	1
     19.9176953356	     23.4735409459	1
     22.0942094699	     24.6996213635	1
     24.2700589922	     25.9270265965	1
     26.4454602468	     27.1555188320	1
     28.6206124526	     28.3848641102	1
     30.7957013152	     29.6148333612	1
     32.9709037065	     30.8452009144	1
     35.1463924739	     32.0757412738	1
     37.3223406858	     33.3062249049	1
     39.4989247344	     34.5364138919	1
     41.6763257014	     35.7660586733	1
     43.8547282760	     36.9948976022	1
     46.0343162840	     38.2226619398	1
     48.2152639336	     39.4490888606	1
     50.3977225706	     40.6739431633	1
     52.5818028412	     41.8970473743	1
     54.7675531448	     43.1183200310	1
     56.9549397218	     44.3378117717	1
     59.1438342293	     45.5557265564	1
     61.3340129902	     46.7724206599	1
     63.5251698742	     47.9883779591	5
     65.7169423145	     49.2041661863	5
     67.9089471500	     50.4203821584	2
     70.1008201995	     51.6375945539	2
     72.2922519392	     52.8562921760	2
     74.4830124629	     54.0768447739	2
     76.6729619899	     55.2994819606	2
     78.8620473255	     56.5242925259	2
     81.0502879762	     57.7512417800	2
     83.2377569677	     58.9802003707	2
     85.4245615739	     60.2109759937	2
     87.6108284859	     61.4433397948	2
     89.7966936967	     62.6770449761	2
     91.9822954951	     63.9118393931	2
     94.1677703659	     65.1474723392	2
     96.3532513582	     66.3836961799	2
     98.5388681224	     67.6202641617	2
    100.7247478552	     68.8569256445	2
    102.9110164899	     70.0934198216	2
    105.0977995017	     71.3294689439	2
    107.2852217246	     72.5647721727	2
    109.4734055655	     73.7990015101	2
    111.6624670053	     75.0318017583	2
    113.8525089119	     76.2627969552	2
    116.0436116870	     77.4916057651	2
    118.2358223191	     78.7178671449	5
    120.4291444399	     79.9412751088	4
     75.9632318403	      0.3436086657	3
     78.1585902396	      1.5608216830	3
     80.3547744575	      2.7750058749	0
     82.5515889513	      3.9864462815	0
     84.7487798220	      5.1955896336	0
     86.9460279346	      6.4030028731	0
     89.1429539513	      7.6093266238	0
     91.3391427842	      8.8152356174	0
     93.5341837416	     10.0214044595	0
     95.7277124953	     11.2284720098	0
     97.9194431726	     12.4370020100	0
    100.1091870451	     13.6474458816	4
      8.9762586505	     14.8601187444	3
     11.1618802369	     16.0751943923	3
     13.3455610303	     17.2927167333	3
     15.5274822249	     18.5126211942	1
     17.7078696441	     19.7347602577	1
     19.8869695605	     20.9589288628	1
     22.0650299663	     22.1848872085	1
     24.2422882951	     23.4123792774	1
     26.4189653781	     24.6411458991	1
     28.5952643648	     25.8709323575	1
     30.7713729728	     27.1014913629	1
     32.9474675781	     28.3325824870	1
     35.1237180079	     29.5639691429	1
     37.3002921950	     30.7954140724	1
     39.4773600355	     32.0266742987	1
     41.6550958261	     33.2574967261	1
     43.8336785741	     34.4876159926	1
     46.0132892544	     35.7167569820	1
     48.1941039870	     36.9446445779	1
     50.3762827633	     38.1710218798	1
     52.5599539237	     39.3956764336	1
     54.7451942026	     40.6184751911	1
     56.9320078621	     41.8394020640	1
     59.1203107103	     43.0585856110	1
     61.3099237466	     44.2763080419	1
     63.5005794114	     45.4929914949	5
     65.6919412151	     46.7091635040	5
     67.8836348783	     47.9254078762	5
     70.0752862388	     49.1423089189	2
     72.2665589954	     50.3603970082	2
     74.4571850429	     51.5801029639	2
     76.6469821516	     52.8017276840	2
     78.8358573060	     54.0254311859	2
     81.0237977766	     55.2512411082	2
     83.2108543789	     56.4790760959	2
     85.3971219313	     57.7087764451	2
     87.5827217982	     58.9401335562	2
     89.7677895234	     60.1729119962	2
     91.9524664013	     61.4068646252	2
     94.1368942131	     62.6417420814	2
     96.3212126880	     63.8772968750	2
     98.5055590068	     65.1132830078	2
    100.6900685997	     66.3494524028	2
    102.8748765921	     67.5855493036	2
    105.0601192640	     68.8213036408	2
    107.2459348639	     70.0564244352	2
    109.4324630704	     71.2905945611	2
    111.6198423181	     72.5234686757	2
    113.8082042006	     73.7546766995	2
    115.9976644373	     74.9838355672	2
    118.1883108031	     76.2105713380	2
    120.3801901162	     77.4345517759	4
    122.5732980003	     78.6555274743	4
    124.7675745615	     79.8733762068	4
     80.3026051139	      0.2701277807	3
     82.4988248193	      1.4820273256	0
     84.6957116674	      2.6914554604	0
     86.8929819265	      3.8989395772	0
     89.0902875842	      5.1050947480	0
     91.2872297341	      6.3105801989	0
     93.4833896597	      7.5160675020	0
     95.6783706487	      8.7222142869	0
     97.8718366448	      9.9296331100	0
      6.7429357052	     11.1388516955	3
      8.9327168480	     12.3502760902	3
     11.1205234180	     13.5641699264	3
     13.3063950231	     14.7806527709	3
     15.4904533425	     15.9997136115	1
     17.6728812643	     17.2212343380	1
     19.8538984746	     18.4450180861	1
     22.0337392563	     19.6708175310	1
     24.2126360981	     20.8983592818	1
     26.3908098348	     22.1273622731	1
     28.5684655384	     23.3575494526	1
     30.7457926646	     24.5886533953	1
     32.9229679024	     25.8204171454	1
     35.1001594302	     27.0525917041	1
     37.2775315920	     28.2849314144	1
     39.4552492289	     29.5171883645	1
     41.6334809926	     30.7491070040	1
     43.8124009032	     31.9804204522	1
     45.9921871553	     33.2108506267	1
     48.1730170961	     34.4401147253	1
     50.3550578153	     35.6679398973	1
     52.5384526318	     36.8940859809	1
     54.7233030902	     38.1183764185	1
     56.9096480504	     39.3407352267	1
     59.0974451912	     40.5612192253	1
     61.2865600194	     41.7800356393	1
     63.4767661094	     42.9975390232	1
     65.6677584166	     44.2142067513	5
     67.8591790803	     45.4305971526	5
     70.0506523290	     46.6472971234	2
     72.2418225460	     47.8648669426	2
     74.4323883577	     49.0837899365	2
     76.6221265304	     50.3044340764	2
     78.8109022803	     51.5270310458	2
     80.9986662043	     52.7516750798	2
     83.1854411455	     53.9783392847	2
     85.3713037990	     55.2069031290	2
     87.5563658390	     56.4371830611	2
     89.7407589206	     57.6689583943	2
     91.9246244428	     58.9019893511	2
     94.1081067202	     60.1360291609	2
     96.2913493110	     61.3708307055	2
     98.4744939019	     62.6061482525	2
    100.6576808997	     63.8417354108	2
    102.8410509910	     65.0773405079	2
    105.0247471086	     66.3127004533	2
    107.2089161969	     67.5475341038	2
    109.3937100477	     68.7815363322	2
    111.5792843437	     70.0143744072	2
    113.7657949084	     71.2456888699	2
    115.9533901963	     72.4751015934	2
    118.1421996476	     73.7022336668	2
    120.3323190685	     74.9267345058	2
    122.5237961704	     76.1483213541	4
    124.7166206576	     77.3668239546	4
    126.9107216427	     78.5822243199	0
    129.1059700708	     79.7946803048	0
     84.6418786573	      0.1865134282	3
     86.8387993849	      1.3942295971	0
     89.0361151558	      2.6004053572	0
     91.2334503918	      3.8056850014	0
     93.4303934249	      5.0107309110	0
     95.6265308843	      6.2162024534	0
      4.5008867848	      7.4227377494	3
      6.6943616476	      8.6309198647	0
      8.8861390965	      9.8412326689	0
     11.0760954008	     11.0540264449	3
     13.2641971691	     12.2695021493	3
     15.4504961455	     13.4877137261	1
     17.6351163271	     14.7085853455	1
     19.8182340187	     15.9319391590	1
     22.0000555570	     17.1575275751	1
     24.1807978456	     18.3850638470	1
     26.3606745707	     19.6142465724	1
     28.5398884973	     20.8447762951	1
     30.7186288242	     22.0763645118	1
     32.8970721205	     23.3087365013	1
     35.0753854393	     24.5416297226	1
     37.2537304980	     25.7747893670	1
     39.4322680823	     27.0079624141	1
     41.6111619253	     28.2408914463	1
     43.7905812746	     29.4733095835	1
     45.9707011687	     30.7049383970	1
     48.1516992452	     31.9354912696	1
     50.3337482115	     33.1646844812	1
     52.5170040485	     34.3922565188	1
     54.7015900035	     35.6179949320	1
     56.8875764142	     36.8417709195	1
     59.0749605461	     38.0635742223	1
     61.2636518056	     39.2835377715	1
     63.4534665998	     40.5019445301	1
     65.6441355690	     41.7192133584	5
     67.8353237388	     42.9358656561	5
     70.0266614764	     44.1524781160	5
     72.2177814438	     45.3696286890	2
     74.4083549010	     46.5878433520	2
     76.5981206684	     47.8075511318	2
     78.7869020129	     49.0290539397	2
     80.9746099505	     50.2525153946	2
     83.1612347557	     51.4779687420	2
     85.3468298207	     52.7053393809	2
     87.5314926870	     53.9344745844	2
     89.7153477909	     55.1651723378	2
     91.8985340195	     56.3972030235	2
     94.0811962612	     57.6303241293	2
     96.2634801910	     58.8642895615	2
     98.4455300769	     60.0988537418	2
    100.6274888919	     61.3337713385	2
    102.8094998911	     62.5687938864	2
    104.9917089473	     63.8036644539	2
    107.1742670766	     65.0381113429	2
    109.3573325172	     66.2718419105	2
    111.5410715470	     67.5045379251	2
    113.7256569720	     68.7358543542	2
    115.9112630765	     69.9654240869	2
    118.0980560318	     71.1928714241	2
    120.2861796941	     72.4178366498	2
    122.4757386643	     73.6400120391	4
    124.6667828171	     74.8591853562	4
    126.8592980615	     76.0752820408	4
    129.0532046651	     77.2883948740	0
    131.2483584450	     78.4987924402	0
    133.4445482373	     79.7069038014	0
     88.9811899357	      0.0952709570	3
     91.1785331184	      1.3005459578	0
     93.3758793543	      2.5053725123	0
      2.2522128522	      3.7104051831	3
      4.4483393061	      4.9162905035	0
      6.6433137147	      6.1236459763	0
      8.8368700193	      7.3330153053	0
     11.0288256424	      8.5448246728	3
     13.2190805878	      9.7593546004	3
     15.4076156925	     10.9767301794	3
     17.5944871664	     12.1969290116	1
     19.7798139807	     13.4198045116	1
     21.9637594679	     14.6451191478	1
     24.1465117560	     15.8725799153	1
     26.3282673331	     17.1018691345	1
     28.5092198382	     18.3326667545	1
     30.6895541199	     19.5646635546	1
     32.8694445640	     20.7975666006	1
     35.0490563834	     22.0310990289	1
     37.2285487279	     23.2649961163	1
     39.4080786503	     24.4989992567	1
     41.5878051153	     25.7328491814	1
     43.7678922735	     26.9662797871	1
     45.9485110678	     28.1990141641	1
     48.1298379067	     29.4307651040	1
     50.3120491553	     30.6612425436	1
     52.4953110551	     31.8901692466	1
     54.6797655045	     33.1173039266	1
     56.8655112443	     34.3424722003	1
     59.0525828241	     35.5656021678	1
     61.2409327139	     36.7867544932	1
     63.4304213349	     38.0061381658	1
     65.6208184860	     39.2241067121	1
     67.8118177050	     40.4411342510	5
     70.0030626174	     41.6577749233	5
     72.1941816202	     42.8746118247	2
     74.3848250112	     44.0922027171	2
     76.5746978084	     45.3110300973	2
     78.7635825656	     46.5314628565	2
     80.9513491476	     47.7537352124	2
     83.1379516998	     48.9779452547	2
     85.3234158345	     50.2040708482	2
     87.5078206247	     51.4319966057	2
     89.6912800660	     52.6615439776	2
     91.8739281553	     53.8924967964	2
     94.0559086308	     55.1246190256	2
     96.2373681603	     56.3576666854	2
     98.4184527341	     57.5913945390	2
    100.5993068595	     58.8255579227	2
    102.7800747575	     60.0599108731	2
    104.9609028004	     61.2942017975	2
    107.1419425600	     62.5281677910	2
    109.3233538818	     63.7615286052	2
    111.5053072490	     64.9939814803	2
    113.6879844862	     66.2251984866	2
    115.8715765757	     67.4548285529	2
    118.0562771731	     68.6825068722	2
    120.2422707845	     69.9078743544	2
    122.4297159600	     71.1306084512	2
    124.6187263061	     72.3504633498	4
    126.8093543397	     73.5673126715	4
    129.0015824353	     74.7811842081	0
    131.1953202070	     75.9922770233	0
    133.3904026983	     77.2009565341	0
    135.5865859486	     78.4077287413	0
    137.7835470029	     79.6131973680	0
