0.00      0.00             -55861.4504177     -55873.1202336     -55873.1202339

0.00      0.04              -55861.450418     -55873.2944707     -55873.2944715

0.00      0.08             -55861.4504184     -55873.6944949     -55873.6944952

0.00      0.12             -55861.4504179      -55873.865395     -55873.8653955

0.00      0.16             -55861.4504178     -55873.9630177     -55873.9630181

0.00      0.20             -55861.4504182     -55874.0199999     -55874.0200003

0.00      0.24             -55861.4504181     -55874.0453141      -55874.045315

0.00      0.28             -55861.4504178     -55874.0559867      -55874.055987

0.00      0.3             -55861.4504178     -55874.0468818     -55874.0468825

0.00      0.32             -55861.4504181     -55874.0386451     -55874.0386456

0.00      0.38              -55861.450418     -55874.1766544      -55874.176655

0.00      0.42             -55861.4504183     -55874.6071623     -55874.6071628

0.00      0.46             -55861.4504181      -55875.052898     -55875.0528984

0.00      0.50             -55861.4504181     -55875.3770319     -55875.3770323

0.00      0.54              -55861.450418     -55875.7719959     -55875.7719961

0.00      0.58             -55861.4504181     -55876.0129375     -55876.0129383

0.00      0.62             -55861.4504181     -55876.1659672     -55876.1659679

0.00      0.66              -55861.450418     -55876.1202307     -55876.1202313

0.00      0.70              -55861.450418     -55876.2010845     -55876.2010848

0.00      0.74             -55861.4504183     -55876.0811514     -55876.0811524

0.00      0.78              -55861.450418     -55875.8666112     -55875.8666116

0.00      0.82             -55861.4504179     -55875.5575727     -55875.5575736

0.00      0.86             -55861.4504182     -55875.1513169     -55875.1513177

0.00      0.90             -55861.4504178     -55874.6501878     -55874.6501884

0.00      0.94             -55861.4504179     -55874.0625797     -55874.0625806

0.00      0.98              -55861.450418     -55873.4209244     -55873.4209253

0.00      1.00             -55861.4504177     -55873.1202336     -55873.1202339

0.04      0.00             -55861.4504181     -55873.4727376     -55873.4727379

0.04      0.04             -55861.4504181     -55873.7875559     -55873.7875564

0.04      0.08             -55861.4504184     -55874.0260885      -55874.026089

0.04      0.12             -55861.4504183     -55874.1850716     -55874.1850721

0.04      0.16             -55861.4504178     -55874.2675878     -55874.2675881

0.04      0.20             -55861.4504184     -55874.2893342     -55874.2893349

0.04      0.24             -55861.4504183     -55874.2438809     -55874.2438813

0.04      0.28             -55861.4504177     -55874.1555602     -55874.1555607

0.04      0.3             -55861.4504175     -55874.1073223     -55874.1073229

0.04      0.32             -55861.4504177     -55874.0683542     -55874.0683545

0.04      0.38             -55861.4504178       -55874.16259     -55874.1625906

0.04      0.42             -55861.4504181     -55874.5923087     -55874.5923095

0.04      0.46             -55861.4504179     -55875.0397837     -55875.0397843

0.04      0.50             -55861.4504181     -55875.3634708     -55875.3634712

0.04      0.54             -55861.4504177      -55875.761906     -55875.7619066

0.04      0.58             -55861.4504182     -55876.0034609     -55876.0034617

0.04      0.62              -55861.450418     -55876.1565954     -55876.1565963

0.04      0.66             -55861.4504179     -55876.2194859     -55876.2194868

0.04      0.70             -55861.4504182     -55876.1911186     -55876.1911189

0.04      0.74             -55861.4504182     -55876.0703798     -55876.0703808

0.04      0.78             -55861.4504178     -55875.8546829     -55875.8546832

0.04      0.82             -55861.4504183     -55875.5439989     -55875.5439993

0.04      0.86             -55861.4504182     -55875.1364217     -55875.1364225

0.04      0.90              -55861.450418     -55874.6331635      -55874.633164

0.04      0.94              -55861.450418     -55874.0433799     -55874.0433805

0.04      0.98             -55861.4504183     -55873.4014667      -55873.401467

0.04      1.00             -55861.4504181     -55873.4727376     -55873.4727379

0.08      0.00              -55861.450418     -55873.7863387     -55873.7863392

0.08      0.04             -55861.4504179     -55874.1033063      -55874.103307

0.08      0.08             -55861.4504184      -55874.339523     -55874.3395236

0.08      0.12             -55861.4504185     -55874.4942197     -55874.4942205

0.08      0.16             -55861.4504179     -55874.5696757     -55874.5696765

0.08      0.20             -55861.4504183     -55874.5681968     -55874.5681975

0.08      0.24             -55861.4504184     -55874.5044913     -55874.5044922

0.08      0.28             -55861.4504176      -55874.365618     -55874.3656185

0.08      0.3             -55861.4504179     -55874.2726052     -55874.2726059

0.08      0.32             -55861.4504177     -55874.1804968     -55874.1804975

0.08      0.38             -55861.4504177     -55874.1227956     -55874.1227967

0.08      0.42             -55861.4504177      -55874.545037     -55874.5450374

0.08      0.46             -55861.4504178     -55874.9937454     -55874.9937461

0.08      0.50             -55861.4504179     -55875.3938925     -55875.3938932

0.08      0.54              -55861.450418     -55875.7204699     -55875.7204705

0.08      0.58             -55861.4504183     -55875.9625452     -55875.9625458

0.08      0.62              -55861.450418     -55876.1159408     -55876.1159418

0.08      0.66             -55861.4504179     -55876.1792181     -55876.1792189

0.08      0.70             -55861.4504181     -55876.1498252     -55876.1498258

0.08      0.74              -55861.450418     -55876.0289375     -55876.0289385

0.08      0.78             -55861.4504182     -55875.8126464     -55875.8126468

0.08      0.82             -55861.4504182     -55875.5013959     -55875.5013966

0.08      0.86             -55861.4504182     -55875.0929376     -55875.0929382

0.08      0.90              -55861.450418     -55874.5889175     -55874.5889181

0.08      0.94             -55861.4504182     -55874.0094958     -55874.0094965

0.08      0.98             -55861.4504185     -55873.6245013     -55873.6245019

0.08      1.00              -55861.450418     -55873.7863387     -55873.7863392

0.12      0.00             -55861.4504183     -55874.0778008     -55874.0778011

0.12      0.04             -55861.4504179     -55874.3937882     -55874.3937888

0.12      0.08              -55861.450418     -55874.6284519     -55874.6284527

0.12      0.12             -55861.4504182     -55874.7832598     -55874.7832602

0.12      0.16              -55861.450418     -55874.8605906     -55874.8605911

0.12      0.20             -55861.4504181      -55874.854197     -55874.8541974

0.12      0.24             -55861.4504182     -55874.7645438     -55874.7645447

0.12      0.28             -55861.4504179     -55874.5985756     -55874.5985767

0.12      0.3             -55861.4504181     -55874.4902941     -55874.4902945

0.12      0.32             -55861.4504179     -55874.3676382     -55874.3676387

0.12      0.38             -55861.4504179     -55874.0657917      -55874.065792

0.12      0.42             -55861.4504178     -55874.4678097     -55874.4678098

0.12      0.46             -55861.4504179     -55874.9174569     -55874.9174576

0.12      0.50             -55861.4504178     -55875.3197838     -55875.3197847

0.12      0.54             -55861.4504179     -55875.6469625     -55875.6469631

0.12      0.58             -55861.4504179      -55875.889996     -55875.8899967

0.12      0.62              -55861.450418     -55876.0439527     -55876.0439535

0.12      0.66              -55861.450418      -55876.107162     -55876.1071626

0.12      0.70              -55861.450418     -55876.0788648     -55876.0788658

0.12      0.74              -55861.450418     -55875.9565101     -55875.9565106

0.12      0.78             -55861.4504181     -55875.7403953     -55875.7403958

0.12      0.82              -55861.450418     -55875.4290285     -55875.4290294

0.12      0.86             -55861.4504181     -55875.0206155      -55875.020616

0.12      0.90             -55861.4504181      -55874.529316     -55874.5293169

0.12      0.94             -55861.4504183      -55873.944002     -55873.9440026

0.12      0.98             -55861.4504184     -55873.9056052     -55873.9056055

0.12      1.00             -55861.4504183     -55874.0778008     -55874.0778011

0.16      0.00             -55861.4504185     -55874.3400444     -55874.3400452

0.16      0.04             -55861.4504182     -55874.5833678     -55874.5833684

0.16      0.08             -55861.4504178     -55874.8929791       -55874.89298

0.16      0.12             -55861.4504182     -55875.0536484     -55875.0536491

0.16      0.16             -55861.4504182     -55875.1268105      -55875.126811

0.16      0.20             -55861.4504177     -55875.1122014     -55875.1122019

0.16      0.24              -55861.450418     -55875.0112328     -55875.0112336

0.16      0.28             -55861.4504182     -55874.8278817     -55874.8278823

0.16      0.3             -55861.4504183     -55874.7081971     -55874.7081973

0.16      0.32             -55861.4504178     -55874.5688662     -55874.5688675

0.16      0.38              -55861.450418     -55874.0881556     -55874.0881563

0.16      0.42             -55861.4504179     -55874.3549057     -55874.3549061

0.16      0.46             -55861.4504182     -55874.8102762     -55874.8102769

0.16      0.50             -55861.4504179      -55875.213251     -55875.2132514

0.16      0.54             -55861.4504181     -55875.5413464     -55875.5413469

0.16      0.58             -55861.4504179     -55875.7855358     -55875.7855369

0.16      0.62             -55861.4504179     -55875.9403746     -55875.9403749

0.16      0.66              -55861.450418     -55876.0042908     -55876.0042915

0.16      0.70             -55861.4504179     -55875.9751443     -55875.9751449

0.16      0.74             -55861.4504179       -55875.85407     -55875.8540706

0.16      0.78             -55861.4504181     -55875.6390364     -55875.6390372

0.16      0.82             -55861.4504181     -55875.3278603     -55875.3278609

0.16      0.86              -55861.450418     -55874.9274867     -55874.9274876

0.16      0.90             -55861.4504182     -55874.4346304     -55874.4346308

0.16      0.94             -55861.4504183     -55873.8669246     -55873.8669254

0.16      0.98             -55861.4504183     -55874.1590683     -55874.1590691

0.16      1.00             -55861.4504185     -55874.3400444     -55874.3400452

0.20      0.00             -55861.4504184     -55874.5792844     -55874.5792849

0.20      0.04             -55861.4504181     -55874.8324543     -55874.8324546

0.20      0.08              -55861.450418     -55875.1394438     -55875.1394439

0.20      0.12             -55861.4504184     -55875.2976619     -55875.2976625

0.20      0.16             -55861.4504183     -55875.3666143     -55875.3666148

0.20      0.20             -55861.4504179     -55875.3457678     -55875.3457683

0.20      0.24             -55861.4504181     -55875.2378282     -55875.2378285

0.20      0.28              -55861.450418     -55875.0425927     -55875.0425936

0.20      0.3             -55861.4504184     -55874.9140207     -55874.9140214

0.20      0.32              -55861.450418     -55874.7664636      -55874.766464

0.20      0.38             -55861.4504179     -55874.2238762     -55874.2238766

0.20      0.42             -55861.4504177     -55874.2178386     -55874.2178392

0.20      0.46             -55861.4504181     -55874.6718261     -55874.6718265

0.20      0.50             -55861.4504178     -55875.0751373     -55875.0751378

0.20      0.54             -55861.4504183     -55875.4034764      -55875.403477

0.20      0.58             -55861.4504178     -55875.6485945     -55875.6485953

0.20      0.62             -55861.4504179     -55875.8045867     -55875.8045874

0.20      0.66             -55861.4504181     -55875.8694217     -55875.8694223

0.20      0.70             -55861.4504178     -55875.8422275      -55875.842228

0.20      0.74             -55861.4504178     -55875.7219573      -55875.721958

0.20      0.78             -55861.4504182     -55875.5076787     -55875.5076792

0.20      0.82             -55861.4504181     -55875.1990677     -55875.1990681

0.20      0.86             -55861.4504182     -55874.8021985     -55874.8021994

0.20      0.90             -55861.4504181     -55874.3182129     -55874.3182135

0.20      0.94             -55861.4504182     -55873.9912227     -55873.9912232

0.20      0.98             -55861.4504183     -55874.3862792     -55874.3862796

0.20      1.00             -55861.4504184     -55874.5792844     -55874.5792849

0.24      0.00             -55861.4504182     -55874.7890432     -55874.7890439

0.24      0.04             -55861.4504184     -55875.0511617     -55875.0511624

0.24      0.08             -55861.4504181     -55875.3567604     -55875.3567609

0.24      0.12             -55861.4504178     -55875.5127432     -55875.5127434

0.24      0.16             -55861.4504184     -55875.5782848     -55875.5782857

0.24      0.20              -55861.450418     -55875.5531934     -55875.5531941

0.24      0.24             -55861.4504179     -55875.4386872     -55875.4386878

0.24      0.28             -55861.4504185      -55875.236789     -55875.2367893

0.24      0.3             -55861.4504183     -55875.1030072     -55875.1030082

0.24      0.32             -55861.4504183     -55874.9481339     -55874.9481348

0.24      0.38             -55861.4504184     -55874.3701645      -55874.370165

0.24      0.42             -55861.4504183     -55874.0506717     -55874.0506723

0.24      0.46             -55861.4504184     -55874.5045544     -55874.5045548

0.24      0.50             -55861.4504184     -55874.9070749     -55874.9070751

0.24      0.54             -55861.4504182     -55875.2338451     -55875.2338458

0.24      0.58              -55861.450418     -55875.4797493       -55875.47975

0.24      0.62             -55861.4504182     -55875.6368457     -55875.6368465

0.24      0.66             -55861.4504182     -55875.7030314     -55875.7030321

0.24      0.70             -55861.4504179     -55875.6773737     -55875.6773742

0.24      0.74             -55861.4504181     -55875.5584545     -55875.5584551

0.24      0.78             -55861.4504178     -55875.3412174     -55875.3412181

0.24      0.82             -55861.4504178     -55875.0430377     -55875.0430384

0.24      0.86             -55861.4504181     -55874.6545902      -55874.654591

0.24      0.90              -55861.450418     -55874.1866954     -55874.1866958

0.24      0.94             -55861.4504181     -55874.1946396     -55874.1946399

0.24      0.98             -55861.4504181     -55874.5833737     -55874.5833743

0.24      1.00             -55861.4504182     -55874.7890432     -55874.7890439

0.28      0.00             -55861.4504181     -55874.9158946     -55874.9158948

0.28      0.04             -55861.4504184     -55875.2382272     -55875.2382276

0.28      0.08              -55861.450418      -55875.544132     -55875.5441322

0.28      0.12             -55861.4504179     -55875.6976744     -55875.6976751

0.28      0.16             -55861.4504182     -55875.7610227     -55875.7610233

0.28      0.20             -55861.4504179     -55875.7326254      -55875.732626

0.28      0.24             -55861.4504178     -55875.6152809     -55875.6152813

0.28      0.28             -55861.4504184     -55875.4070897       -55875.40709

0.28      0.3             -55861.4504182     -55875.2696053      -55875.269606

0.28      0.32             -55861.4504184     -55875.1100046     -55875.1100057

0.28      0.38             -55861.4504183      -55874.508859     -55874.5088593

0.28      0.42             -55861.4504183     -55874.0280115     -55874.0280122

0.28      0.46             -55861.4504185     -55874.3075171     -55874.3075174

0.28      0.50             -55861.4504184     -55874.7090136     -55874.7090144

0.28      0.54             -55861.4504184     -55875.0337496     -55875.0337502

0.28      0.58             -55861.4504181     -55875.2789113      -55875.278912

0.28      0.62             -55861.4504183      -55875.437127     -55875.4371276

0.28      0.66             -55861.4504182     -55875.5053338     -55875.5053346

0.28      0.70             -55861.4504179     -55875.4820693     -55875.4820701

0.28      0.74             -55861.4504181      -55875.355561     -55875.3555615

0.28      0.78             -55861.4504178     -55875.1549246     -55875.1549253

0.28      0.82              -55861.450418     -55874.8646828     -55874.8646836

0.28      0.86             -55861.4504182     -55874.4894416      -55874.489442

0.28      0.90              -55861.450418     -55874.0508068     -55874.0508076

0.28      0.94             -55861.4504181     -55874.3710419     -55874.3710422

0.28      0.98              -55861.450418      -55874.763163     -55874.7631635

0.28      1.00             -55861.4504181     -55874.9158946     -55874.9158948

0.32      0.00             -55861.4504182     -55875.0741984      -55875.074199

0.32      0.04             -55861.4504182     -55875.3950658     -55875.3950664

0.32      0.08             -55861.4504183     -55875.7008633     -55875.7008637

0.32      0.12             -55861.4504179     -55875.8526966      -55875.852698

0.32      0.16             -55861.4504179     -55875.9140153      -55875.914016

0.32      0.20             -55861.4504182      -55875.883359     -55875.8833597

0.32      0.24             -55861.4504179     -55875.7632342     -55875.7632347

0.32      0.28             -55861.4504179     -55875.5504384      -55875.550439

0.32      0.3              -55861.450418     -55875.4105849     -55875.4105858

0.32      0.32             -55861.4504182     -55875.2486024     -55875.2486028

0.32      0.38             -55861.4504182     -55874.6314869     -55874.6314879

0.32      0.42             -55861.4504183     -55874.1281673     -55874.1281681

0.32      0.46              -55861.450418     -55874.0811886     -55874.0811888

0.32      0.50             -55861.4504183     -55874.4818868     -55874.4818872

0.32      0.54              -55861.450418     -55874.8059107     -55874.8059113

0.32      0.58             -55861.4504184     -55874.9687909     -55874.9687915

0.32      0.62             -55861.4504184      -55875.130802     -55875.1308025

0.32      0.66             -55861.4504181     -55875.2765379      -55875.276539

0.32      0.70             -55861.4504182     -55875.2410476     -55875.2410484

0.32      0.74             -55861.4504184     -55875.1381797     -55875.1381807

0.32      0.78             -55861.4504181     -55874.9457379     -55874.9457387

0.32      0.82             -55861.4504182     -55874.6675501      -55874.667551

0.32      0.86             -55861.4504183     -55874.3147963     -55874.3147971

0.32      0.90             -55861.4504182     -55874.0900571     -55874.0900577

0.32      0.94             -55861.4504182     -55874.5195774     -55874.5195774

0.32      0.98             -55861.4504182     -55874.9195191     -55874.9195195

0.32      1.00             -55861.4504182     -55875.0741984      -55875.074199

0.36      0.00              -55861.450418     -55875.2601837     -55875.2601844

0.36      0.04             -55861.4504184     -55875.5188566     -55875.5188573

0.36      0.08             -55861.4504183     -55875.8266624     -55875.8266629

0.36      0.12              -55861.450418      -55875.977514     -55875.9775143

0.36      0.16             -55861.4504182     -55876.0373477     -55876.0373486

0.36      0.20              -55861.450418     -55876.0046864     -55876.0046871

0.36      0.24             -55861.4504178     -55875.8827264     -55875.8827271

0.36      0.28             -55861.4504183     -55875.6681605     -55875.6681615

0.36      0.3             -55861.4504182     -55875.5262204     -55875.5262212

0.36      0.32             -55861.4504182     -55875.3620831     -55875.3620837

0.36      0.38             -55861.4504184     -55874.7347135     -55874.7347137

0.36      0.42             -55861.4504184     -55874.2138262     -55874.2138267

0.36      0.46             -55861.4504184     -55873.8253254     -55873.8253261

0.36      0.50             -55861.4504184     -55874.2249764     -55874.2249768

0.36      0.54             -55861.4504183     -55874.5494106     -55874.5494114

0.36      0.58              -55861.450418     -55874.7904452     -55874.7904459

0.36      0.62             -55861.4504183     -55874.9472013      -55874.947202

0.36      0.66             -55861.4504183     -55875.0017224     -55875.0017231

0.36      0.70             -55861.4504179     -55874.9922039     -55874.9922046

0.36      0.74             -55861.4504182     -55874.8968283     -55874.8968292

0.36      0.78             -55861.4504177     -55874.7175568     -55874.7175575

0.36      0.82             -55861.4504179     -55874.4599698     -55874.4599703

0.36      0.86             -55861.4504182     -55874.1508027     -55874.1508034

0.36      0.90             -55861.4504179     -55874.2035096     -55874.2035103

0.36      0.94             -55861.4504181     -55874.6403522     -55874.6403525

0.36      0.98             -55861.4504181     -55875.0450332     -55875.0450342

0.36      1.00              -55861.450418     -55875.2601837     -55875.2601844

0.40      0.00             -55861.4504182     -55875.3560673     -55875.3560682

0.40      0.04             -55861.4504181     -55875.6823171     -55875.6823179

0.40      0.08             -55861.4504182     -55875.9217937     -55875.9217946

0.40      0.12             -55861.4504182     -55876.0714607     -55876.0714615

0.40      0.16              -55861.450418     -55876.1300076     -55876.1300083

0.40      0.20             -55861.4504183     -55876.0971721     -55876.0971728

0.40      0.24             -55861.4504182      -55875.973204     -55875.9732047

0.40      0.28             -55861.4504179     -55875.7568509     -55875.7568517

0.40      0.3             -55861.4504179     -55875.6141118     -55875.6141126

0.40      0.32             -55861.4504182      -55875.448229     -55875.4482296

0.40      0.38             -55861.4504181     -55874.8136228     -55874.8136233

0.40      0.42             -55861.4504184     -55874.2826808     -55874.2826816

0.40      0.46             -55861.4504181     -55873.7045903     -55873.7045907

0.40      0.50             -55861.4504182     -55873.9392926     -55873.9392931

0.40      0.54             -55861.4504178     -55874.2628984     -55874.2628992

0.40      0.58             -55861.4504184     -55874.5035552      -55874.503556

0.40      0.62             -55861.4504182     -55874.6486863     -55874.6486869

0.40      0.66              -55861.450418     -55874.7267558     -55874.7267561

0.40      0.70             -55861.4504183     -55874.7239304     -55874.7239309

0.40      0.74             -55861.4504183     -55874.6395007     -55874.6395015

0.40      0.78              -55861.450418     -55874.4785331     -55874.4785338

0.40      0.82             -55861.4504184     -55874.2560253     -55874.2560258

0.40      0.86             -55861.4504184     -55874.0622807     -55874.0622811

0.40      0.90              -55861.450418     -55874.2906656     -55874.2906662

0.40      0.94             -55861.4504182     -55874.7340541     -55874.7340546

0.40      0.98             -55861.4504182     -55875.1403593     -55875.1403607

0.40      1.00             -55861.4504182     -55875.3560673     -55875.3560682

0.44      0.00             -55861.4504182     -55875.4214186      -55875.421419

0.44      0.04              -55861.450418     -55875.7469679     -55875.7469687

0.44      0.08             -55861.4504181     -55875.9859764     -55875.9859772

0.44      0.12             -55861.4504181     -55876.1349854      -55876.134986

0.44      0.16              -55861.450418     -55876.1932991     -55876.1932997

0.44      0.20             -55861.4504182     -55876.1596881     -55876.1596888

0.44      0.24             -55861.4504181     -55876.0342722     -55876.0342729

0.44      0.28             -55861.4504179     -55875.8166321     -55875.8166328

0.44      0.3             -55861.4504182     -55875.6732049     -55875.6732055

0.44      0.32              -55861.450418     -55875.5064199     -55875.5064205

0.44      0.38             -55861.4504178      -55874.867855     -55874.8678554

0.44      0.42             -55861.4504178     -55874.3308815     -55874.3308823

0.44      0.46             -55861.4504177     -55873.7399943     -55873.7399946

0.44      0.50             -55861.4504179     -55873.6267463     -55873.6267468

0.44      0.54             -55861.4504178     -55873.9484639     -55873.9484644

0.44      0.58             -55861.4504182     -55874.1873955     -55874.1873959

0.44      0.62             -55861.4504179     -55874.3480987     -55874.3480989

0.44      0.66             -55861.4504178     -55874.4306454     -55874.4306462

0.44      0.70             -55861.4504182      -55874.437942     -55874.4379429

0.44      0.74             -55861.4504179     -55874.3719226     -55874.3719235

0.44      0.78             -55861.4504183     -55874.2438397     -55874.2438404

0.44      0.82             -55861.4504182     -55874.1005846     -55874.1005852

0.44      0.86              -55861.450418     -55874.0573529     -55874.0573533

0.44      0.90             -55861.4504184     -55874.3491713     -55874.3491716

0.44      0.94             -55861.4504183     -55874.7959547     -55874.7959554

0.44      0.98             -55861.4504183     -55875.2048863     -55875.2048865

0.44      1.00             -55861.4504182     -55875.4214186      -55875.421419

0.48      0.00             -55861.4504178     -55875.4547902     -55875.4547915

0.48      0.04             -55861.4504182     -55875.7802969     -55875.7802976

0.48      0.08              -55861.450418     -55876.0192949     -55876.0192955

0.48      0.12             -55861.4504179     -55876.1682335     -55876.1682342

0.48      0.16             -55861.4504182     -55876.2257696     -55876.2257704

0.48      0.20              -55861.450418     -55876.1918225      -55876.191823

0.48      0.24             -55861.4504179     -55876.0657378     -55876.0657385

0.48      0.28             -55861.4504181     -55875.8474205     -55875.8474213

0.48      0.3             -55861.4504182     -55875.7034401     -55875.7034408

0.48      0.32             -55861.4504179     -55875.5361112     -55875.5361119

0.48      0.38             -55861.4504182     -55874.8947526     -55874.8947533

0.48      0.42             -55861.4504178     -55874.3559958     -55874.3559965

0.48      0.46              -55861.450418     -55873.7562392     -55873.7562401

0.48      0.50             -55861.4504179      -55873.292484     -55873.2924842

0.48      0.54             -55861.4504183     -55873.6203661     -55873.6203665

0.48      0.58             -55861.4504179     -55873.8595895     -55873.8595901

0.48      0.62             -55861.4504179     -55874.0267475     -55874.0267478

0.48      0.66             -55861.4504181     -55874.1196472     -55874.1196476

0.48      0.70             -55861.4504179     -55874.1456973     -55874.1456976

0.48      0.74             -55861.4504178     -55874.1162232     -55874.1162239

0.48      0.78             -55861.4504182     -55874.0732158     -55874.0732163

0.48      0.82             -55861.4504178      -55874.044083     -55874.0440834

0.48      0.86             -55861.4504178     -55874.0639273     -55874.0639277

0.48      0.90             -55861.4504182     -55874.3777733     -55874.3777741

0.48      0.94             -55861.4504181     -55874.8290975     -55874.8290981

0.48      0.98             -55861.4504179     -55875.1851193     -55875.1851198

0.48      1.00             -55861.4504178     -55875.4547902     -55875.4547915

0.5      0.00             -55861.4504181     -55875.4595593     -55875.4595602

0.5      0.04             -55861.4504183     -55875.7850852     -55875.7850857

0.5      0.08             -55861.4504178     -55876.0231673      -55876.023168

0.5      0.12             -55861.4504182     -55876.1731356     -55876.1731362

0.5      0.16             -55861.4504183     -55876.2308015     -55876.2308022

0.5      0.20             -55861.4504181     -55876.1958387     -55876.1958392

0.5      0.24             -55861.4504182      -55876.070311     -55876.0703117

0.5      0.28             -55861.4504182     -55875.8517413     -55875.8517419

0.5      0.3              -55861.450418     -55875.7075947     -55875.7075954

0.5      0.32             -55861.4504179     -55875.5401143     -55875.5401149

0.5      0.38              -55861.450418     -55874.8980139     -55874.8980145

0.5      0.42              -55861.450418     -55874.3591042     -55874.3591047

0.5      0.46             -55861.4504179     -55873.7562075     -55873.7562081

0.5      0.50             -55861.4504177     -55873.1202336     -55873.1202339

0.5      0.54              -55861.450418     -55873.2944707     -55873.2944715

0.5      0.58             -55861.4504179     -55873.6944935     -55873.6944938

0.5      0.62             -55861.4504178      -55873.865395     -55873.8653955

0.5      0.66             -55861.4504178     -55873.9630182     -55873.9630186

0.5      0.70              -55861.450418     -55874.0199999     -55874.0200003

0.5      0.74             -55861.4504178     -55874.0453141      -55874.045315

0.5      0.78             -55861.4504183     -55874.0559867      -55874.055987

0.5      0.82             -55861.4504181     -55874.0386451     -55874.0386456

0.5      0.86             -55861.4504178     -55874.0647947      -55874.064795

0.5      0.90             -55861.4504183      -55874.380951     -55874.3809518

0.5      0.94             -55861.4504182     -55874.8338451     -55874.8338456

0.5      0.98              -55861.450418      -55875.189566     -55875.1895665

0.5      1.00             -55861.4504181     -55875.4595593     -55875.4595602

0.52      0.00              -55861.450418     -55875.4553946     -55875.4553954

0.52      0.04             -55861.4504181     -55875.7815558     -55875.7815562

0.52      0.08             -55861.4504183     -55876.0204036     -55876.0204042

0.52      0.12             -55861.4504179     -55876.1703784      -55876.170379

0.52      0.16              -55861.450418      -55876.118117     -55876.1181176

0.52      0.20              -55861.450418     -55876.1931614     -55876.1931619

0.52      0.24             -55861.4504179     -55876.0674589     -55876.0674596

0.52      0.28             -55861.4504181     -55875.8487916     -55875.8487922

0.52      0.3              -55861.450418     -55875.7045304     -55875.7045312

0.52      0.32             -55861.4504183     -55875.5369309     -55875.5369315

0.52      0.38             -55861.4504182     -55874.8937906     -55874.8937911

0.52      0.42             -55861.4504181     -55874.3556704     -55874.3556714

0.52      0.46             -55861.4504183     -55873.7503026     -55873.7503033

0.52      0.50             -55861.4504184     -55873.3084769     -55873.3084771

0.52      0.54             -55861.4504184     -55873.6216964     -55873.6216966

0.52      0.58              -55861.450418     -55873.8618894     -55873.8618901

0.52      0.62             -55861.4504183     -55874.0241208     -55874.0241212

0.52      0.66             -55861.4504184     -55874.1132128      -55874.113213

0.52      0.70             -55861.4504179     -55874.1465133     -55874.1465138

0.52      0.74              -55861.450418     -55874.1286029     -55874.1286036

0.52      0.78             -55861.4504178     -55874.0839788     -55874.0839797

0.52      0.82             -55861.4504177     -55874.0451734     -55874.0451741

0.52      0.86              -55861.450418     -55874.0627515     -55874.0627521

0.52      0.90             -55861.4504177     -55874.3765569     -55874.3765575

0.52      0.94             -55861.4504178     -55874.8318897     -55874.8318901

0.52      0.98             -55861.4504181     -55875.1862398     -55875.1862403

0.52      1.00              -55861.450418     -55875.4553946     -55875.4553954

0.56      0.00             -55861.4504181     -55875.4248178     -55875.4248187

0.56      0.04             -55861.4504184     -55875.7519527      -55875.751953

0.56      0.08             -55861.4504182     -55875.9913708     -55875.9913713

0.56      0.12             -55861.4504179      -55876.141833     -55876.1418337

0.56      0.16              -55861.450418     -55876.1991205     -55876.1991209

0.56      0.20             -55861.4504179     -55876.1648955     -55876.1648962

0.56      0.24             -55861.4504179      -55876.038455     -55876.0384556

0.56      0.28             -55861.4504182     -55875.8207491     -55875.8207498

0.56      0.3             -55861.4504183     -55875.6764728     -55875.6764735

0.56      0.32             -55861.4504181     -55875.5081696     -55875.5081702

0.56      0.38              -55861.450418      -55874.866415      -55874.866416

0.56      0.42             -55861.4504179     -55874.3284844     -55874.3284847

0.56      0.46             -55861.4504181     -55873.7724007     -55873.7724012

0.56      0.50             -55861.4504179     -55873.6324205      -55873.632421

0.56      0.54             -55861.4504182     -55873.9483043     -55873.9483048

0.56      0.58             -55861.4504178     -55874.1857064     -55874.1857069

0.56      0.62             -55861.4504179     -55874.3418051     -55874.3418059

0.56      0.66             -55861.4504181     -55874.4206325     -55874.4206326

0.56      0.70             -55861.4504177     -55874.4256337     -55874.4256343

0.56      0.74             -55861.4504177     -55874.3738408     -55874.3738411

0.56      0.78             -55861.4504181     -55874.2517966     -55874.2517974

0.56      0.82             -55861.4504179     -55874.1118243      -55874.111825

0.56      0.86             -55861.4504178     -55874.0553977     -55874.0553982

0.56      0.90             -55861.4504183     -55874.3443276     -55874.3443285

0.56      0.94              -55861.450418     -55874.8020491     -55874.8020495

0.56      0.98             -55861.4504179      -55875.228503     -55875.2285035

0.56      1.00             -55861.4504181     -55875.4248178     -55875.4248187

0.60      0.00             -55861.4504181     -55875.3627453     -55875.3627458

0.60      0.04             -55861.4504183     -55875.6902659     -55875.6902663

0.60      0.08             -55861.4504178     -55875.9309615     -55875.9309622

0.60      0.12             -55861.4504182     -55876.0820766     -55876.0820774

0.60      0.16             -55861.4504183     -55876.1407294     -55876.1407302

0.60      0.20              -55861.450418     -55876.1072053     -55876.1072061

0.60      0.24             -55861.4504181     -55875.9806684     -55875.9806688

0.60      0.28             -55861.4504181     -55875.7624545     -55875.7624549

0.60      0.3             -55861.4504181     -55875.6185096     -55875.6185101

0.60      0.32             -55861.4504179     -55875.4513565     -55875.4513569

0.60      0.38             -55861.4504181     -55874.8112773     -55874.8112778

0.60      0.42              -55861.450418     -55874.3096874     -55874.3096881

0.60      0.46              -55861.450418     -55873.7249199     -55873.7249205

0.60      0.50              -55861.450418     -55873.9358909     -55873.9358911

0.60      0.54             -55861.4504179     -55874.2518717     -55874.2518724

0.60      0.58             -55861.4504182     -55874.4867849     -55874.4867852

0.60      0.62             -55861.4504179     -55874.6415012     -55874.6415016

0.60      0.66             -55861.4504178     -55874.7172025      -55874.717203

0.60      0.70             -55861.4504183     -55874.7172058     -55874.7172067

0.60      0.74             -55861.4504179     -55874.6360037     -55874.6360041

0.60      0.78             -55861.4504183     -55874.4820033     -55874.4820039

0.60      0.82             -55861.4504182     -55874.2700282     -55874.2700288

0.60      0.86             -55861.4504178     -55874.0676664     -55874.0676668

0.60      0.90             -55861.4504184     -55874.2796031     -55874.2796038

0.60      0.94             -55861.4504183      -55874.740629     -55874.7406294

0.60      0.98             -55861.4504179      -55875.168433     -55875.1684337

0.60      1.00             -55861.4504181     -55875.3627453     -55875.3627458

0.64      0.00             -55861.4504182     -55875.2674175     -55875.2674181

0.64      0.04             -55861.4504176     -55875.5968547     -55875.5968552

0.64      0.08              -55861.450418     -55875.8400673     -55875.8400679

0.64      0.12             -55861.4504182     -55875.9916248     -55875.9916254

0.64      0.16             -55861.4504179      -55876.050077     -55876.0500778

0.64      0.20             -55861.4504181     -55876.0175846     -55876.0175851

0.64      0.24             -55861.4504183     -55875.8931848     -55875.8931851

0.64      0.28              -55861.450418     -55875.6759172     -55875.6759176

0.64      0.3             -55861.4504178     -55875.5324336     -55875.5324341

0.64      0.32             -55861.4504179     -55875.3657784      -55875.365779

0.64      0.38              -55861.450418     -55874.7396265     -55874.7396273

0.64      0.42             -55861.4504184     -55874.2323273     -55874.2323277

0.64      0.46             -55861.4504184     -55873.8253527     -55873.8253531

0.64      0.50             -55861.4504183     -55874.2116911     -55874.2116919

0.64      0.54             -55861.4504181     -55874.5287602     -55874.5287609

0.64      0.58             -55861.4504183     -55874.7621862     -55874.7621868

0.64      0.62             -55861.4504183     -55874.9217488     -55874.9217491

0.64      0.66             -55861.4504182     -55874.9962001     -55874.9962008

0.64      0.70             -55861.4504182     -55874.9861762     -55874.9861762

0.64      0.74             -55861.4504183     -55874.8903951     -55874.8903958

0.64      0.78             -55861.4504179     -55874.7151498     -55874.7151504

0.64      0.82             -55861.4504183      -55874.468082     -55874.4680824

0.64      0.86             -55861.4504184     -55874.1737958     -55874.1737962

0.64      0.90             -55861.4504179     -55874.1897268     -55874.1897272

0.64      0.94             -55861.4504181     -55874.6429945      -55874.642995

0.64      0.98             -55861.4504184     -55875.0775374      -55875.077538

0.64      1.00             -55861.4504182     -55875.2674175     -55875.2674181

0.68      0.00             -55861.4504179     -55875.1401376     -55875.1401382

0.68      0.04             -55861.4504182      -55875.471575     -55875.4715756

0.68      0.08             -55861.4504184     -55875.7165765     -55875.7165772

0.68      0.12             -55861.4504179     -55875.8696802     -55875.8696808

0.68      0.16             -55861.4504177     -55875.9306729     -55875.9306736

0.68      0.20             -55861.4504182     -55875.8984807     -55875.8984813

0.68      0.24             -55861.4504179     -55875.7755644     -55875.7755649

0.68      0.28              -55861.450418     -55875.5600875     -55875.5600881

0.68      0.3              -55861.450418     -55875.4186378     -55875.4186385

0.68      0.32             -55861.4504181     -55875.2523598     -55875.2523605

0.68      0.38             -55861.4504181     -55874.6323033      -55874.632304

0.68      0.42             -55861.4504182     -55874.1331601     -55874.1331604

0.68      0.46             -55861.4504183     -55874.0747867     -55874.0747872

0.68      0.50             -55861.4504184      -55874.463592     -55874.4635929

0.68      0.54             -55861.4504185     -55874.7791441     -55874.7791449

0.68      0.58             -55861.4504182     -55875.0198858     -55875.0198861

0.68      0.62             -55861.4504185     -55875.1790922     -55875.1790925

0.68      0.66             -55861.4504183     -55875.2501076     -55875.2501078

0.68      0.70             -55861.4504179     -55875.2318461     -55875.2318475

0.68      0.74             -55861.4504182     -55875.1274635     -55875.1274642

0.68      0.78             -55861.4504178     -55874.9376221     -55874.9376228

0.68      0.82             -55861.4504178     -55874.6687342     -55874.6687354

0.68      0.86             -55861.4504181     -55874.3338036     -55874.3338043

0.68      0.90             -55861.4504177     -55874.0725767     -55874.0725772

0.68      0.94             -55861.4504178     -55874.5209707     -55874.5209712

0.68      0.98             -55861.4504181     -55874.9551026     -55874.9551032

0.68      1.00             -55861.4504179     -55875.1401376     -55875.1401382

0.7      0.00             -55861.4504182     -55875.0646072     -55875.0646077

0.7      0.04             -55861.4504179      -55875.396815     -55875.3968156

0.7      0.08             -55861.4504179     -55875.6429188     -55875.6429193

0.7      0.12             -55861.4504182     -55875.7969633      -55875.796964

0.7      0.16             -55861.4504181     -55875.8588953      -55875.858896

0.7      0.20             -55861.4504181     -55875.8275386     -55875.8275392

0.7      0.24              -55861.450418     -55875.7056036     -55875.7056042

0.7      0.28              -55861.450418     -55875.4923356     -55875.4923364

0.7      0.3             -55861.4504181     -55875.3457674     -55875.3457679

0.7      0.32              -55861.450418     -55875.1854248     -55875.1854252

0.7      0.38             -55861.4504181     -55874.5696744     -55874.5696753

0.7      0.42             -55861.4504181     -55874.0769228     -55874.0769234

0.7      0.46             -55861.4504181      -55874.189562     -55874.1895626

0.7      0.50             -55861.4504183     -55874.5792844     -55874.5792849

0.7      0.54             -55861.4504181     -55874.8324543     -55874.8324546

0.7      0.58             -55861.4504185     -55875.1394438     -55875.1394439

0.7      0.62             -55861.4504182     -55875.2976619     -55875.2976625

0.7      0.66              -55861.450418     -55875.3666143     -55875.3666148

0.7      0.70             -55861.4504183     -55875.3457682     -55875.3457687

0.7      0.74             -55861.4504182     -55875.2378282     -55875.2378285

0.7      0.78             -55861.4504181     -55875.0425927     -55875.0425936

0.7      0.82             -55861.4504184     -55874.7664636      -55874.766464

0.7      0.86             -55861.4504183     -55874.4170844     -55874.4170852

0.7      0.90             -55861.4504182     -55874.0290033     -55874.0290039

0.7      0.94             -55861.4504186     -55874.4484704     -55874.4484709

0.7      0.98             -55861.4504184     -55874.8824837     -55874.8824843

0.7      1.00             -55861.4504182     -55875.0646072     -55875.0646077

0.72      0.00             -55861.4504176     -55874.9808896     -55874.9808901

0.72      0.04             -55861.4504183      -55875.314892     -55875.3148925

0.72      0.08             -55861.4504182     -55875.5613283     -55875.5613288

0.72      0.12             -55861.4504179     -55875.7164382     -55875.7164389

0.72      0.16             -55861.4504182     -55875.7794116     -55875.7794123

0.72      0.20              -55861.450418     -55875.7500992     -55875.7501002

0.72      0.24             -55861.4504179     -55875.6292072     -55875.6292081

0.72      0.28             -55861.4504182     -55875.4085561      -55875.408557

0.72      0.3             -55861.4504182     -55875.2717614      -55875.271762

0.72      0.32             -55861.4504182     -55875.1122032     -55875.1122037

0.72      0.38             -55861.4504183     -55874.5027154     -55874.5027161

0.72      0.42             -55861.4504181     -55874.0182432     -55874.0182436

0.72      0.46             -55861.4504182     -55874.2972393     -55874.2972396

0.72      0.50             -55861.4504181     -55874.6863574      -55874.686358

0.72      0.54             -55861.4504183     -55874.9457339     -55874.9457346

0.72      0.58             -55861.4504179     -55875.2518088     -55875.2518092

0.72      0.62             -55861.4504179     -55875.4089106     -55875.4089108

0.72      0.66             -55861.4504181     -55875.4760874     -55875.4760878

0.72      0.70             -55861.4504178      -55875.452967     -55875.4529679

0.72      0.74             -55861.4504177     -55875.3418589     -55875.3418599

0.72      0.78             -55861.4504181     -55875.1426361     -55875.1426365

0.72      0.82             -55861.4504177     -55874.8592192     -55874.8592201

0.72      0.86             -55861.4504176      -55874.499399     -55874.4993998

0.72      0.90             -55861.4504181     -55874.0763689     -55874.0763694

0.72      0.94             -55861.4504179     -55874.3685819     -55874.3685823

0.72      0.98             -55861.4504176     -55874.8022647     -55874.8022654

0.72      1.00             -55861.4504176     -55874.9808896     -55874.9808901

0.76      0.00             -55861.4504184      -55874.787991     -55874.7879917

0.76      0.04             -55861.4504181     -55875.1255992     -55875.1256001

0.76      0.08             -55861.4504177     -55875.3739284     -55875.3739289

0.76      0.12             -55861.4504182     -55875.5318452     -55875.5318458

0.76      0.16             -55861.4504183     -55875.5974337     -55875.5974344

0.76      0.20             -55861.4504179     -55875.5710773     -55875.5710784

0.76      0.24             -55861.4504181     -55875.4539118     -55875.4539123

0.76      0.28             -55861.4504182     -55875.2378297     -55875.2378301

0.76      0.3             -55861.4504182     -55875.1035662     -55875.1035669

0.76      0.32             -55861.4504181     -55874.9489363     -55874.9489366

0.76      0.38              -55861.450418     -55874.3578609     -55874.3578613

0.76      0.42             -55861.4504183     -55874.0547196     -55874.0547207

0.76      0.46             -55861.4504183     -55874.4929429     -55874.4929433

0.76      0.50              -55861.450418     -55874.8271567     -55874.8271572

0.76      0.54              -55861.450418     -55875.1486819     -55875.1486821

0.76      0.58             -55861.4504182     -55875.4542341     -55875.4542345

0.76      0.62             -55861.4504179     -55875.6087946     -55875.6087953

0.76      0.66             -55861.4504178     -55875.6733419     -55875.6733425

0.76      0.70             -55861.4504181     -55875.6465121     -55875.6465126

0.76      0.74             -55861.4504181      -55875.530042     -55875.5300426

0.76      0.78             -55861.4504183       -55875.32499     -55875.3249901

0.76      0.82             -55861.4504183     -55875.0311575     -55875.0311581

0.76      0.86             -55861.4504181     -55874.6549027     -55874.6549035

0.76      0.90             -55861.4504183     -55874.2121188     -55874.2121193

0.76      0.94             -55861.4504183     -55874.1867211     -55874.1867214

0.76      0.98             -55861.4504181     -55874.6192613     -55874.6192618

0.76      1.00             -55861.4504184      -55874.787991     -55874.7879917

0.80      0.00             -55861.4504181     -55874.5673803     -55874.5673811

0.80      0.04             -55861.4504178      -55874.904386     -55874.9043866

0.80      0.08             -55861.4504181     -55875.1557565     -55875.1557572

0.80      0.12             -55861.4504182     -55875.3161038     -55875.3161046

0.80      0.16             -55861.4504178     -55875.3851018     -55875.3851027

0.80      0.20             -55861.4504182     -55875.3430923     -55875.3430931

0.80      0.24             -55861.4504181     -55875.2367893     -55875.2367896

0.80      0.28             -55861.4504178     -55875.0428687     -55875.0428696

0.80      0.3             -55861.4504181     -55874.9140739     -55874.9140747

0.80      0.32             -55861.4504179     -55874.7645428     -55874.7645438

0.80      0.38             -55861.4504181     -55874.2122088     -55874.2122094

0.80      0.42             -55861.4504181     -55874.2194276     -55874.2194279

0.80      0.46             -55861.4504181     -55874.6609353     -55874.6609358

0.80      0.50             -55861.4504183     -55874.9991285     -55874.9991288

0.80      0.54             -55861.4504181     -55875.3207449     -55875.3207456

0.80      0.58             -55861.4504183     -55875.6263436     -55875.6263436

0.80      0.62             -55861.4504184     -55875.7790337     -55875.7790344

0.80      0.66              -55861.450418     -55875.8412589     -55875.8412595

0.80      0.70             -55861.4504183     -55875.8115942     -55875.8115948

0.80      0.74             -55861.4504184     -55875.6927729     -55875.6927734

0.80      0.78             -55861.4504179     -55875.4823781     -55875.4823793

0.80      0.82             -55861.4504183     -55875.1826604     -55875.1826608

0.80      0.86             -55861.4504183     -55874.7955846     -55874.7955854

0.80      0.90             -55861.4504179     -55874.3313392     -55874.3313401

0.80      0.94             -55861.4504183     -55873.9753716     -55873.9753718

0.80      0.98             -55861.4504185     -55874.4069957      -55874.406996

0.80      1.00             -55861.4504181     -55874.5673803     -55874.5673811

0.84      0.00             -55861.4504177      -55874.316388     -55874.3163886

0.84      0.04             -55861.4504182     -55874.6534413     -55874.6534414

0.84      0.08             -55861.4504183     -55874.9059917     -55874.9059924

0.84      0.12             -55861.4504179     -55875.0701409     -55875.0701414

0.84      0.16             -55861.4504178      -55875.143432     -55875.1434329

0.84      0.20             -55861.4504181     -55875.1100067     -55875.1100078

0.84      0.24             -55861.4504179     -55875.0107314     -55875.0107322

0.84      0.28              -55861.450418     -55874.8278801     -55874.8278808

0.84      0.3             -55861.4504179     -55874.7070069     -55874.7070075

0.84      0.32              -55861.450418     -55874.5674062     -55874.5674067

0.84      0.38             -55861.4504181      -55874.082606     -55874.0826066

0.84      0.42             -55861.4504182      -55874.356311     -55874.3563116

0.84      0.46             -55861.4504182      -55874.802116     -55874.8021163

0.84      0.50             -55861.4504182     -55875.2005177     -55875.2005185

0.84      0.54             -55861.4504184     -55875.4607832     -55875.4607838

0.84      0.58             -55861.4504183     -55875.7677212     -55875.7677214

0.84      0.62             -55861.4504183     -55875.9190596     -55875.9190603

0.84      0.66             -55861.4504184     -55875.9794858     -55875.9794868

0.84      0.70             -55861.4504181     -55875.9476964      -55875.947697

0.84      0.74             -55861.4504182     -55875.8265765     -55875.8265771

0.84      0.78             -55861.4504179     -55875.6132314     -55875.6132325

0.84      0.82             -55861.4504178     -55875.3082362     -55875.3082371

0.84      0.86              -55861.450418     -55874.9148704     -55874.9148709

0.84      0.90              -55861.450418      -55874.438264     -55874.4382648

0.84      0.94             -55861.4504179     -55873.9014894     -55873.9014903

0.84      0.98             -55861.4504179     -55874.1649778     -55874.1649783

0.84      1.00             -55861.4504177      -55874.316388     -55874.3163886

0.88      0.00              -55861.450418     -55874.0339664     -55874.0339671

0.88      0.04             -55861.4504186     -55874.3720806     -55874.3720812

0.88      0.08             -55861.4504181     -55874.6272149     -55874.6272156

0.88      0.12             -55861.4504178     -55874.7955378     -55874.7955386

0.88      0.16             -55861.4504183     -55874.8577623     -55874.8577632

0.88      0.20             -55861.4504179     -55874.8532006     -55874.8532012

0.88      0.24             -55861.4504178     -55874.7664641     -55874.7664644

0.88      0.28             -55861.4504182     -55874.5991765     -55874.5991777

0.88      0.3             -55861.4504183     -55874.4899581     -55874.4899586

0.88      0.32             -55861.4504183     -55874.3656168     -55874.3656173

0.88      0.38             -55861.4504183       -55874.06003      -55874.060031

0.88      0.42             -55861.4504183     -55874.4641534     -55874.4641539

0.88      0.46             -55861.4504183     -55874.9115874     -55874.9115881

0.88      0.50             -55861.4504181     -55875.3126762      -55875.312677

0.88      0.54             -55861.4504182     -55875.6382192     -55875.6382198

0.88      0.58             -55861.4504178     -55875.8782064     -55875.8782071

0.88      0.62              -55861.450418     -55876.0282451     -55876.0282458

0.88      0.66              -55861.450418     -55876.0875691       -55876.08757

0.88      0.70             -55861.4504179     -55876.0543075     -55876.0543082

0.88      0.74             -55861.4504179     -55875.9316232      -55875.931624

0.88      0.78             -55861.4504182     -55875.7160773     -55875.7160782

0.88      0.82             -55861.4504177     -55875.4086178     -55875.4086187

0.88      0.86             -55861.4504178      -55875.009822     -55875.0098226

0.88      0.90             -55861.4504182     -55874.5246319     -55874.5246321

0.88      0.94             -55861.4504179     -55873.9705084     -55873.9705088

0.88      0.98             -55861.4504177      -55873.894784     -55873.8947841

0.88      1.00              -55861.450418     -55874.0339664     -55874.0339671

0.92      0.00             -55861.4504184     -55873.7329609     -55873.7329615

0.92      0.04             -55861.4504181     -55874.0682576     -55874.0682584

0.92      0.08             -55861.4504177     -55874.3094048     -55874.3094056

0.92      0.12             -55861.4504182     -55874.4838909     -55874.4838915

0.92      0.16             -55861.4504183     -55874.5727961     -55874.5727965

0.92      0.20             -55861.4504178     -55874.5788847     -55874.5788855

0.92      0.24             -55861.4504179     -55874.5083497     -55874.5083505

0.92      0.28             -55861.4504184     -55874.3676387     -55874.3676391

0.92      0.3             -55861.4504183     -55874.2766592     -55874.2766597

0.92      0.32             -55861.4504183     -55874.1807802     -55874.1807807

0.92      0.38             -55861.4504181     -55874.1140774     -55874.1140781

0.92      0.42             -55861.4504181     -55874.5410544     -55874.5410552

0.92      0.46             -55861.4504183     -55874.9913839     -55874.9913846

0.92      0.50             -55861.4504183     -55875.3923002      -55875.392301

0.92      0.54             -55861.4504181     -55875.7185482     -55875.7185492

0.92      0.58             -55861.4504179     -55875.9578087     -55875.9578093

0.92      0.62             -55861.4504179     -55876.1072539     -55876.1072549

0.92      0.66             -55861.4504178     -55876.1656293       -55876.16563

0.92      0.70              -55861.450418      -55876.132326     -55876.1323268

0.92      0.74             -55861.4504179     -55876.0074259     -55876.0074266

0.92      0.78             -55861.4504182     -55875.7904217     -55875.7904225

0.92      0.82             -55861.4504184     -55875.4808434     -55875.4808441

0.92      0.86             -55861.4504181     -55875.0790579     -55875.0790583

0.92      0.90             -55861.4504183     -55874.5880389     -55874.5880397

0.92      0.94             -55861.4504185     -55874.0237275     -55874.0237281

0.92      0.98             -55861.4504182     -55873.5953871     -55873.5953876

0.92      1.00             -55861.4504184     -55873.7329609     -55873.7329615

0.96      0.00              -55861.450418     -55873.4196937     -55873.4196943

0.96      0.04             -55861.4504178     -55873.7478269     -55873.7478271

0.96      0.08             -55861.4504182     -55873.9998767     -55873.9998774

0.96      0.12             -55861.4504183     -55874.1733753     -55874.1733761

0.96      0.16             -55861.4504178     -55874.2731564     -55874.2731572

0.96      0.20             -55861.4504183      -55874.276992     -55874.2769929

0.96      0.24             -55861.4504184     -55874.2515495     -55874.2515499

0.96      0.28             -55861.4504176     -55874.1553768     -55874.1553774

0.96      0.3             -55861.4504179     -55874.1064862     -55874.1064869

0.96      0.32             -55861.4504178     -55874.0683541     -55874.0683544

0.96      0.38             -55861.4504179     -55874.1569534     -55874.1569539

0.96      0.42             -55861.4504178     -55874.5873757     -55874.5873764

0.96      0.46             -55861.4504179     -55875.0406634     -55875.0406643

0.96      0.50             -55861.4504181     -55875.4420596     -55875.4420612

0.96      0.54             -55861.4504181     -55875.7676069     -55875.7676077

0.96      0.58             -55861.4504185     -55876.0065909     -55876.0065917

0.96      0.62             -55861.4504181      -55876.155453     -55876.1554539

0.96      0.66             -55861.4504181     -55876.2129285     -55876.2129293

0.96      0.70             -55861.4504184     -55876.1795315     -55876.1795322

0.96      0.74              -55861.450418     -55876.0537109     -55876.0537116

0.96      0.78              -55861.450418     -55875.8357212      -55875.835722

0.96      0.82             -55861.4504181     -55875.5248659     -55875.5248665

0.96      0.86             -55861.4504182     -55875.1210658     -55875.1210662

0.96      0.90             -55861.4504179     -55874.6266296     -55874.6266304

0.96      0.94             -55861.4504181     -55874.0548315     -55874.0548317

0.96      0.98             -55861.4504184     -55873.4367539     -55873.4367547

0.96      1.00              -55861.450418     -55873.4196937     -55873.4196943

1.00      0.00             -55861.4504177     -55873.1202336     -55873.1202339

1.00      0.04              -55861.450418      -55873.431085     -55873.4310858

1.00      0.08             -55861.4504184     -55873.6808418     -55873.6808422

1.00      0.12             -55861.4504179      -55873.862197     -55873.8621977

1.00      0.16             -55861.4504178     -55873.9765068     -55873.9765076

1.00      0.20             -55861.4504182     -55874.0290052     -55874.0290058

1.00      0.24             -55861.4504181     -55874.0460505     -55874.0460515

1.00      0.28             -55861.4504178     -55874.0557653     -55874.0557656

1.00      0.3             -55861.4504178     -55874.0467236     -55874.0467243

1.00      0.32             -55861.4504181     -55874.0386759     -55874.0386764

1.00      0.38              -55861.450418     -55874.1694326     -55874.1694332

1.00      0.42             -55861.4504183     -55874.6020675     -55874.6020683

1.00      0.46             -55861.4504181     -55875.0569539     -55875.0569548

1.00      0.50             -55861.4504181     -55875.4595593     -55875.4595602

1.00      0.54              -55861.450418     -55875.7850869     -55875.7850873

1.00      0.58             -55861.4504181     -55876.0231673      -55876.023168

1.00      0.62             -55861.4504181     -55876.1731353     -55876.1731359

1.00      0.66              -55861.450418     -55876.2308019     -55876.2308025

1.00      0.70              -55861.450418     -55876.1958387     -55876.1958393

1.00      0.74             -55861.4504183      -55876.070311     -55876.0703117

1.00      0.78              -55861.450418     -55875.8517413     -55875.8517419

1.00      0.82             -55861.4504179     -55875.5401143     -55875.5401149

1.00      0.86             -55861.4504182     -55875.1345211     -55875.1345218

1.00      0.90             -55861.4504178     -55874.6385017     -55874.6385024

1.00      0.94             -55861.4504179     -55874.0610658     -55874.0610664

1.00      0.98              -55861.450418     -55873.4381572     -55873.4381579

1.00      1.00             -55861.4504177     -55873.1202336     -55873.1202339
