x           y           stackinginfo
138.534273409567 80.7959436996032 1
94.0248045199532 1.26385120654129 1
2.8542608368221 2.55120707399782 1
5.00353857220006 3.84003077812723 1
7.15209655050652 5.13024904310264 1
9.3000836320273 6.42163734108433 1
11.4477367210885 7.71381052597091 1
13.5953584903136 9.00625311587268 1
15.7432825639098 10.2983764615056 3
17.8918363385209 11.5895850332057 3
20.0413090228717 12.8793365040533 3
22.1919295922928 14.1671853347437 0
24.3438563564692 15.4528055286296 0
26.4971767226885 16.7359944341569 0
28.6519135778647 18.0166639188779 0
30.8080344223169 19.2948261394623 0
32.9654606107015 20.5705789278604 0
35.1240756222456 21.8440926932205 0
37.2837322759231 23.1155986622598 0
39.4442589825096 24.3853778001642 0
41.6054650583801 25.6537501661537 0
43.7671452219608 26.9210651474068 0
45.9290830956175 28.1876933466647 0
48.0910544040593 29.4540193901888 0
50.2528302809514 30.7204350407736 0
52.414180104022 31.9873333568692 0
54.5748742719733 33.2551040896773 0
56.7346885814611 34.5241278271927 0
58.893411061369 35.7947669015529 0
61.0508511446093 37.0673529794962 0
63.2068508321433 38.3421714708289 0
65.3612967602091 39.6194435100191 0
67.5141315211223 40.8993073483421 0
69.6653622199793 42.1818020195606 0
71.8150642227809 43.4668566292118 4
73.9633785848423 44.7542883782759 4
76.1105028451818 46.0438110177744 4
78.2566766285216 47.335052831732 2
80.402165033458 48.6275806553965 2
82.5472428122655 49.9209259950092 2
84.6921805169823 51.2146117324443 2
86.8372319741501 52.508180297946 2
88.9826225418919 53.8012224805416 2
91.1285396311135 55.0934005054603 2
93.275131774813 56.3844556532178 2
95.4225155546361 57.6742002978574 2
97.5707828353013 58.9625033245026 2
99.7200047939379 60.2492771314664 2
101.87023443468 61.5344683380873 2
104.021503034415 62.8180601859038 2
106.173811507933 64.1000850654096 2
108.327120771821 65.380640088703 2
110.481345401331 66.6598977158564 2
112.636353873299 67.9381053584955 2
114.791976400155 69.2155721268805 5
116.948018817396 70.4926452619799 5
119.104279407795 71.7696813233426 5
121.260565244111 73.047017570168 5
123.416705161567 74.3249481459735 1
125.572557368751 75.6037085377319 1
127.728010839777 76.8834704452466 1
129.882980975941 78.1643474127611 1
132.037401333832 79.4464094395621 1
134.191214049943 80.7297028537328 1
89.6840609534067 1.19625886128817 1
91.8364837567469 2.48215392105787 1
93.9881280616528 3.76944091656754 1
96.1389679391922 5.05817136546146 1
4.96843353792163 6.34833160095493 1
7.1178415206051 7.63978396867827 1
9.26679241722736 8.93223292704261 1
11.4155607797848 10.2252331088639 1
13.5644623056423 11.518232121936 3
15.713817588 12.8106322785614 3
17.8639191208626 14.1018546585931 3
20.0150066304663 15.3913923754478 0
22.1672533403781 16.6788452794646 0
24.3207630223918 17.9639344825204 0
26.4755750432876 19.246500747483 0
28.6316733688707 20.5264937226818 0
30.7889960880743 21.8039582985143 0
32.947443653237 23.0790214585756 0
35.1068855033912 24.3518802435422 0
37.2671652398355 25.6227902598683 0
39.4281049298297 26.8920541462278 0
41.5895091559729 28.1600101500554 0
43.7511686410033 29.4270220418358 0
45.9128636292195 30.6934707400093 0
48.0743675150682 31.9597468185789 0
50.2354502814005 33.2262440116305 0
52.3958816279575 34.4933541696532 0
54.555434984533 35.7614625721974 0
56.7138938705429 37.0309409831893 0
58.8710606613922 38.3021375415097 0
61.026767313235 39.5753633834299 0
63.1808872789613 40.8508763259879 0
65.333347173305 42.1288628137547 0
67.4841362887808 43.409420140711 0
69.6333120344908 44.6925421698004 4
71.7809996164837 45.9781120112632 4
73.9273851044595 47.2659043758622 4
76.0727025143588 48.5555982149541 2
78.2172173147508 49.8467973953329 2
80.3612097138987 51.1390554818806 2
82.5049601368662 52.4319019166617 2
84.6487371294784 53.72486967234 2
86.7927857503612 55.017525007764 2
88.9373169786535 56.3094950046018 2
91.0825051015774 57.6004826981531 2
93.2284937533468 58.8902654710202 2
95.3754034579193 60.1786841232945 2
97.5233347846509 61.4656315662828 2
99.6723699104567 62.7510420256744 2
101.822569816664 64.0348873813939 2
103.973965790286 65.3171847599648 2
106.126548906037 66.5980098961927 2
108.280261689266 67.8775090851313 2
110.434995482856 69.1559034044195 2
112.590595282725 70.433481283071 5
114.746871465171 71.710579661007 5
116.903615873847 72.987557444102 5
119.060618906431 74.264766443944 5
121.217684461273 75.5425248066831 1
123.374640390114 76.8210970107496 1
125.531343143217 78.1006833090861 1
127.687676519485 79.3814198808921 1
129.843545757458 80.6633888732664 1
85.3385682989365 1.12862386949169 1
87.4932680146533 2.41317612954435 1
89.6472678334028 3.69906196154115 1
91.8004977232473 4.98631805587464 1
93.952910765864 6.27498458393876 1
96.1045095976288 7.56507460114633 1
98.2553724887582 8.85651954453352 1
7.08506443859614 10.1491161962336 1
9.23503350445763 11.4425065093213 1
11.3849739872842 12.7361995517079 1
13.5351968801176 14.029622444143 3
15.685994495041 15.3221829713925 3
17.8376139675199 16.6133290817147 3
19.9902408799084 17.9025943216032 0
22.1439936589486 19.1896240105766 0
24.2989269562296 20.4741830735563 0
26.4550402907248 21.7561510573886 0
28.6122879629697 23.0355110997149 0
30.7705875707144 24.3123376700299 0
32.9298262353445 25.5867848755214 0
35.089864579413 26.8590751637656 0
37.2505396679425 28.1294874977661 0
39.4116681163123 29.3983448465386 0
41.5730495105569 30.6660020304986 0
43.7344699140868 31.9328353790788 0
45.8957057500096 33.1992339903878 0
48.0565278601686 34.4655923673404 0
50.216705354269 35.7323046236509 0
52.3760098152556 36.9997598539157 0
54.53422133568 38.2683366338402 0
56.6911369077218 39.5383948438932 0
58.8465806469089 40.8102644732426 0
61.0004152252032 42.0842312334894 0
63.1525533646843 43.3605197038483 0
65.3029677563921 44.6392757503301 0
67.4516975547628 45.9205504443972 0
69.5988498790583 47.2042889993577 4
71.7445952563545 48.4903280668985 4
73.8891570076329 49.7784031191043 4
76.0327961956173 51.0681648716556 2
78.1757951629356 52.359201299713 2
80.318442646562 53.6510618960396 2
82.4610214520956 54.9432834565431 2
84.6037959629259 56.2354189201775 2
86.7470000522659 57.5270667078249 2
88.8908322383183 58.8178918884275 2
91.0354601956987 60.1076322986807 2
93.1810291107183 61.3960928001039 2
95.3276659449736 62.6831374618257 2
97.4754803560163 63.9686807812171 2
99.6245626122813 65.2526804825636 2
101.774974865231 66.535139413485 2
103.926739372901 67.8161151293217 2
106.079828130302 69.0957313252273 2
108.234157640847 70.3741844464373 2
110.389591068817 71.6517411246481 2
112.545947809278 72.9287246157921 5
114.703018490681 74.2054920036879 5
116.860582264065 75.4824064258541 5
119.018423143925 76.7598092857831 5
121.176342814165 78.0379969096922 1
123.334168270706 79.3172050626296 1
125.491753749661 80.5976033122807 1
80.9886768325731 1.06128770670922 1
83.1454337471193 2.34433960335312 1
85.301627229343 3.62877278941589 1
87.4571642671464 4.91459674667108 1
89.6119577932499 6.20181782224285 1
91.7659391242854 7.49044461782683 1
93.9190804071746 8.78048002802755 1
96.071421489732 10.0718883763607 1
98.2230893910784 11.3645415694872 1
100.37429652071 12.6581747560664 1
9.20471543402197 13.9523784385829 1
11.3558496371834 15.246630699033 3
13.5073887962468 16.5403527400411 3
15.6595859910301 17.8329695549693 3
17.8126375280455 19.1239631459172 0
19.9666750155053 20.4129097254716 0
22.1217670278573 21.6994983124825 0
24.2779272306051 22.9835337301027 0
26.4351248024629 24.2649301544245 0
28.5932936635574 25.5437010163249 0
30.7523387765683 26.8199484291758 0
32.9121390987891 28.09385277857 0
35.0725488959444 29.3656613654427 0
37.2333993691875 30.6356755207018 0
39.3945012555597 31.9042369829694 0
41.5556482725336 33.1717152429717 0
43.7166211623646 34.4384969898122 0
45.8771922674906 35.7049773414525 0
48.0371302204046 36.9715529510032 0
50.196204859988 38.2386167641172 0
52.3541932742366 39.5065530784231 0
54.5108879657719 40.7757307559694 0
56.6661066954517 42.0464938442151 0
58.8197033655572 43.3191491985134 0
60.9715790231114 44.5939511836164 0
63.1216916303632 45.8710847254165 0
65.2700630459928 47.1506490568235 0
67.4167817169611 48.432644600588 4
69.5620000988245 49.7169665863405 4
71.7059265184462 51.0034080192243 4
73.8488124104261 52.2916719328833 2
75.9909373025877 53.5813900371116 2
78.1325945042284 54.8721440715094 2
80.2740788040373 56.1634885219677 2
82.4156729065273 57.4549768110356 2
84.5576335945975 58.7461898069059 2
86.7001840239702 60.0367602575316 2
88.8435151164121 61.3263862667745 2
90.9877933990975 62.6148322073697 2
93.1331674635875 63.9019252003668 2
95.2797700819611 65.1875508738198 2
97.4277177095693 66.4716463257183 2
99.5771022573322 67.7541979343349 2
101.727977680054 69.0352459749179 2
103.88034701463 70.3148932822464 2
106.034154341163 71.5933128982692 2
108.189284251841 72.87074883584 2
110.345569314347 74.1475073338073 5
112.502803890141 75.4239386499762 5
114.660761316738 76.7004121213599 5
116.819211181477 77.9772888421511 5
118.977933954479 79.2548964516391 1
121.136731162663 80.5335097718994 1
76.6351296135228 0.995328199135232 1
78.7935834292545 2.2765203801556 1
80.9516646655272 3.55916119374027 1
83.1092586141372 4.8432900216413 1
85.2662572590308 6.12891298927852 1
87.4225583858228 7.41601608698653 1
89.5780733097312 8.70457489863654 1
91.7327446459301 9.99455946839345 1
93.8865714949869 11.2859265634447 1
96.0396345624322 12.5785857438813 1
98.1921056700733 13.8723493397083 1
100.344231846625 15.1668977179385 1
102.496301175104 16.4617817209274 1
11.328002680681 17.7564620341473 3
13.4807995521692 19.050366377578 3
15.6342979756832 20.342945955877 3
17.7886427595072 21.6337212447405 0
19.9439157905808 22.9223111988172 0
22.1001436008322 24.2084457183764 0
24.2573084429583 25.4919657538884 0
26.4153587554122 26.7728169288624 0
28.5742162927953 28.0510410570524 0
30.7337786362464 29.3267673541209 0
32.893918897124 30.6002023896122 0
35.0544854173996 31.8716177127593 0
37.2153028399813 33.1413356399965 0
39.3761749006894 34.4097146869825 0
41.5368884745819 35.6771367348684 0
43.697218535137 36.9439964835145 0
45.8569337014354 38.210693027852 0
48.0158020745521 39.4776234623136 0
50.1735977394108 40.7451776580932 0
52.3301089483663 42.0137322188478 0
54.4851478387811 43.2836423794685 0
56.638560894941 44.5552313801413 0
58.7902393935598 45.8287769283355 0
60.9401287121563 47.1044953304149 0
63.0882352078792 48.3825252862137 0
65.2346294748188 49.662914285225 4
67.3794450739597 50.9456100478281 4
69.5228725007857 52.23046018006 4
71.665148945638 53.5172209680953 2
73.8065455568799 54.8055729067166 2
75.9473547364616 56.0951389414261 2
78.0878787097934 57.3855034006965 2
80.2284154559739 58.6762341461465 2
82.36924346978 59.96690791667 2
84.5106111225674 61.2571350605598 2
86.6527338202347 62.5465781663439 2
88.7957989124869 63.8349607186891 2
90.9399731907577 65.1220685949742 2
93.0854075041838 66.4077506800682 2
95.2322390491833 67.6919153946237 2
97.3805855757585 68.9745272536164 2
99.5305313949183 70.2556076957673 2
101.682111482013 71.5352396031249 2
103.835299810274 72.8135731178533 2
105.990005660703 74.0908286435942 4
108.146078755652 75.3672922298943 4
110.303321763671 76.6433019505074 4
112.461507223262 77.9192268416848 4
114.620395490134 79.1954416035369 3
116.77975081739 80.4723011370236 3
72.2790529560826 0.932107100856299 3
74.4387071732332 2.21113893737342 3
76.5982421461901 3.49157693529809 1
78.7575094774548 4.77354909324432 1
80.916377263173 6.05712556444164 1
83.0747240658155 7.3423278305154 1
85.2324355858165 8.6291390691958 1
87.3894075098548 9.91751459050244 1
89.5455576153778 11.2073909788132 1
91.7008468771575 12.4986930719184 1
93.8553057921306 13.7913265481274 1
96.009054972853 15.0851441616736 1
98.1623028035331 16.3799018629194 1
100.315317815319 17.6752334581375 1
102.468388159827 18.9706616063862 1
104.62178311011 20.2656417013954 3
13.455123573449 21.5596181479629 3
15.6097733716583 22.8520747541893 3
17.7652277097153 24.1425725550576 0
19.9215259885298 25.4307718882927 0
22.0786621081868 26.7164404794141 0
24.2365967062006 27.9994523967824 0
26.3952660883551 29.2797828071419 0
28.5545853550199 30.5575015754166 0
30.7144469866652 31.8327653529181 0
32.8747184576727 33.1058066842738 0
35.035241157508 34.3769202025052 0
37.1958316907972 35.64644717676 0
39.3562854685578 36.9147604549726 0
41.5163818480359 38.1822518043843 0
43.6758903591787 39.4493216558136 0
45.8345775444025 40.7163711217644 0
47.9922143050138 41.9837957832383 0
50.148584431507 43.2519796635588 0
52.303494503672 44.52128779457 0
54.4567842148511 45.7920568710781 0
56.6083363927156 47.0645833621711 0
58.7580857763058 48.3391090699384 0
60.9060254573334 49.6158054099082 0
63.0522100415028 50.8947592989231 0
65.1967549590142 52.1759639135967 4
67.3398318051369 53.4593162293713 4
69.4816602856027 54.7446232105246 4
71.6224980270398 56.0316149595103 2
73.7626302226147 57.3199604051827 2
75.9023600437415 58.6092824958066 2
78.0419951028818 59.8991755224916 2
80.1818318042078 61.1892254632245 2
82.3221425656574 62.4790322668743 2
84.4631686617301 63.7682308797163 2
86.6051203362248 65.0565066593202 2
88.748182404522 66.3436038870576 2
90.8925207221585 67.6293304936437 2
93.0382878167492 68.9135594041721 2
95.1856213190724 70.1962267701027 2
97.334631682237 71.4773311411634 2
99.4853845442324 72.7569345667897 4
101.637885149881 74.0351651812038 4
103.792070499574 75.3122193364078 4
105.947811401518 76.5883600101556 4
108.104923256626 77.8639079169282 4
110.263182482662 79.1392247059822 4
112.422344960868 80.4146908337995 3
67.9218626983113 0.872669778323508 3
70.08210048659 2.149531710573 3
72.2425414384933 3.42756548739998 3
74.4029936148392 4.70701313962842 3
76.5632887198981 5.98805289989914 3
78.7232782605429 7.27079928093929 1
80.8828282528293 8.55530684123294 1
83.0418146891961 9.84157615711304 1
85.2001226280016 11.1295616400838 1
87.3576522366634 12.4191813939561 1
89.5143340034791 13.7103281803427 1
91.6701518649975 15.0028788599404 1
93.8251693120147 16.2966861338928 1
95.9795420894358 17.5915471372349 1
98.1335047562571 18.8871665956185 1
100.287334694924 20.1831405252821 5
102.441308898033 21.478974173702 5
104.595667978262 22.7741280387496 3
106.750594047381 24.0680710195375 3
15.5856018035803 25.3603235215689 0
17.741949262984 26.6504874833689 0
19.8990408020929 27.9382626404839 0
22.0568475003595 29.2234519624476 0
24.2153173534012 30.5059608012784 0
26.3743804856256 31.78579365709 0
28.5339477345772 33.0630491569883 0
30.6939065417307 34.3379115659406 0
32.8541173810078 35.6106384627401 0
35.0144127954508 36.881545548063 0
37.1745996718016 38.1509903901394 0
39.3344641365761 39.4193574661011 0
41.4937781738103 40.6870459291275 0
43.6523073829248 41.9544597595879 0
45.8098193869432 43.2220000104734 0
47.9660930730694 44.4900580646314 0
50.1209290135645 45.7590082317411 0
52.2741600401099 47.0291991034405 0
54.4256611425507 48.3009429827552 0
56.5753578543072 49.5745029346843 0
58.7232321729226 50.8500780458913 0
60.8693252240141 52.1277890609951 0
63.0137363620118 53.4076681943166 4
65.1566189841595 54.6896559424309 4
67.2981738429748 55.9736054911476 4
69.4386410956484 57.2592942429776 2
71.5782925844194 58.5464379300053 2
73.717424847978 59.834702885266 2
75.8563472874141 61.1237185367979 2
77.9953674422063 62.4130915894616 2
80.1347775817305 63.7024235359942 2
82.2748443068593 64.9913313624376 2
84.4158033679952 66.2794677106257 2
86.5578606019837 67.5665369568163 2
88.7011973458369 68.8523056691925 2
90.8459785289778 70.1366075276919 2
92.9923559436243 71.4193449172295 2
95.1404599952556 72.7004886958165 4
97.290382757282 73.9800774382665 4
99.4421597005576 75.2582170508654 4
101.595757396232 76.5350806422449 4
103.751071356333 77.8109070066711 4
105.907934115038 79.0859951603854 4
108.066130608421 80.3606925804269 4
63.5651161750959 0.817365365297292 0
65.7252375426303 2.09242293821009 3
67.8859445213312 3.36822626469527 3
70.0470038397453 4.64511452608047 3
72.2082045525926 5.92337825044746 3
74.3693597089806 7.20324909940211 3
76.5303045793702 8.48489442280833 3
78.6908926945648 9.76841554277337 3
80.8509912680826 11.0538486992409 1
83.0104781128895 12.3411685359027 1
85.1692428785179 13.6302952045744 1
87.3271955725825 14.9211058353837 1
89.4842837678764 16.2134483409731 1
91.6405175849656 17.5071511858787 1
93.7959922299017 18.802014922276 1
95.9508917028426 20.0977843692317 5
98.1054663292393 21.3941193465626 5
100.259991804876 22.6905869759716 5
102.414726150281 23.9866849511849 5
104.569877704832 25.2818875041339 4
106.725589215708 26.5756936418705 4
108.881937359559 27.8676624399 4
17.7183419496316 29.1574360686003 0
19.8759878417362 30.4447517813916 0
22.0342309562902 31.7294461707555 0
24.1930131757202 33.0114557246388 0
26.3522611383122 34.2908153002943 0
28.5118814969516 35.5676528216779 0
30.6717550658802 36.8421794414686 0
32.8317330563899 38.1146757661008 0
34.9916370868735 39.3854757469226 0
37.1512630038719 40.6549502750153 0
39.3103874826085 41.9234927670374 0
41.4687764301805 43.1915074080732 0
43.6261944783229 44.4593995256664 0
45.7824152319111 45.7275674761356 0
47.9372325396846 46.9963946011222 0
50.0904717407369 48.2662406436393 0
52.2419998640847 49.5374320177705 0
54.3917339504671 50.8102502030959 0
56.5396465903702 52.0849182558327 0
58.685767962173 53.3615868014681 0
60.8301841853214 54.640322722519 0
62.973032631532 55.9211048667264 4
65.1144955030249 57.2038278790499 4
67.2547932682457 58.4883126370655 5
69.3941793299177 59.7743196968457 2
71.5329359922135 61.0615599304408 2
73.6713653671445 62.3497029790334 2
75.8097769391438 63.6383849154802 2
77.9484753545368 64.9272191990739 2
80.0877487241177 66.215814549774 2
82.2278590785345 67.5037977110635 2
84.3690373475614 68.79083616034 2
86.5114842542655 70.0766561073607 2
88.6553780097571 71.3610515265762 2
90.8008814425942 72.6438880719059 4
92.9481389308198 73.9251049758772 4
95.0972627587037 75.2047141714992 4
97.2483145965896 76.4827979808417 4
99.401289884339 77.7595065927819 4
101.556111118762 79.0350552518197 4
103.712632038072 80.3097196845914 4
59.210350172953 0.765816242168624 0
61.3696276770994 2.03973506507649 0
63.5299064922092 3.31385225268503 0
65.6909279363882 4.58855593302641 0
67.8524448230695 5.8642150587892 0
70.0142294825456 7.1411623192133 3
72.1760775572489 8.41968045905982 3
74.3378082651443 9.69999228868506 3
76.4992620801047 10.9822539702951 3
78.6602969509248 12.2665509580128 3
80.8207845090056 13.5528965871689 3
82.9806083455126 14.8412345693017 1
85.1396670504478 16.13144738525 1
87.2978844222888 17.42337079377 1
89.4552288943982 18.7168089154353 1
91.6117383827178 20.0115432207604 5
93.7675367225865 21.307324791738 5
95.9228289796644 22.603850806186 5
98.0778724033097 23.9007432702019 5
100.232933361093 25.1975492265378 5
102.388246407682 26.4937676400292 5
104.543987063124 27.7888933852258 4
106.700262089107 29.0824593555007 4
108.857115255927 30.3740641409361 4
111.014542817178 31.6633892451393 4
19.8519100294618 32.9502082292883 0
22.010370756114 34.2343911948037 0
24.1692624247695 35.5159070070463 0
26.3285084971507 36.7948217083558 0
28.4880098144081 38.0712919588735 0
30.6476380176789 39.3455537639 0
32.8072325638671 40.6179077634015 0
34.9666024160476 41.8887029417886 0
37.1255318611559 43.1583206468419 0
39.2837891449161 44.427160806402 0
41.4411368495534 45.6956303933727 0
43.5973432925569 46.9641334917471 0
45.7521949293047 48.2330619543944 0
47.9055086572374 49.5027861998263 0
50.0571427812706 50.773645727902 0
52.2070057290998 52.0459385294907 0
54.355061553648 53.3199089281368 0
56.5013314681935 54.5957344312424 0
58.6458912497083 55.8735139167526 3
60.7888653216583 57.1532613609816 3
62.9304194017364 58.434908868682 4
65.0707540319491 59.7183169246828 5
67.2101008137324 61.0032876692865 5
69.3487211916412 62.2895751793602 5
71.4869008389076 63.5768912409908 2
73.6249407001646 64.8649069838452 2
75.7631477545681 66.1532561511205 2
77.9018243171443 67.4415478781042 2
80.0412561058673 68.7293898835573 2
82.1817016054967 70.0164165845654 2
84.3233862640976 71.3023148094451 2
86.4665059756387 72.5868394179544 2
88.6112353313169 73.8698189332799 4
90.7577291772228 75.151158830202 4
92.9061138885449 76.4308418133712 4
95.0564713372481 77.7089248602544 4
97.2088222444019 78.9855349083137 4
99.3631158439511 80.2608643302235 0
54.8589290886954 0.717154323855285 0
57.0166791145623 1.99073454211566 0
59.1758359047692 3.26394355908919 0
61.3361440027481 4.53716167507501 0
63.4973397832418 5.81078215441223 0
65.6591655950218 7.08519295528722 0
67.8213795741033 8.3607592917103 0
69.9837613782387 9.63780803117106 0
72.1461143823879 10.9166145041269 3
74.3082651118645 12.19739175512 3
76.4700607675676 13.4802820201149 3
78.6313658257386 14.7653505599366 3
80.7920590908654 16.052583021675 3
82.9520332279474 17.3418886716801 3
85.1111991573319 18.6331116483418 1
87.2694980692605 19.9260479988007 5
89.426922715979 21.2204600751821 5
91.5835390692213 22.5160850644389 5
93.739496042651 23.8126283952794 5
95.8950136017541 25.1097452868094 5
98.0503494049946 26.4070276105989 5
100.205755706728 27.704010929793 5
102.361441747165 29.0002032441131 5
104.51755173118 30.2951254940372 4
106.674161123224 31.5883469756235 4
108.83128789967 32.8795061606988 4
110.988911494322 34.1683233628105 4
113.146990931405 35.4546084405859 0
21.984872688633 36.7382663572977 0
24.1436965170543 38.0192993838227 0
26.3027797560304 39.2978042573131 0
28.4620147705982 40.5739642378411 0
30.6212611958346 41.8480369740774 0
32.7803445936617 43.1203397080653 0
34.9390603907813 44.3912334654103 0
37.097182044326 45.6611076727454 0
39.254471915231 46.9303666424513 0
41.4106937329083 48.1994176720994 0
43.5656262987118 49.4686598682499 0
45.7190771365723 50.7384736436287 0
47.870894647907 52.0092107935354 0
50.0209777238991 53.2811844226802 0
52.1692817101394 54.5546579954491 0
54.3158198129603 55.8298334041332 0
56.4606596669778 57.1068393883762 3
58.6039158921507 58.3857236827981 3
60.7457408614436 59.6664535719539 3
62.8863168627686 60.9489261418619 5
65.0258524779828 62.232981984349 5
67.1645834595848 63.5184159431311 5
69.3027708991547 64.8049817272013 5
71.4406966760225 66.0923887450046 5
73.5786587302195 67.3802973463131 2
75.716963579468 68.668324565769 2
77.8559144100697 69.9560654811704 2
79.9957963691464 71.243125328333 2
82.1368636320903 72.5291526401878 2
84.2793357824333 73.8138626398546 4
86.42340342191 75.0970470744266 4
88.5692320625021 76.3785773170166 4
90.7169583039772 77.6584054349771 4
92.8666782331405 78.9365615690247 4
95.0184323992787 80.2131487113986 0
50.5118931867629 0.670325112150199 0
52.6675636517105 1.94434466481359 0
54.8249795776005 3.21748071355237 0
56.9839259517659 4.49006431663979 0
59.1441542798027 5.76246205993965 0
61.3054007091535 7.03506295604272 0
63.4674011859514 8.30826309336412 0
65.629902776199 9.58244906874632 0
67.7926710999351 10.8579819065744 0
69.9554942917882 12.1351821372363 0
72.1181841636553 13.4143162888664 0
74.2805752850888 14.6955848622968 0
76.4425226863293 15.9791120567344 3
78.6038990389582 17.2649382865589 3
80.7645926205437 18.5530177203711 3
82.9245079283158 19.8432237696162 3
85.0835713599121 21.135363560602 5
87.2417457446689 22.429195547493 5
89.399050899602 23.7244430429586 5
91.5555806361919 25.0208023405533 5
93.7115059013458 26.3179378453349 5
95.8670570304599 27.6154693608101 5
98.0224878553645 28.9129667526123 5
100.178033930986 30.2099623936838 2
102.333878982255 31.5059801364721 2
104.49013838349 32.8005713612581 4
106.646861329507 34.0933436989695 4
108.80404683489 35.3839759868827 4
110.961664566626 36.672227623326 4
113.119670051197 37.9579461373115 4
115.278009710884 39.2410724843875 0
24.1160155756235 40.5216418002232 0
26.2748023750114 41.7997791691159 0
28.4336494670252 43.0756909625614 0
30.5924019829209 44.3496528340553 0
32.7508703477439 45.6219956063505 0
34.9088369051387 46.8930901405516 0
37.0660666440789 48.1633321505671 0
39.2223204147316 49.4331281666707 0
41.3773699067219 50.702882230465 0
43.5310127750653 51.972983496666 0
45.6830862859941 53.2437951379047 0
47.8334782800941 54.5156441366806 0
49.9821341554204 55.7888112020451 0
52.1290587139954 57.0635202077754 3
54.2743123332124 58.3399275277271 3
56.4180021251557 59.6181135207295 3
58.560270402352 60.8980803755884 3
60.7012842502944 62.1797601982956 5
62.8412302608377 63.4630298124701 5
64.980316052618 64.7477225001386 5
67.118771910642 66.0336326657978 5
69.2568512068244 67.3205095233898 5
71.394831439583 68.6080448128708 5
73.5330119163635 69.8958700888404 5
75.6717042364477 71.1835738998948 2
77.8112156078544 72.4707361411064 2
79.9518297067473 73.7569680828378 4
82.0937947625747 75.0419440751342 4
84.2373233627624 76.3254176145511 4
86.3825952913594 77.6072260659011 4
88.5297569391609 78.8872904971196 4
90.6789146042046 80.1656133259868 0
46.1698224951237 0.624261273966801 0
48.3230741260415 1.89940487790917 0
50.4782925661909 3.17324178909206 0
52.6353356239074 4.44603618121024 0
54.7940057878377 5.71809962460294 0
56.954066064614 6.98978228418688 0
59.1152573287067 8.26146249306877 0
61.2773137912129 9.53353489611801 0
63.4399753440266 10.8063965175263 0
65.6029963606391 12.0804313983415 0
67.766151159879 13.3559952865452 0
69.929236743829 14.6334007329701 0
72.0920734673437 15.9129027733478 0
74.2545042111508 17.1946855433925 0
76.4163925901982 18.478850748355 3
78.5776209179063 19.7654099338727 3
80.7380890999273 21.0542835496378 3
82.897716200187 22.34530954977 3
85.0564483609967 23.6382597573774 5
87.2142744012847 24.9328573011903 5
89.3712436018633 26.2287894484297 5
91.5274775139041 27.525715396475 5
93.6831669574911 28.8232638876054 5
95.8385496175445 30.1210266157152 2
97.9938728546456 31.4185598804908 2
100.149354104444 32.7154008390386 2
102.305151961534 34.0110953578063 2
104.461355573878 35.3052291297129 2
106.617992661533 36.5974500152769 4
108.775049373025 37.8874780979492 4
110.932490116936 39.1751132235776 4
113.090268770042 40.4602417261454 4
115.248329896134 41.742839827482 4
117.40660175235 43.0229728276361 0
26.2443844195401 44.3007902955689 0
28.4027475530936 45.5765178619414 0
30.5609186894802 46.8504462368456 0
32.7186932928881 48.1229179710721 0
34.8758428286426 49.3943124948603 0
37.0321281764396 50.6650301709841 0
39.1873156162366 51.9354764572058 0
41.3411933311123 53.2060472000347 0
43.4935866506855 54.4771156658867 0
45.6443706716036 55.7490214317499 0
47.7934787588421 57.0220606004198 3
49.9409054859377 58.2964764909473 3
52.0867031163536 59.5724503867975 3
54.2309719291837 60.8500933812662 3
56.3738465271041 62.1294424737998 3
58.5154822155207 63.410465155892 1
60.6560464909552 64.6930734029755 5
62.7957190941321 65.977137423661 5
64.9346959423611 67.2624910847678 5
67.0731945081869 68.5489240775366 5
69.211461537844 69.8361633255532 5
71.3497775755011 71.1238611327111 5
73.4884519801473 72.4116059366346 5
75.6278064229852 73.6989566766018 5
77.7681511608133 74.9854886547277 4
79.9097650791014 76.2708338616425 4
82.0528880148939 77.5547044681774 4
84.1977194305349 78.8369017983643 4
86.3444182759645 80.1173156104316 0
41.8327994690027 0.577908517706566 0
43.9835296619686 1.85475680040686 0
46.1363148047821 3.12997337627844 0
48.2910969069377 4.40374639142993 0
50.4477537470782 5.67631998335593 0
52.6061064535709 6.94798671888456 0
54.7659327105223 8.21907960363684 0
56.926982514098 9.48996330012817 0
59.0889931471338 10.7610245834888 0
61.2517018335902 12.0326614480481 0
63.4148553803615 13.3052702176722 0
65.57821678441 14.5792309747633 0
67.7415692598831 15.8548924919633 0
69.9047183322243 17.1325568862269 0
72.0674925434031 18.4124643013446 0
74.2297431493483 19.6947784095214 0
76.3913431449667 20.9795743712836 0
78.5521861609397 22.2668319649995 3
80.7121862151227 23.5564371910166 3
82.8712809167292 24.8481934832328 5
85.0294413861336 26.1418388703897 5
87.186686683641 27.4370634128295 5
89.3430978687823 28.7335213707733 5
91.498824361798 30.0308390397295 2
93.6540753310131 31.3286155799613 2
95.809093561263 32.6264225206143 2
97.9641177924632 33.9238112452502 2
100.119345976791 35.2203314853583 2
102.274911758229 36.5155570268968 2
104.430880437355 37.8091116799094 2
106.587262778 39.1006855300439 4
108.744036468198 40.3900414017896 4
110.901162986462 41.6770206660821 4
113.058595105295 42.96154742873 4
115.216274176289 44.2436299655171 4
117.374120538509 45.5233593780587 4
119.53202286322 46.8009056180738 0
28.3692301692954 48.0765107883749 0
30.5267583151043 49.3504793659021 0
32.6837883088351 50.6231651369748 0
34.8400851339577 51.8949551568018 0
36.9954127129543 53.1662516067168 0
39.1495514324647 54.437454101488 0
41.3023148354143 55.708944240344 0
43.4535639748403 56.9810727905034 0
45.6032177557642 58.2541494348196 3
47.7512575603774 59.5284342866393 3
49.8977248670128 60.8041302305656 3
52.042711668984 62.0813760247925 3
54.1863453534765 63.3602419722218 3
56.328771992091 64.6407317208869 1
58.4701437003544 65.922792845982 1
60.6106151123079 67.2063318116147 1
62.7503473829005 68.4912212746266 5
64.8895176034701 69.7772919406928 5
67.0283335310287 71.0643092529055 5
69.1670463197245 72.3519525117453 5
71.3059520124293 73.6398173306986 5
73.4453772692697 74.9274474391651 5
75.5856528928929 76.2143845975538 4
77.7270869516651 77.5002172837127 4
79.8699492747818 78.7846127037055 4
82.0144640530215 80.067331696199 4
37.5005067272722 0.530218673587432 0
39.6488054189627 1.80924203998869 0
41.7991340873741 3.08641732948528 0
43.9515103325962 4.36184576261472 0
46.105890581721 5.63569426767779 0
48.2621698352813 6.90818731704226 0
50.4201871166197 8.17959906898321 0
52.5797361625475 9.45024556059349 0
54.7405791762566 10.720476707844 0
56.9024606621716 11.9906682131923 0
59.0651196978538 13.2612127145976 0
61.2282997820265 14.5325096543851 0
63.391756046863 15.8049530887664 0
65.5552601937021 17.0789174895059 0
67.7186036889118 18.3547425123812 0
69.8815998021218 19.6327169553556 0
72.0440848578651 20.9130624918748 0
74.2059188528835 22.1959185126924 0
76.3669855379997 23.4813304010827 0
78.5271922653052 24.7692444736061 0
80.6864709189364 26.0595122734116 4
82.8447832999477 27.3519033538376 4
85.0021310157098 28.6461233395359 5
87.1585674937049 29.9418313468167 2
89.314207642247 31.2386517519888 2
91.4692286938878 32.5361826254949 2
93.6238564787727 33.8340002990027 2
95.7783362705001 35.1316645902865 2
97.9328953799305 36.4287308239201 2
100.087710220353 37.724769145277 2
102.24288934711 39.0193872040673 2
104.398476739276 40.3122506487077 2
106.554470133287 41.6030938600056 2
108.710841489516 42.8917235024826 4
110.867550827755 44.1780210960797 4
113.024549486431 45.4619446587675 4
115.181773632099 46.7435295113238 4
117.33913304421 48.0228881280225 4
119.496501395056 49.300208259847 4
121.653712630636 50.5757479292656 4
30.4899635887687 51.8498259301256 0
32.6462312767555 53.1228072539197 0
34.8016800183959 54.3950843126177 0
36.9560854907462 55.6670566311236 0
39.109250953379 56.9391118957301 3
41.261023115019 58.211610565843 3
43.4113043657814 59.4848742593599 3
45.5600594599422 60.7591773600717 3
47.7073150207263 62.0347407241374 3
49.8531511384266 63.3117265866141 3
51.9976860304556 64.5902351214742 1
54.1410571163566 65.870304970818 1
56.2834042125553 67.1519204330401 1
58.4248611362384 68.4350243400214 1
60.5655570788941 69.719527930572 1
62.7056278586241 71.0053036857682 1
64.8452370129337 72.2921588554399 5
66.9845975509139 73.5798062971526 5
69.1239816596576 74.8678573288532 5
71.263710669676 76.1558482719178 5
73.4041277329247 77.443291926148 5
75.545565573845 78.7297334904567 4
77.6883236373834 80.0147917876913 4
33.1723532458446 0.480170122446184 0
35.3184535001391 1.761708569669 0
37.4664655130309 3.04130888356196 0
39.6164744827891 4.31897091419635 0
41.7685077616585 5.59477165300102 0
43.9225333833943 6.86885625315595 0
46.0784606178193 8.14142938804114 0
48.2361444781107 9.41274706387783 0
50.3953945164452 10.6831087147613 0
52.5559866205711 11.9528494110536 0
54.7176754222161 13.2223324238132 0
56.8802056454709 14.4919417199903 0
59.0433216449444 15.76207364673 0
61.2067746690951 17.0331274046751 0
63.3703281751564 18.305493181604 0
65.5337617254764 19.579537980959 0
67.6968739840138 20.855589957227 0
69.8594852699198 22.133921595096 0
72.0214398173463 23.4147327091595 0
74.1826076185977 24.6981351759561 0
76.3428856529093 25.9841422986892 0
78.5021987542378 27.2726660434141 4
80.6605024971761 28.5635233076336 4
82.817789268822 29.8564502677522 4
84.9740966061973 31.151121427009 2
87.1295158785974 32.4471670525165 2
89.2841970474241 33.7441849971594 2
91.4383440380833 35.0417503174632 2
93.5921963723962 36.3394238587147 2
95.7459977189263 37.6367626281384 2
97.8999598296444 38.933335055493 2
100.054234960279 40.2287397312443 2
102.208906909512 41.5226239822377 2
104.364001439332 42.8146985673417 2
106.519506382316 44.104743614419 2
108.675390454875 45.3926080718295 2
110.831613182985 46.6782090826886 4
112.988123505497 47.9615328081918 4
115.144850204338 49.2426367488736 4
117.301690324611 50.5216523432176 4
119.458501640036 51.7987854190489 4
121.615102784111 53.0743117035903 4
123.771281938483 54.3485653836018 4
32.6062103477358 55.6219211811809 0
34.7608662030622 56.8947727812211 3
36.9144438490551 58.1675109396554 3
39.0667767564721 59.4405042809314 3
41.2177498332439 60.7140850766094 3
43.3673082047962 61.9885399642313 3
45.5154590645752 63.2641043604166 3
47.6622654131439 64.5409592115507 1
49.8078319067378 65.8192294062494 1
51.9522852302471 67.098984718905 1
54.0957540595772 68.3802451450805 1
56.2383555166563 69.6629905646929 1
58.3801919883497 70.9471705141528 1
60.5213609421221 72.2326999882085 1
62.6619802886947 73.5194313551928 1
64.8022189552732 74.807118009986 1
66.9423161308883 76.0953968876427 5
69.0825774808759 77.3838071667733 5
71.2233490221758 78.6718402684085 3
73.3649813168805 79.9590009344578 3
28.8474995510563 0.426845954657045 0
30.9917852344534 1.71106205689828 0
33.1377602920353 2.99340845661894 0
35.285585361431 4.27376063983247 0
37.4353591347878 5.55208796644665 0
39.5871195713454 6.82844135861775 0
41.7408452216643 8.10294299349022 0
43.8964574767527 9.37577703834204 0
46.0538252313119 10.6471810810505 0
48.2127726454763 11.9174380232806 0
50.3730893968952 13.1868682362037 0
52.5345417301193 14.4558221965019 0
54.6968826550127 15.7246736548905 0
56.8598607719299 16.9938124921116 0
59.023227248826 18.263636897655 0
61.1867410214282 19.5345442227303 0
63.3501728882062 20.8069191069131 0
65.5133090366181 22.0811190869133 0
67.6759544600758 23.3574583437003 0
69.8379365452609 24.6361901469106 0
71.9991087002576 25.9174894376188 0
74.1593535632738 27.2014380159471 0
76.3185853295104 28.4880155571858 0
78.4767522712186 29.7770988076785 4
80.6338407056994 31.0684697240587 4
82.7898800179122 32.3618316469268 4
84.9449483730944 33.65682926805 2
87.0991772581491 34.953066274594 2
89.2527510422503 36.2501177272799 2
91.4058970808752 37.547541416869 2
93.5588633452717 38.8448906025609 2
95.7118858393677 40.1417288842011 2
97.8651557090473 41.4376473129822 2
100.018799070928 42.7322808377989 2
102.172876906349 44.0253214088212 2
104.327400247236 45.3165271663756 2
106.482350607692 46.6057226621669 2
108.637695994206 47.8927941351495 2
110.793395859993 49.1776878334432 2
112.949395328293 50.460412673452 2
115.105613703774 51.7410460107116 4
117.261933932274 53.0197393357589 4
119.418198545297 54.2967196294801 4
121.574214881251 55.5722826235588 4
123.729767837304 56.8467774507577 4
125.884636798076 58.1205850888797 3
34.7180124622018 59.3940944630206 3
36.8709204515714 60.6676800969994 3
39.0226271858942 61.9416841046273 3
41.1730564305067 63.2164042609834 3
43.3221920070911 64.4920880229657 1
45.4700742360757 65.768930586865 1
47.6167881797701 67.0470755178487 1
49.7624450812749 68.3266174874669 1
51.9071608928595 69.607607705323 1
54.0510384194656 70.8900617629235 1
56.1941589278201 72.1739670242287 1
58.3365876553168 73.4592808263085 1
60.4783996965598 74.7459034814003 1
62.6197176663494 76.0336360412434 1
64.7607409174676 77.3221521898731 1
66.9017498595894 78.6110067510449 1
69.0430833101421 79.8996808438745 3
24.5248006019444 0.369633596440169 3
26.6678498000888 1.65640686297406 3
28.8122366077173 2.94159689556745 0
30.958209411586 4.2249212765572 0
33.1059506352775 5.50620967685635 0
35.255575696414 6.78539455976072 0
37.4071353909645 8.06249720099886 0
39.5606193856334 9.33761455365415 0
41.7159603925401 10.6109088092758 0
43.873039699903 11.8825982481914 0
46.0316946952332 13.152948808896 0
48.1917281657151 14.4222660689793 0
50.3529182841322 15.6908876712129 0
52.5150277699556 16.9591765911068 0
54.6778118012389 18.2275146010836 0
56.8410244677939 19.4962954531895 0
59.0044236725482 20.7659174764834 0
61.1677749634706 22.0367745539058 0
63.3308551267877 23.3092440032888 0
65.4934560002823 24.5836717987385 0
67.6553888813594 25.8603556614362 0
69.8164895626699 27.1395269090173 0
71.9766235098585 28.4213329986402 0
74.1356903489036 29.7058236742042 0
76.2936276464707 30.992943589545 4
78.450414675185 32.2825333280093 4
80.606075635251 33.5743398045514 4
82.7606824174443 34.8680342544665 2
84.9143566877672 36.1632331036202 2
87.0672697255702 37.4595160819069 2
89.2196367953153 38.7564396548559 2
91.3717025044381 40.053550693608 2
93.5237155570025 41.3504034455058 2
95.6758969885743 42.6465780672948 2
97.8284129672303 43.9416977342664 2
99.9813638369275 45.2354405186346 2
102.13479143563 46.5275463476731 2
104.288696752009 47.8178201806464 2
106.443059291935 49.1061259333138 2
108.597848547945 50.3923800559085 2
110.753023673967 51.6765519996634 2
112.908524239096 52.9586710925887 2
115.06425828054 54.2388363209769 2
117.220094605417 55.517223485608 4
119.375863900439 56.7940842926145 4
121.531368137229 58.0697352634149 4
123.686395680411 59.3445378051381 5
125.840739107699 60.6188733960634 3
127.994213091602 61.893118600494 3
36.8260686688772 63.1676237553964 3
38.9774110887295 64.4426975815469 1
41.1275969010005 65.7185985728615 1
43.276639111886 66.9955330306944 1
45.4245969646835 68.2736575474827 1
47.5715599179404 69.5530842454162 1
49.7176268964003 70.8338880360888 1
51.8628860839182 72.1161147953299 1
54.0074018644587 73.3997874240449 1
56.151214770673 74.6849039282986 1
58.294363682409 75.9714137176915 1
60.4369269008583 77.2591718567095 1
62.5790603214877 78.5479004708644 1
64.7210111095693 79.8371849665236 1
20.2028002672346 0.308499181678622 3
22.345389091953 1.59731379149749 3
24.4888373971228 2.88509073543926 3
26.6334735283949 4.17138060664087 0
28.7795705983013 5.45584148969733 0
30.9273341703925 6.73824872899771 0
33.0768989748861 8.01848931167436 0
35.2283312385953 9.2965482749585 0
37.3816334749718 10.5724934467725 0
39.5367502408167 11.8464624532284 0
41.6935747773473 13.1186525402063 0
43.8519568156567 14.3893116119886 0
46.0117114713625 15.6587298874742 0
48.1726285234624 16.92723199841 0
50.3344808687453 18.1951699413149 0
52.497031570544 19.4629167251777 0
54.6600396683044 20.7308599954202 0
56.8232647109105 21.9993955262166 0
58.9864702374088 23.2689201519559 0
61.1494269913402 24.5398226003298 0
63.3119167066513 25.8124709849637 0
65.4737368282141 27.0871975154933 0
67.6347063825301 28.3642809428906 0
69.7946726816884 29.6439280367232 0
71.9535179616663 30.9262564893531 0
74.1111652675801 32.2112821480469 0
76.2675835045372 33.4989131570424 4
78.4227906427388 34.7889532577132 4
80.5768548438855 36.0811145651198 4
82.7298938268708 37.3750373138292 2
84.8820725961695 38.6703116336948 2
87.0335984615055 39.9664964175961 2
89.1847107049711 41.2631343779893 2
91.3356622451458 42.5597686611667 2
93.4866933862006 43.8559639406009 2
95.6380035729453 45.1513271648944 2
97.7897324156886 46.4455219779538 2
99.9419578678906 47.7382740223078 2
102.094708249567 49.0293715851245 2
104.247980559577 50.3186618421397 2
106.401756544881 51.6060406953452 2
108.556008549332 52.891448482486 2
110.710694386292 54.1748754219806 2
112.865746036771 55.456373527611 2
115.021059587799 56.7360686191638 2
117.176492115989 58.0141656471567 2
119.331866891345 59.2909431988435 5
121.486985674636 60.5667369051298 5
123.641645299368 61.8419151850976 5
125.795655489256 63.1168524867402 5
127.948855313128 64.3919048144744 1
130.10112617004 65.6673908618627 1
38.931798072094 66.9435803678836 1
41.0820569921943 68.2206897949036 1
43.2313299797769 69.4988849199642 1
45.3796784434998 70.7782883854151 1
47.5271783843771 72.0589897754762 1
49.6739003274067 73.3410561375148 1
51.8198933988085 74.6245391722665 1
53.9651799672765 75.9094736548009 1
56.1097714830735 77.1958562439653 1
58.2537078944608 78.4836000189582 1
60.3971018649575 79.7724864493482 1
15.8798612134577 0.244136035987687 1
18.0228827298172 1.53407945771101 1
20.166215887302 2.82374448236712 3
22.3102263686455 4.11256904127931 3
24.4552586205237 5.40004896476998 3
26.6016075823224 6.6857790979131 0
28.7495016900768 7.9694726598887 0
30.899096479578 9.25096184722807 0
33.0504757889796 10.5301866228474 0
35.2036570191498 11.8071790038427 0
37.358597975153 13.0820478569488 0
39.5152044334267 14.3549664986666 0
41.6733384054594 15.6261628293422 0
43.8328269622634 16.8959104641007 0
45.993471125266 18.1645204022589 0
48.1550539443249 19.4323334052738 0
50.3173469534399 20.6997134507911 0
52.480115321985 21.9670414411341 0
54.6431219887014 23.2347089392589 0
56.806130905387 24.5031119985972 0
58.9689098108684 25.772644309287 0
61.131233594474 27.043687644135 0
63.2928889197181 28.3165988808145 0
65.4536803626556 29.5916941138061 0
67.613437999265 30.8692305427874 0
69.7720256985073 32.1493878614639 0
71.9293491921183 33.4322517080438 0
74.0853631909583 34.7178019867276 0
76.2400759945502 36.0059090215566 4
78.3935507038513 37.2963393924042 4
80.545903026144 38.5887711244925 2
82.6972964018116 39.8828151090389 2
84.8479351786866 41.1780377768978 2
86.998055313304 42.4739810533927 2
89.1479104077514 43.770179783903 2
91.2977513736652 45.066181817452 2
93.4478017291821 46.3615724593883 2
95.5982357441724 47.6559948843506 2
97.7491688977775 48.9491587953886 2
99.900662909868 50.2408383857241 2
102.052740050567 51.5308665234691 2
104.205399578178 52.8191251767725 2
106.358628680426 54.1055355036041 2
108.51240250047 55.3900590879271 2
110.666675525876 56.6727094229746 2
112.82137096597 57.9535670575556 2
114.976374041323 59.2327906817525 2
117.13153259984 60.5106179684388 2
119.286665666209 61.7873538653856 5
121.441577916289 63.0633485826596 5
123.596076925686 64.3389703379106 5
125.749990129876 65.6145783275403 5
127.903178990284 66.8905002300931 1
130.055548435992 68.1670169072707 1
132.207050228473 69.4443553700293 1
41.0370780843741 70.7226896422942 1
43.1868638978772 72.0021483920518 1
45.3358536513776 73.2828276318024 1
47.4840955775574 74.5648047001274 1
49.6316223413193 75.8481489935663 1
51.7784420845273 77.1329234293986 1
53.9245471695173 78.4191664103318 1
56.0699477410218 79.706848644317 1
11.5544165699108 0.177807375380942 1
13.6987225438937 1.46776017330297 1
15.8428271501714 2.7582444996372 1
17.9870612245412 4.04871076035604 3
20.1317865050812 5.33857597206153 3
22.277356362741 6.62728898611787 3
24.4240831175622 7.91438182503222 0
26.5722162896597 9.19950010744593 0
28.7219324553866 10.4824124230428 0
30.8733344473687 11.7630039795556 0
33.0264562781831 13.0412621285954 0
35.1812706074512 14.3172601975009 0
37.3376969993322 15.5911430793717 0
39.4956105056377 16.8631154951128 0
41.6548504821146 18.1334322866758 0
43.8152292424553 19.4023894914937 0
45.9765399201876 20.6703160091969 0
48.13856272776 21.9375664177793 0
50.301069591237 23.2045146238649 0
52.4638278499487 24.4715474713034 0
54.6266033809563 25.7390585800523 0
56.7891632078978 27.007442587189 0
58.9512782905201 28.2770883245315 0
61.1127277153227 29.5483686786503 0
63.2733046849881 30.8216270529829 0
65.4328243788008 32.0971608525072 0
67.5911332067745 33.375202982565 0
69.7481186098124 34.6559033178588 0
71.9037182756231 35.939312796899 0
74.0579268524597 37.2253733402588 4
76.2107986354995 38.5139163873408 4
78.3624454932596 39.8046714744251 4
80.5130304602938 41.0972838560596 2
82.6627584362286 42.3913374911273 2
84.8118653805686 43.6863786339467 2
86.9606058392656 44.9819373209875 2
89.109236939808 46.2775479890215 2
91.2579982356429 47.572773005088 2
93.4070912895579 48.867228410288 2
95.5566662333254 50.1606004382624 2
97.7068204641724 51.4526464667174 2
99.8576078390782 52.743185823802 2
102.009052273674 54.0320889607353 2
104.16116010192 55.3192652661714 2
106.313924963213 56.604657958563 2
108.467323227743 57.888252198788 2
110.621304563553 59.1700909388032 2
112.775782965356 60.4502903403359 2
114.930633108214 61.7290468975578 2
117.085694544791 63.0066317554013 5
119.240783152584 64.283372633568 5
121.395707110636 65.5596276597039 5
123.550284063088 66.8357568417865 5
125.704356480333 68.1120962884353 1
127.857802895808 69.3889388314022 1
130.010543425737 70.6665231763572 1
132.162538820293 71.945032215455 1
134.31378327946 73.2245996701077 1
43.1436907342831 74.5053230290421 1
45.2934858689946 75.7872803483481 1
47.4425803744713 77.0705456722143 1
49.5909689707295 78.355196192854 1
51.7386306533465 79.6413010693015 1
7.22525363679769 0.110870756613 1
9.37147988050768 1.39984712900413 1
11.5171365985282 2.68998761900733 1
13.6624483629861 3.9809024204738 1
15.8077188888707 5.27207488618065 1
17.9532970083253 6.56292068624095 3
20.0995370307211 7.85285532909853 3
22.2467629041816 9.14135395585001 0
24.3952420461345 10.4279931694793 0
26.5451710569351 11.7124712258689 0
28.6966721766668 12.9946092281621 0
30.8497971463245 14.2743401361003 0
33.0045347978951 15.5516929762222 0
35.1608198180922 16.8267772952866 0
37.3185415679583 18.0997698009761 0
39.477552724073 19.3709031265904 0
41.6376776213185 20.6404560387913 0
43.7987198537826 21.9087443138519 0
45.960468497658 23.1761125014808 0
48.1227025386787 24.4429270709717 0
50.2851942795314 25.7095699399068 0
52.447712396802 26.9764319156827 0
54.6100246496482 28.2439068742172 0
56.7719003016373 29.5123864577033 0
58.9331136580785 30.7822528201778 0
61.0934496691129 32.0538678128475 0
63.2527116312542 33.327558804868 0
65.4107307632533 34.6036015924927 0
67.5673770610654 35.8822016093525 0
69.7225701272197 37.1634756405575 0
71.8762879735928 38.4474370617299 0
74.0285718498377 39.733987815119 4
76.1795256664123 41.0229197268805 4
78.3293097044526 42.3139260614601 4
80.4781298068144 43.6066215533818 2
82.6262243158713 44.9005667894001 2
84.7738505795974 46.1952927793492 2
86.9212708802369 47.4903244857066 2
89.0687362951021 48.7852050941259 2
91.2164690872097 50.0795219752824 2
93.3646486906149 51.3729301409235 2
95.5134064942534 52.6651616669942 2
97.6628301410781 53.956018543218 2
99.812973855906 55.245358323081 2
101.963868932231 56.5330811415215 2
104.115530962148 57.8191194946499 2
106.267959259761 59.1034402557259 2
108.421129667247 60.3860582631369 2
110.574984937232 61.6670536992177 2
112.729427881401 62.9465844388633 2
114.884321237849 64.2248868291385 2
117.039495376393 65.5022630055276 5
119.194762155862 66.7790575484602 5
121.349931729671 68.0556288969268 5
123.504828934298 69.332321137794 5
125.659306456324 70.60944067267 1
127.813252768473 71.887240872174 1
129.966593770527 73.165916423702 1
132.119288201178 74.4456075007662 1
134.271318036507 75.7264121847784 1
136.422675953905 77.0084040875416 1
45.2527511821336 78.2916509712056 1
47.4027264017447 79.576228305762 1
2.89166722591108 0.0442067151438629 1
5.04014846209851 1.33166929782386 1
7.18788424577787 2.62058722944299 1
9.33496646163859 3.91081023337612 1
11.481581133584 5.20202623019792 1
13.6279996751314 6.49377418020799 1
15.7745504048844 7.78549170521396 3
17.921580623995 9.07658027812517 3
20.0694192964541 10.3664704186306 3
22.2183473288812 11.6546738880216 0
24.3685791343846 12.9408157378188 0
26.5202557678248 14.2246454731433 0
28.6734470413465 15.5060321648606 0
30.8281587573559 16.7849509510294 0
32.9843417561171 18.061467375556 0
35.141900947596 19.3357230104869 0
37.3007037522511 20.6079230546294 0
39.4605879084462 21.8783253279434 0
41.621368564712 23.1472301469206 0
43.7828442559413 24.4149709286601 0
45.9448014017417 25.681906092561 0
48.1070176673441 26.9484121693295 0
50.2692650260304 28.214877065265 0
52.4313127339232 29.4816935689433 0
54.5929297838061 30.7492542235011 0
56.7538878532406 32.0179460813846 0
58.9139663117856 33.2881425976153 0
61.0729595521411 34.5601920654209 0
63.2306864806902 35.8344027799271 0
65.3870017681873 37.111025383136 0
67.5418076034322 38.3902339763634 0
69.6950640934303 39.6721085360399 0
71.8467962008419 40.9566218189939 4
73.9970953362229 42.2436339736536 4
76.1461145714419 43.5328971440249 4
78.294057931477 44.8240702271153 2
80.4411659054994 46.1167411499905 2
82.5877000737177 47.410452355735 2
84.7339286167326 48.7047264310484 2
86.8801123092852 49.9990920307775 2
89.0264901123444 51.2931112789139 2
91.1732660607952 52.5864058964675 2
93.3206014432873 53.8786744055631 2
95.468616008132 55.1696925702944 2
97.6173960616421 56.4592998017518 2
99.767002548393 57.7473840493604 2
101.917477349026 59.033869468962 2
104.068845303025 60.3187118541469 2
106.221109180314 61.6019071503483 2
108.374240515185 62.8835077677271 2
110.528170911871 64.1636380011549 2
112.682788298618 65.4425006515395 2
114.837940696296 66.7203705824296 5
116.993447221659 67.9975758460056 5
119.149113779016 69.2744707416129 5
121.304750003826 70.5514064817128 5
123.460184241394 71.8287046058364 1
125.61527407583 73.1066370915409 1
127.769910882582 74.3854158389912 1
129.924018064456 75.6651927214854 1
132.077543955786 76.9460695302044 1
134.230451480025 78.228115199474 1
136.382707298319 79.5113861030807 1
