x           y           stackinginfo
0.0 0.0 0
2.1973019905909 1.20485409526248 0
4.39438658409344 2.41002667498708 0
6.5909632964213 3.61602272814449 0
8.78674979751399 4.82333451371907 0
10.9814791702382 6.03243020358315 0
13.1749104925798 7.24374060613972 3
15.3668444816808 8.45763942788711 3
17.5571413420615 9.67441874736764 3
19.745733620158 10.8942653526008 1
21.9326287596149 12.1172426481011 1
24.1179027304759 13.3432809782313 1
26.3016901823053 14.5721788874768 1
28.4841746021051 15.8036171923081 1
30.6655779959568 17.0371849374628 1
32.8461485288268 18.2724127068723 1
35.0261463844869 19.5088069403947 1
37.2058299239161 20.7458797048471 1
39.3854444248133 21.9831706995271 1
41.5652145472102 23.2202610103103 1
43.7453401978558 24.4567801531346 1
45.9259949300223 25.6924081177707 1
48.1073258851571 26.9268742718577 1
50.2894544566827 28.1599547400879 1
52.4724771486574 29.3914693873488 1
54.6564663492195 30.621279105653 1
56.8414708131654 31.8492839559099 1
59.0275153735359 33.0754230495495 1
61.214598954995 34.2996778726853 1
63.4026906495418 35.5220796311863 1
65.5917237271218 36.7427205213742 1
67.7815877085055 37.9617684001166 1
69.9721197512176 39.1794825386904 1
72.1630980364317 40.3962257799087 5
74.3542409222457 41.6124664956972 5
76.5452155651775 42.8287636880913 5
78.7356581332207 44.0457314028931 2
80.9252050228385 45.2639837996479 2
83.1135315175256 46.4840675549898 2
85.3003917986384 47.7063920119778 2
87.4856523428266 48.9311705813886 2
89.6693096425604 50.1583906615239 2
91.8514842304651 51.3878289749284 2
94.0323906872689 52.6191133751503 2
96.2122954742271 53.8518042865982 2
98.3914755829597 55.0854671981078 2
100.570192911423 56.3197133028984 2
102.748688955237 57.5542013254384 2
104.927190798299 58.7886174901883 2
107.10591878811 60.0226532438123 2
109.28509138606 61.2559913660017 2
111.464926696997 62.4883016272118 2
113.645641158944 63.7192434352084 2
115.827445489016 64.9484737371726 2
118.010537493741 66.1756600894699 4
120.195091411522 67.4004997104841 4
122.381244396745 68.6227447970719 4
124.569082505716 69.8422322623829 4
126.758630255686 71.0589125709746 0
128.949847582772 72.2728690440039 0
131.142634285873 73.4843189556299 0
133.336836878609 74.6935934493739 0
135.53225237499 75.9011029760175 0
137.728630872464 77.1073020090386 3
46.6050839181654 78.3126652128145 0
48.8025102625341 79.5176787137655 0
51.000005081859 80.7228422411049 3
6.53697233047944 1.11065743347259 0
8.73372851833892 2.31765873577681 0
10.9297028150571 3.52632367139928 0
13.1246472859925 4.73710199219487 0
15.3183479485355 5.95038670639236 3
17.510637744454 7.16649419304652 3
19.7014058149288 8.38564365586066 3
21.8906003087442 9.60793940474461 1
24.0782268624699 10.8333590010414 1
26.2643469959713 12.0617501870198 1
28.4490775883523 13.2928392388827 1
30.6325883295208 14.52625125264 1
32.8150934999531 15.7615394390978 1
34.9968376815271 16.998218037771 1
37.1780784255444 18.2357932283059 1
39.3590698930151 19.4737880144172 1
41.5400503699981 20.7117595882799 1
43.7212345396588 21.9493096705475 1
45.902809656906 23.1860891048487 1
48.0849342887115 24.4217983840836 1
50.2677384604765 25.6561858577007 1
52.4513244265175 26.8890449838932 1
54.6357676383057 28.1202115269796 1
56.8211177121344 29.3495613104059 1
59.0073991795235 30.5770091286109 1
61.1946112857951 31.8025102118979 1
63.3827262196571 33.026065578036 1
65.571685565504 34.2477312641782 1
67.7613947201138 35.4676313713477 1
69.9517156311782 36.685973778269 1
72.1424595134203 37.9030652367271 1
74.3333825566699 39.1193201813664 5
76.5241882617781 40.335256207574 5
78.7145394078512 41.551470093177 5
80.9040808012244 42.7685919395218 2
83.0924715457804 43.9872205458963 2
85.2794232442935 45.2078488498536 2
87.4647381945422 46.4307934210285 2
89.6483388379111 47.6561467038042 2
91.8302775997552 48.8837721841 2
94.0107197301756 50.1133524736259 2
96.1899055420951 51.3444727095427 2
98.3681075822927 52.5767048131387 2
100.54559981836 53.8096655393923 2
102.722647706015 55.043029209285 2
104.899510698437 56.2765052384847 2
107.076445402335 57.5098069547287 2
109.253705307399 58.7426314809296 2
111.431538903078 59.9746549893716 2
113.610187989864 61.2055379510446 2
115.789885778074 62.4349346601558 2
117.970852894653 63.662505132972 2
120.153289485609 64.8879307498889 4
122.337363063213 66.1109355613214 4
124.523193934269 67.3313137011525 4
126.710842647796 68.5489600192549 4
128.900305025633 69.7638966726863 0
131.091517130517 70.9762852524494 0
133.284364881861 72.1864159427431 0
135.478687870545 73.3946743200932 3
44.3536720515532 74.6014987858626 0
46.5502516943874 75.807347849708 0
48.747513528809 77.0126898011693 0
50.9451319625525 78.2180107944784 0
53.1427933379215 79.4238221811509 0
55.34020647939 80.6306482846254 3
10.8768033872788 1.02098847715352 0
13.0729424813544 2.23133844583325 0
15.2681086663319 3.4441006841715 0
17.46212209748 4.65961344847066 3
19.6548421521341 5.87812230121072 3
21.8461689650519 7.09976482643892 1
24.0360444840898 8.32455913288911 1
26.2244569866485 9.5523988265723 1
28.4114492882486 10.7830571465159 1
30.5971256827253 12.0162016150994 1
32.7816513075725 13.2514178798838 1
34.9652412905498 14.4882389451233 1
37.1481422139966 15.726174993568 1
39.3306113592422 16.9647396507557 1
41.5128987445529 18.2034705015125 1
43.6952344386361 19.4419430828866 1
45.8778212828421 20.6797786713626 1
48.0608317341823 21.9166471343401 1
50.2444071474151 23.152266558871 1
52.4286582779938 24.386401230669 1
54.6136663232893 25.6188591222168 1
56.7994842049451 26.8494896654406 1
58.9861379659878 28.0781823641311 1
61.1736278727217 29.3048671802134 1
63.3619284147396 30.5295183371491 1
65.5509867773062 31.7521618541881 1
67.7407192587127 32.9728867526912 1
69.9310054101032 34.1918595303041 1
72.1216807279541 35.4093397987896 1
74.3125302464729 36.6256926002282 5
76.5032866133221 37.8413908581514 5
78.6936362519937 39.0570010917105 5
80.8832359091654 40.2731477736043 2
83.0717397119556 41.4904562761848 2
85.2588345381414 42.7094801687813 2
87.4442791167962 43.9306248952474 2
89.6279391667746 45.1540860912777 2
91.8098074193237 46.37982457606 2
93.9899977187962 47.6075946724945 2
96.1687134825676 48.8370202310077 2
98.3462056157988 50.0676857474048 2
100.522739999824 51.2992121568605 2
102.698587213659 52.5312885502643 2
104.874026209347 53.7636547292185 2
107.049345410475 54.9960603846968 2
109.224835562371 56.2282317246839 2
111.400780078137 57.4598602157447 2
113.577449139972 58.6906094365731 2
115.755098142662 59.9201292273504 2
117.933967100502 61.1480702253696 2
120.114277117816 62.3740983875419 4
122.296221534654 63.597912427761 4
124.479952386578 64.819267094471 4
126.665566386926 66.0380023696994 4
128.853097137434 67.2540741342105 0
131.042518797164 68.4675766457724 0
133.233758230646 69.6787448051773 3
42.1061009340831 70.8879293213858 0
44.3005877504253 72.0955514691283 0
46.4963865597565 73.3020585879224 0
48.6931944938707 74.507903529179 0
50.8906642703149 75.7135533786103 0
53.0884490447949 76.9195067217941 0
55.2862350142066 78.1262913514947 0
57.483750425548 79.3344380197637 0
59.6807606611129 80.5444469402293 3
15.2167608959626 0.93874859184233 0
17.4121748391564 2.15373022099777 3
19.6065485565491 3.37165099786599 3
21.7997513005873 4.59267616090078 3
23.9916758119056 5.81685643342797 1
26.1822457937438 7.04412394059445 1
28.3714303750212 8.2742949265648 1
30.5592602669157 9.50708050291506 1
32.7458372320531 10.7421050604707 1
34.9313308943504 11.9789302045379 1
37.1159629287965 13.2170810074073 1
39.2999840787721 14.4560714033428 1
41.4836509568338 15.695426444188 1
43.6672075465876 16.9346995094533 1
45.8508731427068 18.173483681333 1
48.0348360834136 19.411417666361 1
50.2192515013525 20.6481875202259 1
52.4042412695786 21.883525870713 1
54.5898949773651 23.1172100841142 1
56.7762713961739 24.3490604093771 1
58.9634002850766 25.5789387752254 1
61.1512843569694 26.8067488931853 1
63.3399006928423 28.0324391243599 1
65.5292009211387 29.2560088708997 1
67.7191094121389 30.4775181947601 1
69.9095187222739 31.6971005924021 1
72.100282498757 32.9149777146193 1
74.2912076573766 34.1314727438952 1
76.482049310356 35.3470168258726 5
78.6725126350594 36.5621417506587 5
80.8622649036697 37.7774532321737 5
83.050958785127 38.9935826870103 2
85.2382655343758 40.2111205624702 2
87.4239141238104 41.4305403765379 2
89.6077292491071 42.6521294231777 2
91.7896573880233 43.8759476473077 2
93.9697688131725 45.1018348868696 2
96.1482314992583 46.3294712176659 2
98.3252692677967 47.5584663224665 2
100.501126677862 48.7884469433464 2
102.67605962923 50.0191102948098 2
104.85034575693 51.2502225720961 2
107.024290855532 52.4815765673104 2
109.198218244113 53.712943088224 2
111.372448753374 54.9440447717494 2
113.547285355551 56.1745579130374 2
115.723007993342 57.404130498486 2
117.899874763269 58.632402837568 2
120.078122900922 59.8590249503195 2
122.257965149402 61.083672336336 4
124.439579791736 62.3060648159812 4
126.62309696957 63.5259916918297 4
128.808588279166 64.7433423547224 3
130.996067269158 65.9581356581802 3
39.8649003548684 67.170535811022 0
42.0562252099218 68.3808420904421 0
44.2493351434545 69.5894494733855 0
46.4440559882482 70.7967958029634 0
48.6401186540842 72.0033246975471 0
50.8371707005492 73.2094842128826 0
53.0348285873475 74.4157500901678 0
55.232736654178 75.622639294523 0
57.4305987449988 76.8306934108104 0
59.6281782236074 78.0404415044251 0
61.8252827748476 79.2523620035529 0
64.0217481839068 80.4668542913433 3
19.557125241002 0.866208701148587 3
21.7518742507257 2.08664161959483 3
23.9455588065118 3.31021989801799 1
26.1380551576244 4.53690636378193 1
28.3292684818054 5.7665526635675 1
30.5191557733731 6.99890918237475 1
32.7077458094777 8.23363992681072 1
34.895147127038 9.47034119943462 1
37.0815399043161 10.7085625701499 1
39.2671547905046 11.9478289400831 1
41.4522462189325 13.1876622047221 1
43.637067807572 14.4276003081097 1
45.8218543093108 15.6672118814105 1
48.0068109259512 16.9061056741519 1
50.1921085086565 18.143935138326 1
52.3778823917852 19.3803995148241 1
54.5642330589928 20.6152430948608 1
56.7512276633625 21.8482540516976 1
58.9389020667306 23.0792637846389 1
61.127263317361 24.3081473795281 1
63.3162920921981 25.5348262913408 1
65.5059442966773 26.7592742934876 1
67.6961508754709 27.9815261145326 1
69.8868145895743 29.2016885327562 1
72.0778032766453 30.4199533201385 1
74.268940980088 31.6366098489044 1
76.4600003660672 32.8520530266567 5
78.6507011184272 34.0667804452121 5
80.8407184419433 35.2813727135577 5
83.0297035906504 36.4964535736224 2
85.2173156142602 37.7126308649449 2
87.4032607321459 38.9304249681208 2
89.5873325161249 40.1501978077757 2
91.7694422263158 41.3721016252473 2
93.9496265600292 42.5960682020779 2
96.1280259080565 43.8218500590511 2
98.3048414389464 45.0491000970106 2
100.480294254944 46.2774604766427 2
102.654613329863 47.5066322051325 2
104.828053803403 48.7363959638295 2
107.00091672811 49.9665809948878 2
109.173543929537 51.1970088323495 2
111.346290351104 52.4274488140761 2
113.51949519719 53.6576058302897 2
115.693467290054 54.8871358124131 2
117.868484423914 56.1156720039656 5
120.044797883541 57.3428488039642 5
122.222634105486 58.5683199985406 5
124.402190291928 59.7917750330488 5
126.583624128465 61.0129591006185 3
128.767042533372 62.2317001139315 3
37.6318967991742 63.4479399726549 3
39.8193983417715 64.6617607489563 3
42.0089250270603 65.873391288711 0
44.2004276945539 67.0831826403911 0
46.39379888725 68.291556565905 0
48.5888285472865 69.4989529120505 0
50.7851884459712 70.7058078700626 0
52.9824730894453 71.9125710623742 0
55.1802758321403 73.1197333276043 0
57.3782516971328 74.3278296772109 0
59.5761384980735 75.5374093754838 0
61.7737435880097 76.7489904452218 0
63.9709176098723 77.9630184812173 0
66.1675295425746 79.1798385662612 3
68.3634484015978 80.3996800126691 3
23.8982332800806 0.804639519871312 3
26.0923379574653 2.03073014174695 1
28.2853218778733 3.25982004778248 1
30.4770781710794 4.4916913356965 1
32.6675612153344 5.72604306226001 1
34.8568070872527 6.96250672634954 1
37.0449377440274 8.20066212121371 1
39.2321471624604 9.44005445092049 1
41.4186749629161 10.6802127640589 1
43.6047768272376 11.9206685172821 1
45.7906996350894 13.1609722098386 1
47.9766649046604 14.4007061235911 1
50.1628601764025 15.6394922669906 1
52.3494359833042 16.8769960069518 1
54.5365058498976 18.1129269341723 1
56.7241476836829 19.3470386920868 1
58.9124058757342 20.5791291150745 1
61.1012939951678 21.8090414823213 1
63.2907978476451 23.0366677486023 1
65.4808781607794 24.2619548515374 1
67.6714718502308 25.4849132896247 1
69.8624902320222 26.7056270750275 1
72.0538129494515 27.9242645659673 1
74.2452783429184 29.1410889288929 1
76.4366737043257 30.3564653577504 1
78.627730584868 31.5708603218695 5
80.8181302133861 32.7848271368515 5
83.00752174538 33.998973522255 2
85.1955529551673 35.2139105468861 2
87.38191003756 36.4301874937257 2
89.5663599238056 37.6482231551031 2
91.7487845454683 38.8682499600376 2
93.9291939344451 40.0902902959032 2
96.1077085938581 41.3141798785459 2
98.2845152605283 42.5396331706124 2
100.45981803991 43.7663247239672 2
102.63381795178 44.9939641114068 2
104.806734269233 46.2223364188942 2
106.978840579862 47.4512915039707 2
109.150475433479 48.6806933186397 2
111.322015920614 49.9103631930263 2
113.493836296267 51.1400490380231 5
115.666278666317 52.3694295120589 5
117.839644672047 53.5981403185928 5
120.014200488155 54.8258044162506 5
122.190183495165 56.0520559791789 5
124.367803574166 57.2765580861184 5
126.547238225077 58.4990192367071 5
35.4080223093758 59.719214721256 3
37.5914482077822 60.9370151150937 3
39.776961818113 62.15241697497 3
41.9645832464383 63.3655635380983 3
44.1543127501858 64.576739780379 3
46.346108808864 65.7863341171196 3
48.5398367194465 66.9947801804122 0
50.7352254878937 68.2025121152142 0
52.9318799660976 69.4099608593951 0
55.1293536249866 70.6175834820664 0
57.3272373112334 71.825887797811 0
59.5252139534392 73.0354229364358 0
61.7230643089059 74.2467377403381 0
63.9206407853023 75.4603287309032 4
66.1178320284643 76.6765971607518 4
68.3145317991096 77.8958229025868 4
70.5106182844777 79.1181547122751 3
72.7059470221067 80.3436135247997 5
28.2400583529894 0.754093238151202 1
30.4334027269422 1.9854242159717 1
32.6255687078656 3.21932147339457 1
34.8165167558455 4.45544683817196 1
37.0062975401374 5.69341048294416 1
39.1950510246821 6.93278340217003 1
41.3829861294911 8.17311085150328 1
43.5703493926544 9.41392771338916 1
45.757393624225 10.6547748548391 1
47.9443541867483 11.8952140545434 1
50.1314350316029 13.1348392420927 1
52.3188027233839 14.3732832009176 1
54.5065852920046 15.6102205802664 1
56.6948733187903 16.8453690447977 1
58.8837219630757 18.0784903699156 1
61.0731536212306 19.3093927071864 1
63.2631611710875 20.5379348943968 1
65.4537113039463 21.7640338830524 1
67.6447469891181 22.9876743907676 1
69.8361872303936 24.208918815267 1
72.027922114353 25.4279163655624 1
74.2198029440397 26.6449105792599 1
76.4116305335861 27.8602438701418 1
78.6031475063436 29.0743563377564 5
80.7940406033013 30.287774508519 5
82.9839567318566 31.5010853341286 5
85.172532733118 32.7148931774601 2
87.3594355996474 33.9297621792506 2
89.5444067844801 35.1461521807846 2
91.7273003940011 36.3643620687021 2
93.9081020234186 37.5844980986174 2
96.0869159833847 38.8064831425555 2
98.2639208139212 40.0301069867305 2
100.439312659665 41.2550956976446 2
102.613272243478 42.481181569692 2
104.785981195905 43.708153853175 2
106.957670272979 44.9358686313573 2
109.128651550791 46.1642144719639 2
111.299304570889 47.3930557714402 5
113.470029672764 48.6221876057717 5
115.64120304943 49.8513236852397 5
117.813155090071 51.0801150083875 5
119.986170589776 52.3081820023261 5
122.160498000211 53.5351444215776 5
124.336356555767 54.7606432207921 5
33.1933354136107 55.9843570500994 1
35.372795599008 57.206019019943 1
37.5542558049544 58.425439421593 1
39.7377992583739 59.6425351004861 3
41.9234828427456 60.8573578401116 3
44.1113478317939 62.0701073804577 3
46.3014090338956 63.2811141873614 3
48.4936089994656 64.4907902967657 3
50.6877583075784 65.6995707676519 0
52.8835123395599 66.9078818913664 0
55.080417847638 68.1161534715906 0
57.2780079055002 69.3248535439095 0
59.475889367579 70.5345054917395 0
61.6737829210526 71.7456660926034 4
63.8715142418664 72.9588739191145 4
66.0689777887543 74.1745925282242 4
68.2660947397778 75.393167549914 4
70.462778055482 76.6148049935877 4
72.6589116300813 77.8395696255798 5
74.854346761163 79.0673983251021 5
77.0489164575618 80.2981218381365 5
32.5821644190776 0.71347645335866 1
34.7745848714695 1.9491699530259 1
36.965851453238 3.18682622533195 1
39.1560357102934 4.42604209449721 1
41.345298664286 5.66638444421447 1
43.5338632412383 6.90740046728227 1
45.7219787558097 8.14863098061197 1
47.9098895426426 9.3896254045629 1
50.097814084811 10.6299553660373 1
52.2859346839509 11.8692245413086 1
54.4743944179089 13.1070742799054 1
56.6632977177442 14.3431864196446 1
58.852712270961 15.5772854344384 1
61.042671484752 16.8091417082115 1
63.233177517805 18.0385771142744 1
65.4242047091598 19.2654740647148 1
67.6157027832393 20.4897873276735 1
69.8075981152326 21.7115554689877 1
71.99979044238 22.9309096163855 1
74.1921435913356 24.1480782646912 1
76.3844723075785 25.3633877780293 1
78.576531323265 26.5772581528812 5
80.7680141069584 27.7901921637817 5
82.9585662879863 29.0027541905841 5
85.1478143987628 30.2155350836351 2
87.335406473774 31.4291029261036 2
89.5210581572105 32.6439452438635 2
91.7045947323639 33.8604141816261 2
93.8859757399111 35.0786906007283 2
96.065288218772 36.2987828228694 2
98.2427039430207 37.520563147795 2
100.418417300283 38.743824790359 2
102.592599094946 39.9683411251718 2
104.765401012111 41.1939160957838 2
106.937007151646 42.4204075732699 2
109.107686095597 43.6477121213205 5
111.277797793795 44.8757194188433 5
113.447752267677 46.1042629775843 5
115.617953837876 47.3330942914014 5
117.788763767846 48.5618892614769 5
119.960490271801 49.7902762130497 5
122.133395921553 51.0178685636047 1
30.9871072178684 52.2442912829407 1
33.163027136331 53.4691996127332 1
35.3407267233743 54.6922942804611 1
37.5203492736233 55.9133386497343 1
39.7020082199333 57.1321826531427 1
41.8857928998869 58.3487918885178 1
44.0717782047711 59.5632718452861 3
46.2600224075467 60.7758718037737 3
48.4505345202323 61.9869561727231 3
50.6432138121583 63.1969489688222 3
52.8377992510046 64.4062807222613 3
55.0338765676221 65.6153712178702 0
57.2309533697296 66.8246532809337 0
59.4285620395266 68.0346071643901 4
61.6263369853003 69.2457678073215 4
63.8240400051952 70.4586910846967 4
66.0215404232555 71.673894268706 4
68.2187716978746 72.8917965340893 4
70.4156843363333 74.1126784891144 4
72.6122083195249 75.3366675304923 4
74.8082328656105 76.5637461149758 5
77.0036067342483 77.7937750689026 5
79.1981588297376 79.0265224520822 5
81.3917347104451 80.2616892895605 1
36.9239380653487 0.680917045168909 1
39.1153663509216 1.91984644777012 1
41.3058169829343 3.16005460517703 1
43.4954731492561 4.40110665727825 1
45.6845682392462 5.64255227894865 1
47.8733479998498 6.88393793619623 1
50.0620416001535 8.12482093556012 1
52.2508453916556 9.36478169706179 1
54.4399168981904 10.6034321484313 1
56.6293745494466 11.8404205376667 1
58.8192994993492 13.0754347200426 1
61.0097378926923 14.3082062645206 1
63.2007034111977 15.5385171068985 1
65.3921802217087 16.7662102305075 1
67.5841262193868 17.9912042989027 1
69.7764754192075 19.2135082784688 1
71.9691366901272 20.4332319902013 1
74.1619861424054 21.650589848492 1
76.354853569951 22.8658972785358 1
78.5475084043702 24.0795613186553 1
80.7396540014212 25.292066800834 5
82.9309373654768 26.5039570986434 5
85.1209762427671 27.7158058032241 2
87.3094000958251 28.9281765570441 2
89.495898046863 30.1415732310796 2
91.6802643800435 31.3563891540351 2
93.8624287346549 32.5728697010133 2
96.0424560207388 33.7911033396003 2
98.2205077935809 35.0110462670353 2
100.396777550174 36.2325681246629 2
102.571433791911 37.4554997833738 2
104.744609708419 38.6796761876821 2
106.916449072813 39.9049637972043 2
109.087170641808 41.131259937251 5
111.25709731141 42.3584628544129 5
113.426629384858 43.5864283142311 5
115.59618661076 44.8149375944117 5
117.766157598478 46.0436927522853 5
119.936876651218 47.2723367743705 1
28.7880231250062 48.5004847114075 1
30.9610389561629 49.7277527241269 1
33.1355305188901 50.9537795538074 1
35.3116804086898 52.1782420062964 1
37.4896475471875 53.4008690946687 1
39.6695680698311 54.6214596452899 1
41.8515581265559 55.839906903555 1
44.0357201297501 57.0562259243417 1
46.2221444197683 58.2705719888157 1
48.4108899614564 59.4832349600505 3
50.6019350691544 60.694601749201 3
52.7951164474929 61.9050996706034 3
54.9901000192677 63.1151528030107 3
57.186417204306 64.3251779222793 3
59.3835563766507 65.5356143839409 4
61.581062915354 66.7469538620641 4
63.7786041512929 67.9597366967118 4
65.9759833588256 69.1745080502721 4
68.1731122127699 70.391752788829 4
70.3699617245267 71.6118357364489 4
72.566510595214 72.834966213168 4
74.7627051927878 74.0611924586281 2
76.9584401646943 75.2904202173078 5
79.1535632446565 76.5224442865914 5
81.3479031615011 77.7569808865844 5
83.5413136984245 78.993693970536 5
85.7337200279251 80.2322136916008 1
41.2648481675883 0.654133992773904 1
43.4554281711279 1.89506190086075 1
45.645362682474 3.13655049927267 1
47.8348887718873 4.37815243106964 1
50.0242403403655 5.61942009371959 1
52.2136244878859 6.85991871263241 1
54.4032112861249 8.09923702277858 1
56.593132079211 9.3369942594681 1
58.7834812712038 10.5728447256306 1
60.9743185901536 11.8064825193651 1
63.1656711069844 13.0376487798555 1
65.3575352598673 14.2661434340944 1
67.549879289169 15.4918424306768 1
69.7426459111954 16.7147166300124 1
71.9357529408426 17.9348465459341 1
74.1290883080189 19.1524280207775 1
76.3224977402335 20.3677665931162 1
78.5157686148518 21.5812624450367 1
80.7086190899691 22.7933904504065 5
82.9007024149839 24.0046785534891 5
85.0916308679527 25.2156833454288 4
87.2810166238159 26.4269586115673 4
89.4685217054039 27.6390150656722 2
91.6539068860263 28.8522760258952 2
93.8370670186804 30.0670409592954 2
96.0180378106935 31.2834711489659 2
98.1969633679937 32.5016041805169 2
100.374031981732 33.7213893739825 2
102.549411985158 34.9427259562707 2
104.723227620759 36.1654957377811 2
106.895593660071 37.3895872358553 5
109.066682857381 38.6149020618 5
111.236772705003 39.8413386185196 5
113.406237382626 41.0687598683735 5
115.575496187216 42.296963268726 5
117.744955814417 43.5256700526244 1
26.5943732752548 44.7545378131532 1
28.7652533209424 45.9831874428154 1
30.9372474407475 47.2112320602532 1
33.1105724654945 48.4383002020388 1
35.2854188413574 49.6640521786834 1
37.4619559555665 50.8881928079324 1
39.6403351063928 52.1104846900017 1
41.8206922441544 53.3307662342855 1
44.0031513559869 54.5489759555214 1
46.1878262586377 55.7651765938146 1
48.3748103372523 56.9795666825707 1
50.5641422635228 58.1924663972613 1
52.7557502090124 59.4042750970597 3
54.9494022054021 60.6154184178066 3
57.1447014466815 61.8263156301243 3
59.3411434752813 63.0373851917242 4
61.5382129090492 64.2490755348094 4
63.7354760608742 65.4618870588993 4
65.9326354909093 66.6763579807416 4
68.1295360315545 67.8930126572616 4
70.3261314012399 69.1122934091317 4
72.5224297368635 70.3345030135233 2
74.7184371401669 71.5597764296652 2
76.9141151741478 72.7880852905729 2
79.1093631802559 74.0192658731785 5
81.3040294506105 75.2530557552025 5
83.4979481277078 76.4891277564302 5
85.6909912582703 77.7271171222135 5
87.8831164918513 78.9666378568257 5
90.0743890093257 80.2072879200193 1
45.6046680422418 0.630637031707878 1
47.7947716449186 1.87227413542059 1
49.9846299134657 3.11374461426765 1
52.1744558332179 4.35460807404819 1
54.3644287840452 5.59443841341069 1
56.5546906829152 6.83283270825488 1
58.7453476509507 8.06941721711921 1
60.9364726034826 9.30385266293262 1
63.1281069796512 10.5358415753428 1
65.3202617185092 11.7651401830533 1
67.512918167571 12.9915770358889 1
69.706029825507 14.2150759742334 1
71.8995239531417 15.4356766502666 1
74.0932995609859 16.6535455701401 1
76.2872181397809 17.8689725198367 1
78.4810875600961 19.0823522867634 1
80.6746465820188 20.2941573653755 3
82.8675619244342 21.504909398848 3
85.0594464900721 22.7151534024259 4
87.2498984662546 23.9254322952902 4
89.4385531271267 25.1362567258592 4
91.6251354423965 26.348069713482 4
93.8095004117793 27.5612140516816 2
95.9916465350604 28.7759151062633 2
98.1716907032602 29.9922869272527 2
100.349807767257 31.2103577178913 2
102.526162516951 32.4300999696708 2
104.700874674182 33.6514539101645 5
106.874040730693 34.8743443939084 5
109.045797120479 36.0986876794768 5
111.216376881708 37.3243834623307 5
113.386118824773 38.5512938269514 5
115.555427633995 39.7792201094149 1
24.4041143780618 41.0078920342001 1
26.5737583687886 42.2369759256541 1
28.7440797777976 43.4660974696432 1
30.9153477381858 44.6948689186451 1
33.0877900411152 45.922912590264 1
35.2616048517367 47.1498778049463 1
37.4369691313758 48.3754528645104 1
39.6140437893201 49.5993756348591 1
41.7929774641569 50.8214461818881 1
43.9739092644715 52.041544789927 1
46.1569696155554 53.2596546545832 1
48.3422745021113 54.4758815327227 1
50.5299036815005 55.6904585433569 1
52.719857775554 56.903726020859 1
54.9120056710874 58.1160886008522 1
57.1060516747968 59.327969387714 3
59.3015514284574 60.5397872610629 3
61.4979806333464 61.7519674287675 4
63.6948306468168 62.9649686151203 4
65.8916934563677 64.1792957581453 4
68.0883084927804 65.3954768136907 4
70.2845627344805 66.6140056843604 2
72.4804519620749 67.835273448895 2
74.6760205117068 69.0595153206726 2
76.8712997198319 70.2867910581927 2
79.0662636095994 71.5169995352263 2
81.2608153006084 72.7499138758744 2
83.4548072279401 73.9852209842647 5
85.6480886519989 75.2225577734435 5
87.840563885659 76.4615380594946 5
90.0322351698368 77.7017654332581 5
92.2232101140358 78.9428341606241 5
94.413673927037 80.1843258603656 1
49.943544460455 0.607798273127606 1
52.1336357456258 1.84883847431069 1
54.3238315308627 3.08900368737877 1
56.5142808889099 4.32787755143595 1
58.7050989471869 5.5650658433297 1
60.8963700910606 6.80020245365368 1
63.0881498376809 8.03295662970974 1
65.2804650067561 9.2630442369653 1
67.4733128604172 10.4902460299446 1
69.6666607579153 11.7144329870144 1
71.8604471531619 12.935592364996 1
74.0545817330032 14.1538462774931 1
76.2489403066302 15.3694548912807 1
78.4433516126514 16.5828003446192 3
80.63757971312 17.7943548712813 3
82.8313134026525 19.0046430845348 3
85.0241755689229 20.214208617012 4
87.2157572112283 21.4235885673478 4
89.4056695764995 22.6332911165304 4
91.5936007133505 23.8437707126823 4
93.7793612356964 25.0554026958832 4
95.9629044928489 26.2684665189649 4
98.1443092774919 27.4831458155036 2
100.323725800387 28.6995445737244 2
102.5013076127 29.9177091456796 2
104.67716871044 31.1376445168232 5
106.85139379001 32.3593231987625 5
109.024093322037 33.5826882001568 5
111.195462827587 34.807648057468 5
113.365804261997 36.0340638658215 1
22.2148972291006 37.2617342113665 1
24.3843518533877 38.4903881241457 1
26.5539517804056 39.7196927056179 1
28.7240343016939 40.9492735765928 1
30.8948842479025 42.1787404086185 1
33.0667417340702 43.4077100089381 1
35.2398135515032 44.6358233704528 1
37.414283193915 45.8627571174223 1
39.5903179502118 47.088232155464 1
41.7680737055781 48.3120226640937 1
43.9476983638808 49.5339680692066 1
46.1293327001223 50.753990288939 1
48.3131066090185 51.9721137132804 1
50.4991254570304 53.1884800113477 1
52.6874403219741 54.4033475213208 1
54.8780034402344 55.6170685266914 1
57.0706247351048 56.8300497187385 1
59.2649555330682 58.0427145511348 3
61.4605187627308 59.2554875645722 5
63.6567825152008 60.4688052669216 4
65.8532522218329 61.6831363888367 4
68.0495492313782 62.8989852049155 2
70.2454516468021 64.1168611784995 2
72.4408891903725 65.3372188457643 2
74.6358987979348 66.5603906224684 2
76.830558189419 67.7865400166071 2
79.0249195966029 69.0156515952795 2
81.218966025435 70.2475547505868 2
83.412605548442 71.4819638059325 2
85.6057031366325 72.7185209390651 5
87.7981384121997 73.9568345114248 5
89.9898638079436 75.1965040236901 5
92.1809340307501 76.4371283991238 5
94.3714948646263 77.6783026269927 5
96.561743688791 78.9196124625214 5
98.7518860637166 80.1606345128252 1
54.2818058657931 0.582930977517261 1
56.4722567395778 1.82210502863594 1
58.6630587413172 3.0597392756209 1
60.8543050202973 4.29544891454959 1
63.0460636531699 5.52887746559204 1
65.2383774304269 6.75970724933566 1
67.4312615562302 7.98767600905068 1
69.6247007167222 9.21260203693605 1
71.8186477832913 10.4344135495201 1
74.0130241313113 11.6531742652563 1
76.2077181516449 12.8690961050686 3
78.4025771765786 14.0825314644549 3
80.5973917969026 15.2939436326658 3
82.7918801314807 16.5038629316741 3
84.9856865159888 17.7128422897094 3
87.1784059223872 18.9214236805972 4
89.3696326147858 20.1301169820317 4
91.5590195178435 21.3393841458829 4
93.7463300094258 22.5496236774891 4
95.9314653663805 23.7611583547678 4
98.1144557035719 24.9742326212867 4
100.295413746903 26.1890212174706 4
102.474470606113 27.4056426611397 5
104.651728666633 28.6241688239342 5
106.827261978271 29.8446270935874 5
109.001162310369 31.0669976973919 5
111.173596112847 32.2912078853449 1
20.0242308215376 33.5171232738426 1
22.1946239301744 34.7445394198169 1
24.3645676942367 35.9731799920871 1
26.5344475524516 37.2027065226426 1
28.7046102049138 38.4327388051084 1
30.875353364318 39.6628798741758 1
33.0469292641789 40.8927389002021 1
35.2195540874136 42.1219482843456 1
37.3934179701404 43.3501747427856 1
39.5686931161652 44.5771265505703 1
41.7455395599298 45.8025598438903 1
43.9241091328733 47.0262862896141 1
46.1045473477745 48.2481841842598 1
48.2869911855364 49.468214162623 1
50.4715603065487 50.6864359516667 1
52.6583373144169 51.9030189585665 1
54.8473345280601 53.1182385392954 1
57.0384528836199 54.3324540750218 1
59.2314494678785 55.5460750852577 1
61.4259346726637 56.7595307932943 5
63.6214111859838 57.9732577748858 5
65.8173488718233 59.1877070695911 5
68.0132731983436 60.4033557505334 2
70.2088384628355 61.6207016359824 2
72.4038632432706 62.8402276391653 2
74.5983196802107 64.0623405816944 2
76.7922829074776 65.2873074025927 2
78.9858586489496 66.5152160409537 2
81.1791142206768 67.7459755011241 2
83.3720399688174 68.9793475732734 2
85.564555200478 70.2149917082905 2
87.7565525073114 71.4525122423486 2
89.9479603587975 72.6914973442535 5
92.1387909790335 73.9315401021062 5
94.329149353308 75.1722412375647 5
96.5192051895906 76.4132017269544 5
98.7091502068092 77.6540160009882 5
100.899164029018 78.894271598495 5
103.089398502337 80.1335545515674 1
58.6196760380837 0.553445239487994 1
60.8106969300974 1.78957209630905 1
63.0022389292328 3.02354969953262 1
65.1943597546831 4.25503532139455 1
67.3870932232789 5.48373219594795 1
69.5804441292265 6.70941241826188 1
71.7743837877697 7.93194662540499 1
73.9688483022579 9.15133353682596 3
76.1637384214237 10.3677210551992 3
78.358916594908 11.5814100322632 3
80.5541968273879 12.7928346186887 3
82.74932899054 14.0025206350151 3
84.94398888456 15.2110332604592 0
87.1377895904513 16.4189305948346 0
89.3303209047539 17.6267344605279 4
91.5212075903307 18.8349170296071 4
93.7101665577435 20.0438945494901 4
95.897042467888 21.2540231372378 4
98.0818077545358 22.4655979315523 4
100.264525265309 23.678857189568 4
102.445290202936 24.8939882123631 4
104.62418339233 26.1111294860057 5
106.801264597371 27.3303668518969 5
108.976609502355 28.5517253571136 5
17.8297603413946 29.7751603753216 1
20.0021615945882 31.0005501444502 1
22.1735406190518 32.2276916226176 1
24.3442740153556 33.4563033844356 1
26.5147410992369 34.6860386137995 1
28.6852918419978 35.916507099093 1
30.8562327658578 37.1473009940343 1
33.0278265587582 38.3780183145882 1
35.200298793385 39.6082805050125 1
37.373846687753 40.837743541988 1
39.5486471502198 42.0661043078785 1
41.7248630331501 43.2931049130699 1
43.9026475004166 44.5185372734382 1
46.0821466577664 45.7422495552965 1
48.2634991884131 46.9641561549394 1
50.4468308432179 48.184251450303 1
52.6322415013078 49.4026235612524 1
54.81978201789 50.6194621312697 1
57.0094212792767 51.8350540055659 1
59.2010111313802 53.0497645614836 1
61.3942642305223 54.2640099154914 1
63.5887611180292 55.4782314612621 5
65.7839944562509 56.6928831962104 5
67.9794437600976 57.9084322953269 2
70.1746601818064 59.1253615299073 2
72.3693346178326 60.3441562369174 2
74.5633273186214 61.5652647508273 2
76.7566507341198 62.7890378242963 2
78.9494125568233 64.0156697765165 2
81.1417391054781 65.2451685747854 2
83.3337080421754 66.4773665174697 2
85.5253205584055 67.711959559022 2
87.7165206957459 68.948558100766 2
89.9072481029589 70.1867379509832 2
92.0974946541017 71.4260773344082 2
94.2873323465482 72.6661718897877 5
96.4769015926626 73.9066310745347 5
98.6663753302483 75.147067067425 5
100.855923775165 76.3870866769557 5
103.04569513921 77.6262903731222 5
105.235812528209 78.8642767834165 5
107.426378676007 80.1006495958456 5
62.9571797051461 0.517014120244917 1
65.1488880904428 1.74903406241513 1
67.3412551049057 2.97837585624808 1
69.5343069767563 4.20477536050223 1
71.7280369360048 5.42805411826646 3
73.9224001635541 6.64814941689764 3
76.1173121971715 7.86513973261617 3
78.3126486552466 9.07925799068507 3
80.5082414722249 10.2908851185098 3
82.7038684777246 11.5005196318639 0
84.8992409204847 12.708727201624 0
87.0940027655037 13.9160845602439 0
89.2877557240406 15.1231360920187 0
91.4801097732101 16.330372899105 0
93.6707420511878 17.5382297869046 4
95.8594404413195 18.7470895414912 4
98.0461138324503 19.9572880168762 4
100.230764922753 21.1691179838389 4
102.413440116621 22.3828298613432 4
104.594186034593 23.5986268591138 5
106.773040050592 24.8166545415289 5
15.6294582368212 26.0369875703753 1
17.8047671573841 27.2596171928907 1
19.978583293982 28.4844428314593 1
22.1512121802864 29.7112698994708 1
24.3230121122328 30.9398160043729 1
26.4943523449356 32.1697270125619 1
28.6655812446125 33.4006013390384 1
30.8370100717749 34.6320174580133 1
33.0089095919389 35.8635588786648 1
35.1815140580465 37.0948328771598 1
37.3550280794291 38.3254822215647 1
39.5296337354065 39.5551913101288 1
41.7054966398881 40.783689233702 1
43.8827704946528 42.0107520868217 1
46.0616000213751 43.236206192939 1
48.242121970509 44.4599333851284 1
50.4244623939337 45.6818797768675 1
52.608728361676 46.9020676309087 1
54.794992386853 48.1206069704599 1
56.9832683263806 49.3377022777716 1
59.1734810567395 50.5536496245725 1
61.36543808511 51.7688223168715 1
63.5588161605679 52.9836482579197 5
65.7531756686569 54.1985869457576 5
67.9480082361355 55.4141136230925 5
70.1428105856626 56.6307119022676 2
72.3371652783047 57.8488669140696 2
74.5308030011777 59.0690451202549 2
76.7236253566449 60.2916517429418 2
78.9156805426451 61.5169721490661 2
81.1071010034695 62.7451200073156 2
83.2980264185198 63.9760184482432 2
85.4885448028196 65.2094224490316 2
87.6786789437106 66.4449664737729 2
89.8684160638634 67.6822216688867 2
92.0577587354597 68.9207479061107 2
94.2467639983716 70.1601253157515 2
96.4355487380366 71.3999610536667 2
98.6242659896147 72.6398791200727 2
100.813073698279 73.8795060805025 5
103.002114360664 75.1184621142747 5
105.1915100768 76.356359883276 5
107.381366692224 77.5928091714521 5
109.571778623379 78.827424897784 5
111.762829615071 80.0598378763485 5
67.2942882595164 0.47169722325073 3
69.4868035251164 1.69873538937367 3
71.6800918236184 2.92272410060829 3
73.8741314279615 4.14354966617567 3
76.0688570534447 5.36122736420467 3
78.2641589159749 6.57591907445845 3
80.4598828691786 7.78793688221829 3
82.6558271901768 8.99772697221811 0
84.8517344796153 10.2058310680313 0
87.0472854453434 11.4128314637234 0
89.2421089831937 12.6192964524305 0
91.4358182566542 13.8257447902564 0
93.6280643456076 15.0326360581906 0
95.8185846787924 16.2403784338448 0
98.0072238014327 17.4493409267162 4
100.19391786477 18.6598612670421 4
102.378654260511 19.8722452104985 4
104.561433540465 21.0867564548349 3
13.421658379273 22.3035998320614 3
15.6005646136855 23.522902458729 1
17.7776521115366 24.7446973453472 1
19.9531160951924 25.9689130672045 1
22.1272396429762 27.1953716587081 1
24.3003620839302 28.4237964102748 1
26.4728400877793 29.6538300650732 1
28.6450168701066 30.8850612695623 1
30.8172050585539 32.1170542407779 1
32.9896811716627 33.3493758731484 1
35.1626871624957 34.5816163471034 1
37.3364351839849 35.8134021698894 1
39.5111132482783 37.0444027984097 1
41.6868905268421 38.2743331808565 1
43.8639216789657 39.5029545939818 1
46.042349911101 40.730075551518 1
48.2223085463395 41.9555539243156 1
50.4039204064956 43.1793012081799 1
52.5872930673337 44.4012902536048 1
54.7725086916974 45.621565752552 1
56.9596073205908 46.8402548201293 1
59.1485635820436 48.0575741042497 1
61.3392601372817 49.2738294989521 1
63.5314657934844 50.4894059910151 1
65.7248295006854 51.7047487299061 5
67.9189004725917 52.9203401286937 5
70.1131780490274 54.1366789570405 5
72.3071837859903 55.3542642762337 2
74.5005370854636 56.5735792959429 2
76.693010296341 57.7950642479004 2
78.8845436562952 59.0190713868761 2
81.0752142867372 60.2458099171146 2
83.2651713126712 61.4753040958818 2
85.4545643897783 62.7073885492976 2
87.6434990113707 63.941743586148 2
89.8320353365825 65.1779517884533 2
92.0202190172128 66.4155596915741 2
94.2081182173317 67.6541262028261 2
96.3958407261358 68.8932447938932 2
98.5835245874318 70.1325407075092 2
100.771315871051 71.3716548613275 2
102.959351054144 72.6102276522306 2
105.147751616124 73.8478903436705 5
107.336627392614 75.0842650709285 5
109.526081216044 76.318971190755 5
111.716209760259 77.5516359501559 5
113.907099540842 78.7819087875753 5
116.098819368826 80.0094794955916 3
71.6311099526473 0.416090581200236 3
73.8245763970768 1.63761156459519 3
76.0188763565017 2.85599474541514 3
78.2139188596969 4.07133979731507 0
80.4095639061779 5.28388974988505 0
82.6056241129331 6.49402483551606 0
84.8018642119657 7.70223845960088 0
86.9979978492607 8.90909380545485 0
89.1936890294176 10.1151692464343 0
91.3885713061716 11.3210108427824 0
93.5822884061545 12.527108833948 0
95.7745408259012 13.733900017182 0
97.9651147286821 14.9417832258054 0
100.153878939023 16.1511329315233 0
102.340756178559 17.3623011576892 3
11.2050907720329 18.5756053953408 3
13.3880469715105 19.7913068296199 3
15.5690223315407 21.0095860317165 1
17.7480895334082 22.2305222102602 1
19.9254172394051 23.4540801354783 1
22.1012637544826 24.6801068751617 1
24.2759472003607 25.9083395692907 1
26.4498089038664 27.1384244063364 1
28.6231838761576 28.3699445071677 1
30.796383348988 29.602451626352 1
32.969687654966 30.8354957061732 1
35.1433455931274 32.0686479335342 1
37.3175770486117 33.301515769415 1
39.4925769123479 34.5337507869648 1
41.6685192215965 35.7650514399514 1
43.8455608819586 36.995163183174 1
46.0238445839361 38.2238778504613 1
48.2035006154141 39.4510335771941 1
50.3846472641622 40.6765160544238 1
52.5673887828348 41.9002620916098 1
54.7518092003453 43.1222667043144 1
56.9379611887181 44.3425929407008 1
59.1258494052341 45.5613824877231 1
61.3154091032437 46.7788641550823 1
63.5064838386713 47.995356432674 1
65.6988097240131 49.2112607737013 1
67.8920158781927 50.4270446373126 5
70.0856492481403 51.643216702526 5
72.2792256644462 52.8602998209355 2
74.4722988506828 54.0788059158507 2
76.6645292782176 55.2992103870331 2
78.8557305773034 56.5219179765699 2
81.0458764294968 57.7472160874293 2
83.2350652970948 58.9752257887551 2
85.4234579942754 60.2058742389313 2
87.6112174648377 61.4389079108739 2
89.7984789296242 62.6739412399525 2
91.9853529102072 63.9105209043912 2
94.1719459124191 65.1481869062103 2
96.3583780023423 66.3865116243628 2
98.5447843721557 67.6251097868416 2
100.731304607225 68.8636265342433 2
102.918071696435 70.1017175120329 2
105.105208567918 71.3390329786033 2
107.292831236407 72.5752113390609 2
109.481052966085 73.8098817699731 2
111.669984860725 75.0426734803245 5
113.859731620236 76.2732297319158 4
116.050383588076 77.5012259212554 4
118.242006601906 78.7263928092741 4
120.434630954495 79.9485441315676 3
75.9679407852753 0.349590751418001 3
78.1624699749127 1.56560546204242 0
80.3577960608293 2.77876133664066 0
82.5537451934509 3.98937521365884 0
84.7500963844222 5.19788128788085 0
86.9465859014163 6.40480139917247 0
89.1429099863615 7.61070060412824 0
91.3387324436777 8.81613840806773 0
93.5337079078182 10.0216334951665 0
95.7275184699635 11.2276540716131 0
97.9199049042117 12.4346290670092 0
100.110674727964 13.6429644435381 0
8.97908481814275 14.8530496371501 3
11.1662257546848 16.0652472391116 3
13.351408142048 17.2798690884589 3
15.5345895233349 18.4971476455874 1
17.7158055078302 19.7172108843117 1
19.8951902130325 20.940065818291 1
22.0729703160845 22.1655928458891 1
24.2494371813795 23.3935519734125 1
26.4249122087885 24.6236011285667 1
28.5997184218029 25.8553243647352 1
30.7741628037705 27.0882650309202 1
32.9485277406979 28.3219577368529 1
35.1230682294482 29.5559542174321 1
37.2980122395715 30.7898409354023 1
39.4735626791298 32.023248819936 1
41.6499000941083 33.2558569971163 1
43.827185477788 34.4873928965304 1
46.0055627689433 35.7176308234057 1
48.1851607001006 36.9463904420793 1
50.3660936679467 38.1735360522321 1
52.5484612274175 39.3989772632071 1
54.7323449497802 40.6226722958879 1
56.9178013972837 41.8446349508988 1
59.1048507979695 43.0649445183848 1
61.2934612759133 44.2837571881702 1
63.4835300226498 45.5013162956916 1
65.6748654856121 46.7179573541267 1
67.8671774826524 47.9341035544348 5
70.0600834437923 49.1502488540225 5
72.2531369810837 50.3669298943035 5
74.4458787597768 51.5846921619796 2
76.6379006367503 52.8040555519638 2
78.8289060000104 54.0254790185409 2
81.0187467807752 55.2493195680071 2
83.2074238531581 56.4757856843984 2
85.395051775656 57.7048987410259 2
87.5818040069837 58.936485333224 2
89.7678656815574 60.1702109688685 2
91.9534119953371 61.4056404737273 2
94.1386051144758 62.6423053917162 2
96.323599395016 63.8797572146599 2
98.5085448570159 65.1175921656223 2
100.693585678856 66.3554484955739 2
102.878857760105 67.5929880341773 2
105.064489703018 68.8298757907589 2
107.250607078634 70.0657669231566 2
109.437336389576 71.3003039633451 2
111.624805339822 72.5331228869156 2
113.813138369671 73.7638656049593 4
116.002448426085 74.9921974066854 4
118.192826506168 76.2178296927893 4
120.384330096273 77.440547560431 4
122.576972028634 78.6602369988187 0
124.770711761454 79.8769052958858 0
80.3051501103687 0.272678381809557 3
82.5007322988073 1.48384426532055 0
84.6969497269239 2.69277078250575 0
86.8935523136746 3.89993028815609 0
89.0902577877541 5.10585538459482 0
91.2867586229856 6.31109805170945 0
93.48273157698 7.51619224028088 0
95.6778586540972 8.72163387517386 0
97.8718530317471 9.92788219540048 0
6.74387209425023 11.1353723644333 3
8.93491985627797 12.3445242527633 0
11.1242265632596 13.555736138908 3
13.3116542953578 14.7693622700862 3
15.497115025905 15.9856823917053 3
17.6806002663109 17.2048731679891 1
19.862200293081 18.4269880767507 1
22.0420998502841 19.6519484115545 1
24.2205536906081 20.8795464704275 1
26.3978552197688 22.1094614566794 1
28.5743096048726 23.3412866332509 1
30.750215670881 24.574563095616 1
32.9258556519174 25.8088137634008 1
35.1014900042342 27.0435721499412 1
37.27735521192 28.2784029804041 1
39.4536634902052 29.5129144383682 1
41.6306037395271 30.7467635483428 1
43.8083432048503 31.9796569526469 1
45.9870293458471 33.211349366119 1
48.1667914941046 34.4416412937966 1
50.3477419458993 35.6703770112171 1
52.5299761836825 36.8974434500118 1
54.7135717072341 38.1227706689702 1
56.8985841385106 39.3463354388607 1
59.0850399098732 40.5681686396272 1
61.2729253390643 41.7883658807522 1
63.4621723236228 43.0071001471528 1
65.652642496741 44.2246337112362 1
67.8441140131601 45.4413248315319 1
70.0362772506153 46.6576237468109 5
72.228746151633 47.8740540810204 5
74.4210892768052 49.0911802932494 2
76.6128787395074 50.3095664076425 2
78.8037477231292 51.5297318548788 2
80.9934414415108 52.7521063222936 2
83.181845799936 53.9769831152174 2
85.3689846841412 55.204476547242 2
87.5549889530938 56.4345000995869 2
89.7400511551238 57.6667838305057 2
91.9243871130575 58.9009277379992 2
94.1082123460286 60.1364696086384 2
96.2917282859518 61.372947908977 2
98.4751170992608 62.6099400000516 2
100.65854229686 63.8470704734411 2
102.842152946947 65.0839982485083 2
105.026090098824 66.3203958158749 2
107.21049354345 67.5559318241083 2
109.39550635241 68.7902627938903 2
111.581275172156 70.0230346481096 2
113.767945829371 71.2538921910025 2
115.955655178252 72.4824948320639 4
118.144520522681 73.7085382210564 4
120.334627590127 74.9317813324709 4
122.526018496741 76.1520751200851 4
124.718681703214 77.3693864411482 0
126.912545807828 78.5838106613883 0
129.107478215421 79.7955699522644 0
84.6429884873914 0.186988137896109 3
86.8394407010665 1.39451633812196 0
89.0362638908502 2.60063707937153 0
91.2331683809062 3.80587895884029 0
93.4298526060821 5.01077316405886 0
95.6260101975651 6.21583146397476 0
4.50074298224265 7.42153925385212 3
6.69498142560806 8.62835946978834 0
8.88788062177718 9.83673815387856 0
11.079225003299 11.0471010412638 0
13.268831305056 12.259835273595 3
15.4565669380805 13.4752604408016 3
17.6423761196752 14.6935985844112 1
19.8262977729485 15.9149510268756 1
22.0084638539101 17.1392855658959 1
24.1890801464328 18.3664354724348 1
26.3684002213486 19.5961113769344 1
28.5467018849118 20.8279255656406 1
30.7242694940113 22.0614249643645 1
32.9013815884123 23.2961265077448 1
35.0783026534074 24.5315486205749 1
37.255277833465 25.767235080973 1
39.4325298955148 27.0027702655996 1
41.6102580261371 28.2377868077727 1
43.788638057412 29.4719677621989 1
45.9678235126738 30.705045596309 1
48.1479468908235 31.9367997331886 1
50.3291207742032 33.1670538212346 1
52.5114384505467 34.395673488222 1
54.6949737653408 35.6225651223685 1
56.8797794847142 36.8476766583082 1
59.0658830280443 38.0710019994864 1
61.2532793268159 39.2925893313841 1
63.441920732204 40.5125528981159 1
65.6317045643735 41.7310869989377 1
67.8224604828112 42.9484791205069 1
70.0139418250763 44.1651169203413 5
72.2058264442563 45.3814828643091 5
74.3977321044832 46.5981321981533 5
76.589248449247 47.8156545833434 2
78.7799824167463 49.0346245637022 2
80.9696083844415 50.2555474755765 2
83.1579106883534 51.478805520628 2
85.3448067843443 52.7046089810036 2
87.5303448394263 53.9329641200789 2
89.7146778590051 55.1636754081851 2
91.8980246331756 56.3963899515954 2
94.0806324408286 57.6306654872812 2
96.2627460159454 58.8660388617482 2
98.444588154536 60.1020754476463 2
100.626354576672 61.3383874687833 2
102.80821931446 62.5746272459404 2
104.990344698071 63.8104686822224 2
107.172890762307 65.0455886456795 2
109.356020998385 66.2796551210153 2
111.539903283844 67.5123244233632 2
113.724706156031 68.7432469268349 2
115.910591352345 69.9720798790274 4
118.097703480734 71.1985068761703 4
120.28615771883 72.4222633775854 4
122.476026911286 73.6431658624213 4
124.667330291316 74.8611392852226 0
126.860026200215 76.0762353953281 0
129.054010034811 77.2886358106396 0
131.249117094968 78.4986392441372 0
133.445129867981 79.7066383666406 0
88.9814897261497 0.0950815349444617 3
91.1785162596508 1.30049229615255 0
93.3756180232694 2.50537438343901 0
2.25189891426089 3.7102402680048 3
4.44826697481227 4.91559173698449 0
6.64383378907973 6.12191612461665 0
8.83832842956707 7.32968347945355 0
11.0315015448333 8.53934167537539 0
13.2231342551583 9.7513022349108 3
15.4130554533597 10.9659157011788 3
17.6011639072447 12.1834431099358 3
19.7874440506227 13.404031374926 1
21.9719669113272 14.6276970873947 1
24.1548773948999 15.8543208579977 1
26.3363757261516 17.083654010426 1
28.5166995719421 18.315338345253 1
30.6961087162312 19.5489365136995 1
32.8748716619816 20.7839673127783 1
35.05325387219 22.0199393377274 1
37.2315084120877 23.2563780700943 1
39.40986940741 24.4928444425668 1
41.5885481327924 25.7289453150625 1
43.7677313712363 26.9643377557053 1
45.9475813558059 28.1987292175442 1
48.1282365110474 29.4318754673692 1
50.3098124107014 30.6635776649912 1
52.4924025974382 31.8936795022759 1
54.6760790055799 33.1220649973006 1
56.8608916733714 34.348657549523 1
59.0468668128204 35.5734216786933 1
61.2340025569122 36.7963687434895 1
63.4222623296142 38.0175665704116 1
65.6115658472937 39.2371526515989 1
67.8017786735333 40.4553493453658 1
69.9927027770338 41.6724772398325 1
72.1840720910317 42.8889607140468 5
74.375557673739 44.1053191174109 5
76.5667858964107 45.3221391984673 5
78.7573700672112 46.5400292628668 2
80.9469518519126 47.7595605888318 2
83.1352450960487 48.9812040998939 2
85.3220725458227 50.2052708768785 2
87.5073863761816 51.4318678565273 2
89.6912663549824 52.6608850162122 2
91.8738949770737 53.8920273553743 2
94.0555186735196 55.1248824827551 2
96.2364067486872 56.3589953312499 2
98.4168176659461 57.5939284406098 2
100.596983748913 58.8292895843657 2
102.777112480469 60.0647292210304 2
104.957396116251 61.299922998552 2
107.138021771246 62.5345529637391 2
109.319177863232 63.7682947864009 2
111.501055922438 65.0008129288379 2
113.68384812837 66.2317634066592 2
115.867741191333 67.4608034758217 2
118.05290707052 68.6876078587506 4
120.239490969658 69.9118914839887 4
122.427597775019 71.1334375772174 4
124.61727936563 72.3521273313811 4
126.808526038578 73.5679642156669 0
129.001264233941 74.781084698573 0
131.195359774723 75.9917504196176 0
133.390623714356 77.2003242469985 0
135.586819766802 78.4072392505037 0
137.783676048613 79.6129701120086 0
