x           y           stackinginfo
0.0 0.0 2
2.14710827370025 1.2917721957261 2
4.29336693947052 2.58515588369147 2
6.43885159685351 3.88003993446488 2
8.58371814279621 5.17618170771599 2
10.7282241492607 6.47316192398534 2
12.8727240207063 7.7703796117369 2
15.0176417330115 9.06708944409239 2
17.163431438763 10.3624709077968 5
19.3105330212498 11.655715534709 5
21.4593269320943 12.9461168624478 5
23.6100945757366 14.2331458350388 1
25.7629927857233 15.5164958015998 1
27.9180485174985 16.7960893307687 1
30.0751732157239 18.0720510762414 1
32.234190012031 19.3446601996588 1
34.394864636858 20.6142979618483 1
36.5569327224614 21.8814020732933 1
38.7201196205975 23.1464333233589 1
40.8841523816359 24.4098547742318 1
43.0487650600325 25.6721214081177 1
45.2136990145063 26.9336778591433 1
47.3787004415129 28.1949607002472 1
49.5435166466661 29.4564028047235 1
51.7078920195395 30.7184384438921 1
53.8715645271406 31.9815081344605 1
56.0342637706945 33.2460619695224 1
58.1957122502918 34.5125592387512 1
60.3556320760232 35.781460862945 1
62.5137589445953 37.0532117888875 1
64.6698643856883 38.3282111852232 1
66.8237852433707 39.6067697209859 1
68.9754560947285 40.8890579302902 1
71.1249366830975 42.1750558327859 1
73.2724247334724 43.4645188262991 1
75.4182469774043 44.7569744440022 3
77.562827775159 46.0517568841014 3
79.7066419756922 47.3480746945263 3
81.8501621731242 48.645098283235 0
83.9938093914066 49.9420512406592 0
86.1379143955395 51.2382894935138 0
88.2826977125154 52.5333509993461 0
90.4282764395591 53.8269597364062 0
92.5746966712395 55.1189821493934 0
94.7219777347712 56.4093586646336 0
96.8701544766264 57.6980331581778 0
99.0192949770465 58.9849104565129 0
101.169488427146 60.2698686056324 0
103.320817340497 61.5528084499807 0
105.473327910349 62.8337074295827 0
107.627006086643 64.1126571582191 4
109.781763033412 65.3898793175065 4
111.937432169689 66.6657219711138 4
114.093778381494 67.9406399392968 4
116.250517633788 69.2151627976401 2
118.407343203999 70.4898545802998 2
120.56395394752 71.7652695310288 2
122.720080216012 73.0419081866667 2
124.875503919907 74.3201781387171 2
127.030070384971 75.6003647357376 2
129.183691056507 76.8826177223955 2
131.3363367142 78.1669591530537 2
133.488021396347 79.4533141341594 2
135.63877909643 80.7415593548175 2
91.1283398352252 1.21356421363863 2
93.2773233615576 2.50527092827601 2
95.4254534504847 3.79861501084618 2
4.25219405620452 5.09351868958506 2
6.39888686279395 6.38981478470065 2
8.54516196800074 7.68719109596941 2
10.6913397613609 8.98515990338732 2
12.8378027955542 10.283066200309 2
14.9849599918933 11.5801329312498 2
17.1332113526653 12.8755343295878 5
19.2829145201962 14.1684848340419 5
21.4343527370988 15.4583272740911 1
23.5877083494505 16.744601608825 1
25.7430491853225 18.0270790886599 1
27.9003321833431 19.3057573503845 1
30.0594220148807 20.5808244679266 1
32.2201175057188 21.8526073877561 1
34.3821779743651 23.1215198994805 1
36.5453440626735 24.3880199637445 1
38.7093516191284 25.6525797898683 1
40.873939175261 26.9156681054679 1
43.0388500016628 28.17774263606 1
45.2038305955899 29.4392496048176 1
47.3686274814972 30.7006267288265 1
49.5329834525561 31.9623078435756 1
51.6966340880168 33.2247279989936 1
53.85930548386 34.4883279566948 1
56.0207144722732 35.7535565429886 1
58.1805736145475 37.0208679013544 1
60.3386032874591 38.2907103093267 1
62.4945519655815 39.5635042979212 1
64.6482244693173 40.8396083296965 1
66.7995151427156 42.1192729572683 1
68.9484394210006 43.4025898066416 1
71.09515458914 44.6894477357463 1
73.2399609639163 45.9795110799102 3
75.3832792012111 47.2722314003759 3
77.5256063098344 48.5668950355241 3
79.6674587999304 49.8626988674408 0
81.809313776655 51.1588407611426 0
83.9515586659213 52.4546086682103 0
86.0944602660098 53.7494496537172 0
88.238163217999 55.0429981219084 0
90.3827210099148 56.3350511197401 0
92.5281473102029 57.6255055102043 0
94.6744690669647 58.9142887186469 0
96.8217601155707 60.2013086090051 0
98.9701389404799 61.4864471964887 0
101.119738712087 62.7695982911842 0
103.270667940228 64.0507198663855 0
105.422975950675 65.3298740939264 0
107.576630485784 66.6072463977263 4
109.731509987334 67.8831462457893 4
111.887410244552 69.157993815243 4
114.044062835779 70.4322948766298 4
116.201161101746 71.7066061151899 2
118.358388758031 72.9814940233863 2
120.515446732333 74.2574910456572 2
122.672074928521 75.5350532016293 2
124.828067501676 76.8145240636259 2
126.983281127112 78.0961120986199 2
129.137635216768 79.3798887569864 2
131.291102383434 80.665810459072 2
86.7833878993704 1.13574873542085 2
88.9351073694586 2.42558689858733 2
91.085967100464 3.71719196944637 2
93.2359762517041 5.01047385688496 2
95.3851792110807 6.30534842814967 2
97.5336913345048 7.60168793935782 2
6.36111957319542 8.89926684735345 2
8.50896577396002 10.197713834495 2
10.6569878801065 11.4964903907405 2
12.8055648239999 12.7949059861842 2
14.9550597616291 14.0921681488866 5
17.1057956247009 15.3874593526025 5
19.2580361641653 16.6800272180117 5
21.4119679535386 17.9692697578218 1
23.567685807221 19.2547962851173 1
25.7251878390733 20.5364508542943 1
27.8843834326653 21.8142973948537 1
30.0451115281056 23.0885774936497 1
32.2071628319657 24.3596570678005 1
34.3702999071066 25.627975922282 1
36.5342722894358 26.8940079790837 1
38.6988259302955 28.1582344439414 1
40.8637073888416 29.4211288736729 1
43.0286638426415 30.6831519755104 1
45.1934407856054 31.944752284186 1
47.3577788470834 33.206369615581 1
49.5214106597779 34.4684398146495 1
51.6840586714276 35.7313996731906 1
53.8454349912005 36.9956907928017 1
56.0052452584391 38.2617601577952 1
58.1631991650698 39.5300539845222 1
60.319028803342 40.8010022266714 1
62.4725149921386 42.0749915876555 1
64.6235195658446 43.3523264584274 1
66.7720182804628 44.6331812840683 1
68.9181261741438 45.9175533680428 1
71.0621065810094 47.2052298500153 1
73.2043576486788 48.4957819957149 3
75.345375697173 49.7885936145097 3
77.4857008645487 51.0829213621222 0
79.6258548125645 52.3779772550569 0
81.7662821829778 53.6730191780846 0
83.9073081874356 54.9674310015304 0
86.0491245339271 56.2607697445662 0
88.1918107143131 57.5527610474874 0
90.3353843070714 58.8432465711063 0
92.4798608558468 60.1321161995258 0
94.6253045593268 61.4192563119191 0
96.7718457256044 62.7045363275137 0
98.9196584178904 63.9878360204377 0
101.068913884248 65.2690932997139 0
103.219731702024 66.548345020991 0
105.372144397036 67.8257473416013 4
107.526081978975 69.101577882809 4
109.681375655445 70.3762256079845 4
111.837776096312 71.6501710090628 4
113.994980306424 72.9239574058445 2
116.152661333018 74.1981550036494 2
118.310496073508 75.4733200798125 2
120.468187886714 76.7499525191268 2
122.625483945192 78.0284557987251 2
124.782187956404 79.3091063898656 2
126.938167268192 80.5920413319867 2
82.4330505531739 1.05925773264476 2
84.587416144269 2.34669119363121 2
86.7409625553071 3.63618909099336 2
88.8936870519833 4.92759792986256 2
91.0455822354793 6.22077761567346 2
93.196662533376 7.51560280255681 2
95.3470054582764 8.81193951545021 2
97.4967840545004 10.109606063991 2
99.6462729494153 11.4083248930857 2
8.47521842740791 12.7076782732301 2
10.6251943062088 14.00709149993 2
12.7759462247691 15.3058525625222 2
14.9277703907003 16.6031664715181 5
17.0809021101605 17.8982352734484 5
19.2355119019904 19.1903482773776 1
21.3917002062092 20.4789627047571 1
23.5494919306574 21.7637559649887 1
25.7088363141422 23.0446391943619 1
27.8696151154616 24.3217344867895 1
30.031657054026 25.5953287395822 1
32.1947540837382 26.8658200555322 1
34.358675899782 28.133669220321 1
36.5231805663979 29.3993628349057 1
38.6880206938863 30.6633893864132 1
40.8529454742313 31.9262268787099 1
43.0176997246961 33.1883394336972 1
45.18202160787 34.4501787213248 1
47.3456401531903 35.7121876876494 1
49.50827350171 36.9748052465084 1
51.6696289371232 38.2384707586774 1
53.8294063120595 39.5036266405733 1
55.9873074628365 40.7707159883112 1
58.1430530648322 42.0401721822953 1
60.2964070034114 43.3123980842828 1
62.4472067829187 44.5877332061921 1
64.5953957516962 45.8664105067135 1
66.7410502183938 47.1485097320196 1
68.8843933895827 48.433918968168 1
71.0257895391174 49.7223176938963 3
73.1657157171257 51.0131905135788 3
75.3047136661976 52.3058727132428 3
77.4433296347386 53.5996213512722 0
79.582053095014 54.8937003736653 0
81.7212668547003 56.1874634665538 0
83.861221406984 57.4804128230376 0
86.0020426361864 58.772212083249 0
88.1437722611257 60.0626475312409 0
90.2864263365093 61.3515637143144 0
92.4300551210782 62.6388101468307 0
94.5747818023562 63.9242248426561 0
96.7208002425291 65.207658778573 0
98.8683328959847 66.4890214618454 0
101.017570303714 67.7683216611692 0
103.168618060285 69.0456880242075 0
105.321467509939 70.3213705548113 4
107.475993093328 71.5957306606648 4
109.631970060684 72.8692241481566 4
111.789103374315 74.1423772808023 4
113.947059871261 75.4157559148111 2
116.105497960958 76.6899295887858 2
118.264091001181 77.9654326302348 2
120.422545595882 79.2427237013416 2
122.580616870945 80.5221502477622 2
78.0778200801827 0.985915337477306 2
80.2346393737139 2.27012361364078 2
82.3907177451493 3.55673180372489 2
84.5460375771442 4.8456271218495 2
86.7005897101748 6.13664882940328 2
88.8543556215235 7.42961569544221 2
91.00732046844 8.72434420391276 2
93.159514105307 10.0206540784928 2
95.3110559791193 11.31835605659 2
97.4621778983352 12.6172197644512 2
99.6132083517861 13.916925219087 2
101.764520688496 15.2170197767124 2
10.5958695416636 16.5169043693874 2
12.7487531579809 17.8158572287863 5
14.9027894688446 19.113092041113 5
17.0581271867105 20.4078399901249 5
19.2148537299484 21.6994383999826 1
21.3729998425733 22.9874055729483 1
23.5325399008938 24.2714844441244 1
25.6933929461648 25.5516475588123 1
27.8554277711083 26.828068369364 1
30.0184719419371 28.1010725981365 1
32.1823225307408 29.3710850976376 1
34.3467559725002 30.6385836347061 1
36.5115353241394 31.9040649555405 1
38.6764143226594 33.1680236138508 1
40.8411383339645 34.4309419572366 1
43.005443326945 35.6932880926835 1
45.1690543250781 36.9555177648614 1
47.3316844009046 38.2180781205356 1
49.4930353141005 39.4814120646216 1
51.6528011243875 40.7459618457276 1
53.8106770697709 42.0121692779718 1
55.9663755447428 43.2804693049672 1
58.1196489874477 44.551274321533 1
60.2703181889227 45.8249469311134 1
62.4183024250281 47.1017612208226 1
64.5636458040761 48.3818577337751 1
66.7065332665446 49.6652029139588 1
68.8472901801939 50.9515661235267 1
70.9863618355902 52.2405240399985 3
73.1242731681981 53.5314952248888 3
75.2615740337697 54.8238001734747 0
77.3987796954234 56.1167373840649 0
79.5363184090447 57.4096620343152 0
81.6744984515524 58.70204839384 0
83.8135038253545 59.9935147073422 0
85.9534212582778 61.283798721053 0
88.0942898845976 62.5727001455826 0
90.2361583345558 63.8600271401875 0
92.3791352540407 65.145575884234 0
94.5234112000847 66.4291542715139 0
96.6692359212267 67.7106305487197 0
98.8168585645956 68.9899770973578 0
100.966459098612 70.2672917397499 3
103.118099575537 71.5427973453232 3
105.271708461784 72.8168296656753 3
107.427094285072 74.0898203674349 5
109.583976335597 75.362276126718 5
111.74202049574 76.6347523552603 5
113.900872210241 77.9078218251829 5
116.060181646063 79.1820408281642 2
118.21962259278 80.4579127905519 2
73.7186079517722 0.917840031172736 2
75.8775072736335 2.198142454225 2
78.0358548263373 3.48097704867773 2
80.1935548852265 4.76639189125618 2
82.3505667557539 6.05433369485351 2
84.5068741510609 7.34466901953849 2
86.6624547138254 8.63720405897593 2
88.8172741894849 9.93170628141479 2
90.9713168654769 11.2279292678704 2
93.1246374935534 12.5256313341792 2
95.2774026523968 13.8245727624219 2
97.4298969134227 15.1244835329901 2
99.5824844097737 16.4250109776593 2
101.735540432079 17.7256775981995 2
103.889386552292 19.0258703353225 2
12.7236542405684 20.3248680091968 5
14.8796897686761 21.6219024105292 5
17.0369633745736 22.9162411080591 5
19.1954950119181 24.2072733782543 1
21.3552640530508 25.4945788353241 1
23.5162119658389 26.7779630949992 1
25.6782416197841 28.0574553649023 1
27.8412178256008 29.3332749576981 1
30.0049709016723 30.6057810887153 1
32.1693025681816 31.8754208424002 1
34.3339922730433 33.1426856142674 1
36.4988023276785 34.4080802025099 1
38.6634809205607 35.6721043464643 1
40.8277628922141 36.9352448527745 1
42.9913694240673 38.1979745202381 1
45.1540080361363 39.4607541611986 1
47.3153740917979 40.7240360640212 1
49.4751550759253 41.9882676117297 1
51.6330395726897 43.253892987073 1
53.7887330598175 44.521349648022 1
55.9419801071354 45.7910567932998 1
58.0925910025062 47.063393061322 1
60.2404692280863 48.3386622013513 1
62.3856350430843 49.6170501910759 1
64.5282404760903 50.898583653433 1
66.6685716295021 52.1831032327659 1
68.8070347620103 53.4702630530222 3
70.9441243679463 54.7595590713843 3
73.0803758278697 56.0503812236314 4
75.2163104850877 57.34208029877 4
77.3523843451815 58.6340383362105 0
79.4889521084795 59.9257277414097 0
81.6262551917316 61.2167412091503 0
83.7644375446355 62.5067788998967 0
85.9035835820841 63.7956002866064 0
88.0437638417682 65.082973336917 0
90.1850828906435 66.3686507692159 0
92.3277166862536 67.6523906453448 0
94.4719159188687 68.9340090126516 3
96.6179631267125 70.2134311343606 3
98.7661004352854 71.4907169403789 3
100.916462446578 72.7660594038563 3
103.069041397652 74.0397684644407 3
105.223690157451 75.3122515652517 3
107.38015145871 76.5839935763441 5
109.538097227128 77.8555341166339 5
111.697166041793 79.1274407562038 5
113.856991637666 80.4002797730017 5
69.3569223504373 0.856573818822901 5
71.5172399663232 2.13281550630239 5
73.6773712379643 3.41136772321463 2
75.8371054613651 4.69249146776736 2
77.9963035406178 5.97633025992872 2
80.1548933455971 7.26291621912236 2
82.3128450887468 8.55217795631298 2
84.4701353134238 9.84394779714368 2
86.6267231198814 11.1379758201601 2
88.7825612210255 12.4339592906484 2
90.9376423785113 13.7315827874659 2
93.092054701865 15.0305483418598 2
95.2460117682455 16.3305753547111 2
97.3998389278495 17.631363303605 2
99.5539161176465 18.9325358085097 2
101.708601211312 20.2335996466712 2
103.864169491695 21.5339370354357 2
106.020790367114 22.8328360783583 5
14.8579373680225 24.1295538918758 5
17.0168226458735 25.4233994285628 1
19.1768143754827 26.7138163799548 1
21.3378573788636 28.0004456338305 1
23.4998741807746 29.2831532249808 1
25.6627609035598 30.562021222089 1
27.8263826156599 31.8373102018165 1
29.9905719453389 33.1094081584301 1
32.1551313164457 34.3787802424954 1
34.3198371519818 35.6459283542467 1
36.4844441112828 36.9113634873139 1
38.6486879861147 38.1755899734427 1
40.8122870935434 39.4390994413957 1
42.9749434841487 40.7023702269591 1
45.1363454695735 41.9658691146945 1
47.2961728464494 43.23005406044 1
49.4541065025521 44.4953762574212 1
51.6098446811674 45.7622784586216 1
53.7631254920055 47.0311866289352 1
55.9137528492691 48.3024919824768 1
58.0616215850089 49.5765209806786 1
60.2067371084891 50.8534949687031 1
62.3492265982484 52.1334881572732 1
64.4893405501257 53.4163982275478 5
66.6274432202258 54.7019423177041 5
68.7639891673195 55.9896825996124 5
70.8994848084864 57.2790750603533 4
73.0344400321057 58.5695296937786 4
75.1693202101105 59.8604717243315 4
77.3045100629189 61.1513928911114 4
79.4402980959947 62.4418797881581 0
81.5768858417516 63.731607898127 0
83.7144156632477 65.0203031801717 0
85.8530031738077 66.3076963910774 0
87.992771976719 67.593499202803 0
90.1338910429077 68.8774203792446 3
92.276597330454 70.1592192716123 3
94.4211788611162 71.4387654786462 3
96.5679150808672 72.7160726531453 3
98.7170017526848 73.9912987714797 3
100.868496878142 75.2647262476766 3
103.022306922859 76.5367378182573 1
105.178208618322 77.8077948746043 1
107.335888951773 79.0784168509956 5
109.494986945729 80.3491586197786 5
64.9948261563173 0.802574289304425 5
67.1556398427731 2.07523815870466 5
69.3167835061774 3.3496482677034 5
71.4779523505192 4.62624516247814 5
73.6388960016871 5.90537760918166 5
75.7994322005014 7.18728957374755 2
77.95945083079 8.47211453202842 2
80.1188991402799 9.75987067689193 2
82.2777484495471 11.0504545876504 2
84.4359593010381 12.3436416917978 2
86.5934711851306 13.639107541261 2
88.7502316514317 14.9364737245171 2
90.9062526047623 16.2353618703671 2
93.0616602047265 17.5354285267584 2
95.2167093666047 18.8363620152725 2
97.3717517415818 20.1378391870663 2
99.5271658980275 21.4394679530491 2
101.68327969241 22.740747577854 2
103.840318180548 24.0410633642832 5
105.998392239149 25.3397194219538 5
108.15752049066 26.6360035300052 5
16.9970630105523 27.929270112511 1
19.1581579942487 29.2190197314589 1
21.3201284497675 30.504954996895 1
23.4828883977199 31.7870009099969 1
25.6463323683037 33.0652892688358 1
27.8103256761613 34.3401174898969 1
29.9746992707879 35.6118974734844 1
32.1392499534509 36.8811080939117 1
34.3037439567845 38.1482586566967 1
36.4679213611388 39.413864757832 1
38.6314996162827 40.6784351220347 1
40.7941762673869 41.9424668670024 1
42.9556325722562 43.2064447559901 1
45.1155397336957 44.4708420965857 1
47.2735694125779 45.7361220158681 1
49.4294109009049 47.0027364602356 1
51.5827949095627 48.2711199655372 1
53.7335202656541 49.5416753360679 1
55.8814779533342 50.8147479698971 1
58.0266668751345 52.0905885660119 1
60.1691991097497 53.369311155128 1
62.3092968972419 54.6508610560963 5
64.4472839236884 55.9350079039819 5
66.5835691268282 57.2213693697686 5
68.7186186105951 58.5094591415033 4
70.8529158805238 59.7987449089508 4
72.9869187758017 61.0887021921914 4
75.1210247509477 62.378856067932 4
77.2555545051297 63.6688031300112 4
79.3907582223577 64.9582069487943 4
81.5268368664106 66.2467675567294 0
83.6639644988694 67.5341821814558 0
85.8023075454914 68.820124280671 0
87.9420496386527 70.104257204596 3
90.0834183907821 71.3862851700042 3
92.2266903623316 72.6660186055158 3
94.3721547716945 73.9434181519379 3
96.5200455592994 75.2186008570031 3
98.6704763408594 76.4918186917995 1
100.823408923781 77.7634290770786 1
102.978662159373 79.0338692949868 1
105.135947605423 80.3036358169855 1
60.634612558902 0.755253331769885 1
62.7948804118812 2.02530101711128 1
64.9560728443815 3.29632255722786 5
67.1178300295202 4.56885151223845 5
69.279824006223 5.84337752984176 5
71.4417729799765 7.12032390309116 5
73.6034559986302 8.40002912816563 5
75.7647227203798 9.682732197897 5
77.9254888585913 10.9685571641147 5
80.0857116212112 12.2574946805376 2
82.2453530180258 13.5493876413846 2
84.4043534029325 14.8439367514411 2
86.5626380349515 16.1407377668953 2
88.7201604001726 17.4393432604148 2
90.8769599656126 18.7393237358513 2
93.033200934301 20.0403014057734 2
95.1891709912757 21.3419414666214 2
97.345234889842 22.6439047026617 2
99.5017579158062 23.9457901949063 2
101.659031964301 25.2470966344524 2
103.817233533682 26.5472185285568 5
105.97642318309 27.845481185421 5
108.136574832032 29.1412081281711 5
110.297616252547 30.43380373703 1
19.1388606586994 31.7228286079982 1
21.3014268857742 33.0080484802965 1
23.4646256321262 34.2894464393634 1
25.628350912776 35.5672005750363 1
27.7924646810539 36.8416398618192 1
29.9567897555379 38.1131944201879 1
32.1211099049866 39.3823521637341 1
34.2851741783483 40.6496269065619 1
36.4487022947091 41.9155377996375 1
38.6113893502627 43.1805983407848 1
40.7729106185003 44.4453120745026 1
42.9329286481478 45.7101708624778 1
45.0911046212173 46.9756542130367 1
47.2471164738178 48.2422276773532 1
49.4006845398966 49.5103374714619 1
51.551600507544 50.7803988193404 1
53.6997525236984 52.0527744165608 1
55.8451387163921 53.3277409159684 1
57.9878659484977 54.6054479349741 5
60.1281386431428 55.8858834190883 5
62.2662460527388 57.1688630271921 5
64.4025503046092 58.4540523217111 5
66.5374689954766 59.7410148252554 4
68.6714465772021 61.0292697721502 4
70.8049182635908 62.3183427995589 4
72.9382780310885 63.6077989767162 4
75.0718628898367 64.8972559110718 4
77.2059579603107 66.1863759816901 4
79.3408144488367 67.4748404349692 4
81.4766660932628 68.7623170051448 4
83.6137367492762 70.0484432406985 3
85.7522484388906 71.3328408831379 3
87.8924385120068 72.6151636695924 3
90.0345731758842 73.8951642017113 3
92.1789335931057 75.1727468261927 3
94.3257664927037 76.4479825377288 1
96.4752211155179 77.721089337381 1
98.6273059965565 78.9923984317811 1
100.781883454244 80.2623233317916 1
56.2783957054715 0.713325261341943 1
58.4371091305175 1.98194167971957 1
60.5973506836427 3.25070025279495 1
62.7587402804807 4.52014965652446 1
64.9209097212551 5.79083228434555 1
67.083516422054 7.06326784440637 1
69.2462561003635 8.33793495416361 5
71.408876429866 9.61525143114893 5
73.5711892266634 10.8955544008941 5
75.7330738332827 12.1790774301203 5
77.8944635523139 13.4659227500966 5
80.0553150047963 14.7560338437956 5
82.2155745743317 16.049183144458 2
84.3751649603569 17.3449911350133 2
86.5340071721597 18.6429801165235 2
88.6920712477087 19.9426457853417 2
90.8494287882965 21.2435193923114 2
93.0062791609575 22.5451976561419 2
95.1629346129272 23.8473286334046 2
97.3197634000515 25.1495626103469 2
99.4771109375315 26.4514955776743 2
101.635231964741 27.7526310997425 4
103.794258871897 29.0523777097752 5
105.954209655355 30.3500873128652 5
108.115024086572 31.6451251002864 1
110.276608908665 32.936950999415 1
112.438870662172 34.2251901451002 1
21.2811234552483 35.5096734949178 1
23.4444834982288 36.7904406367876 1
25.6082400779331 38.0677107757932 1
27.7722454495477 39.3418373960268 1
29.936306698826 40.6132622014997 1
32.1001875314116 41.8824775617943 1
34.2636143382319 43.1499997309886 1
36.4262829764795 44.4163513941452 1
38.5878651052154 45.6820519248215 1
40.7480159380628 46.9476122776668 1
42.9063860624312 48.213531359743 1
45.0626400542224 49.4802924932101 1
47.2164838348783 50.7483574532531 1
49.367696878376 52.0181561300834 1
51.5161608022891 53.2900685087208 1
53.6618738437429 54.5643954781626 1
55.8049449513026 55.8413200975726 5
57.945572556017 57.1208710306941 5
60.0840223288093 58.4029073535897 5
62.2206139430941 59.6871380155808 5
64.3557124987705 60.9731706559874 2
66.4897130909814 62.260570222046 2
68.6230148741911 63.548908201248 4
70.7559935744597 64.8377905927087 4
72.8889870847899 66.1268618326541 4
75.0223002860876 67.4157906823742 4
77.1562216612974 68.7042453238096 4
79.2910369775716 69.9918674947319 4
81.4270302542545 71.2782608482808 3
83.5644777046282 72.5630079171755 3
85.7036489155475 73.8457166543767 3
87.8448152244892 75.1260860005518 3
89.9882479525857 76.4039642580127 1
92.1341894465675 77.679373155669 1
94.2828028055662 78.9524932419019 1
96.4341270393636 80.2236281735984 1
51.9277604333411 0.675156825260284 1
54.0840795309903 1.94355261660975 1
56.2424712932398 3.21129538515292 1
58.4025755608228 4.47890376692511 1
60.5640165296058 5.74691178540915 1
62.7264243717998 7.01585805798288 1
64.8894494379777 8.28627447904062 1
67.0527734123532 9.55867333343056 1
69.2161209992466 10.8335303632282 1
71.3792719381735 12.1112638529461 5
73.5420689310086 13.3922083945832 5
75.7044139446028 14.6765815750176 5
77.8662479809453 15.964447011108 5
80.0275196215352 17.2556858620948 5
82.1881595623785 18.5499941825869 2
84.3480807924768 19.8469172871866 2
86.5072113304471 21.1459154086895 2
88.665545866502 22.4464392018535 2
90.8231899848956 23.7479899680375 2
92.9803750470171 25.0501451079959 2
95.137431929839 26.3525402616857 2
97.294726625721 27.6548201280819 4
99.4525816616751 28.9565824249205 4
101.611215663601 30.2573399168583 4
103.770720882388 31.5565202400603 5
105.931079415387 32.8535085895515 3
108.092207231979 34.1477192667585 1
110.254002021911 35.4386751638814 1
112.416372164839 36.7260714096753 1
114.579237875443 38.0098052294025 1
23.4219104859938 39.289968290413 1
25.5854747038687 40.5668126452537 1
27.749163899213 41.8407073976241 1
29.9127624114147 43.1120991678723 1
32.0760088413658 44.381481531092 1
34.2386042133943 45.6493728864735 1
36.4002202135219 46.9163008661742 1
38.5605076688352 48.1827923434469 1
40.7191082939389 49.449366123101 1
42.8756729646308 50.7165262369513 1
45.0298897543861 51.9847539308324 1
47.181519264785 53.2544969792889 1
49.3304284322231 54.5261539623145 1
51.4766099035564 55.8000494275093 5
53.6201760513429 57.076398796484 5
55.7613291925379 58.3552712910209 5
57.9003255766005 59.6365697718429 5
60.0374531960866 60.9200453412948 2
62.1730266808783 62.2053460383531 2
64.3073850859744 63.492078006644 2
66.4408798337026 64.7798544799868 2
68.5738547726985 66.0683201466172 2
70.7066339420783 67.357148215081 4
72.8395268053696 68.646018421853 4
74.9728445949815 69.9345900421613 4
77.1069130406382 71.2224809250723 4
79.2420701688178 72.5092622699434 4
81.378651139083 73.7944786205513 3
83.5169740570249 75.0776950798402 3
85.6573353320679 76.3585614145758 1
87.8000078380449 77.6368724268057 1
89.9452258314611 78.912599521723 1
92.0931512231969 80.1858829385223 1
47.583535589346 0.638985383896621 1
49.7369035283543 1.90829801031181 1
51.8927569707131 3.17623870613038 1
54.0508069875958 4.44327748713798 1
56.2107097982505 5.70991144657392 1
58.372099199471 6.97665544569655 1
60.53460941767 8.24403517482345 1
62.6978899716757 9.51258029985077 1
64.8616158534982 10.782816496001 1
67.0254969408133 12.055253861153 1
69.1892883285669 13.3303687853788 1
71.3527996576933 14.6085784762011 1
73.5158981835602 15.8902064803341 5
75.67849942019 17.1754407578697 5
77.8405441753277 18.4642931687681 5
80.0019708764567 19.7565762358476 5
82.1627001328901 21.0519127068186 5
84.322645973701 22.3497822876848 2
86.4817538326193 23.649594082117 2
88.6400488967424 24.9507628289796 2
90.7976719545428 26.2527663836715 2
92.9548844952914 27.5551671707106 4
95.1120323806041 28.8575926743826 4
97.2694758278413 30.1596865916738 4
99.4275127996139 31.4610526898163 4
101.586326433583 32.7612174862207 4
103.745971505682 34.0596344708266 3
105.906401102338 35.3557307041413 3
108.067517918575 36.6489792676081 3
110.229221414255 37.9389746677691 1
112.391428631758 39.2254861366303 1
114.554064848033 40.5084741350504 1
116.717037446998 41.7880731809136 1
25.5596098243797 43.0645567909291 1
27.7227954802134 44.33830054312 1
29.8857499295977 45.6097514045836 1
32.04818493544 46.8794038916384 1
34.2097769660458 48.1477807329017 1
36.370176862147 49.4154171691833 1
38.5290212275002 50.6828488914715 1
40.685949479074 51.9506012411046 1
42.840630891742 53.2191778582825 1
44.9928015340281 54.4890479074254 1
47.1423032987499 55.7606308839303 5
49.2891112184001 57.0342753342599 5
51.4333335633298 58.3102283439948 5
53.57517942652 59.5885999659154 5
55.7149090433958 60.8693388649526 5
57.8527951888042 62.1522400792047 2
59.9891121217361 63.4369909281836 2
62.1241423631958 64.7232351722875 2
64.2581806874998 66.0106244792636 2
66.3915265192129 67.2988399918925 2
68.5244759228948 68.5875837835556 2
70.6573280425918 69.876549472384 2
72.7904020425287 71.1653907077203 4
74.9240499202005 72.4537027644098 4
77.0586529564943 73.7410242607535 4
79.1946012900324 75.0268620280384 5
81.3322681803044 76.3107392714341 3
83.4719908474919 77.5922593732742 1
85.6140602126086 78.8711665712094 1
87.7587101344058 80.1473823606229 1
43.2457963876837 0.602993069678824 1
45.3959738299581 1.87426478292953 1
47.5488768482363 3.14353110753789 1
49.7043267868152 4.41120269929718 1
51.8620548079934 5.67773074710841 1
54.0217342611525 6.94359229670798 1
56.183011560733 8.20928191609237 1
58.3455291146502 9.47530724987619 1
60.5089403619234 10.7421857781906 1
62.6729194196773 12.0104407812015 1
64.8371684434408 13.2805950405006 1
67.0014255484859 14.5531583454055 1
69.1654733452967 15.8286061264323 1
71.3291452545896 17.1073479516613 1
73.4923246187441 18.3896856881202 1
75.6549325007237 19.6757666581199 5
77.8169058784151 20.9655444232513 5
79.9781763448585 22.2587636490449 5
82.1386639073311 23.554980659012 5
84.2982951957608 24.853618699314 2
86.4570422193298 26.1540440580742 2
88.6149657018247 27.4556420400338 4
90.7722437209555 28.7578714724047 4
92.9291671829089 30.0602836223321 4
95.0860941360912 31.3625022589423 4
97.2433755732668 32.6641747689264 4
99.4012823250532 33.9649156306591 4
101.559960998273 35.2642714293319 4
103.719431592479 36.5617306381862 3
105.879626172762 37.8567732915464 3
108.04044493541 39.1489424422084 3
110.201797813874 40.4379112726959 3
112.363613111213 41.7235218456007 1
114.525817189032 43.0057879313951 1
116.688304355934 44.2848728453699 1
118.850915508959 45.5610595636415 1
27.6928309743446 46.8347241374931 1
29.8549827546907 48.1063140430335 1
32.0164563666627 49.3763285052844 1
34.1769080496948 50.645298876786 1
36.3359746475119 51.9137706721318 1
38.4932889534274 53.1822878714087 1
40.6485041512891 54.4513772736246 1
42.8013298588023 55.721532180913 5
44.9515742858111 56.9931957533984 5
47.0991799209777 58.2667416636162 5
49.2442348170554 59.5424481418438 5
51.3869464046641 60.8204658419669 5
53.5275847051112 62.1007913146353 2
55.6664246745106 63.3832671999681 2
57.8037183062827 64.6676219059878 2
59.9397003303324 65.9535348778264 2
62.0746058613549 67.2406929727023 2
64.208679397169 68.5288122078374 2
66.3421757374341 69.8176238912845 2
68.4753690206804 71.1068384200572 2
70.6085714148881 72.3961076315422 2
72.7421468634239 73.6850062558332 2
74.8765071629315 74.9730394987918 5
77.0120884788303 76.2596748127056 5
79.1493177258756 77.5443928676473 5
81.2885809616593 78.8267509758628 1
83.4302014991198 80.106444228549 1
38.914125111837 0.565333107247754 1
41.0611091099366 1.83949492553587 1
43.2109040124921 3.11112721673602 1
45.3634481392326 4.38055142414018 1
47.5185731023839 5.64816055694176 1
49.6760245268912 6.91438981588534 1
51.8354907492932 8.17969917484133 1
53.9966312776713 9.44456446290741 1
56.1590988522015 10.7094739281234 1
58.3225539928525 11.9749274672045 1
60.4866740544961 13.2414357481248 1
62.651159084382 14.5095177905956 1
64.8157371777021 15.7796945927493 1
66.9801709674889 17.0524742565209 1
69.1442643372429 18.3283264399198 1
71.3078663816051 19.6076451021593 1
73.4708685535514 20.8907015027946 1
75.6331927299695 22.1775958410801 1
77.7947733103862 23.468221992177 5
79.9555427894698 24.7622605283742 5
82.1154322718152 26.0592078946758 5
84.2743925586119 27.3584376786997 5
86.4324307923543 28.6592792783855 4
88.5896490669004 29.9610930642772 4
90.7462654532845 31.2633226258442 4
92.9025992429864 32.5655124822953 4
95.0590165529181 33.8672878215013 4
97.2158536410585 35.168305085033 4
99.373349454709 36.4681955670742 4
101.531612242858 37.7665350102616 0
103.690631572332 39.0628587554722 3
105.850328204994 40.3567126539913 3
108.010610055704 41.6477191555946 3
110.171402588994 42.9356306132456 3
112.332643037331 44.2203515314387 3
114.494251428739 45.501932230367 1
116.656101278443 46.7805496731141 1
118.818005173814 48.0564887742027 1
120.979716360521 49.3301270679682 1
29.8203376120395 50.6019187465731 1
31.9807396444252 51.8723746149311 1
34.1399641227141 53.1420390715954 1
36.2976436741473 54.4114683716246 1
38.4534214167109 55.6812101542078 5
40.6069837039365 56.9517826526854 5
42.7581019742815 58.2236548780654 5
44.9066740653704 59.4972271397647 5
47.0527480095941 60.7728084937778 5
49.1965099758722 62.0505890951132 2
51.3382318826578 63.3306141467639 2
53.4782005881887 64.6127776469504 2
55.6166667748152 65.8968531817457 2
57.7538359796774 67.1825564297314 2
59.8898904787801 68.4696067006732 2
62.0250147531487 69.7577530037743 2
64.1594110639239 71.0467570794897 2
66.293314477293 72.3363502400421 2
68.4270150496064 73.6261884238221 2
70.5608737550998 74.9158303610521 2
72.6953189763076 76.2047486995401 2
74.8308213054764 77.4923688464081 5
76.9678545823852 78.7781257296854 5
79.1068546925865 80.0615286229923 1
34.5878855583816 0.524210600612758 1
36.7318200577778 1.80201652387896 1
38.8785231370586 3.07694299599705 1
41.0280471827125 4.34916260759575 1
43.1803313316057 5.6189710394953 1
45.3352120129041 6.88674377523187 1
47.4924439534381 8.1529023412996 1
49.6517269356593 9.41789313567553 1
51.8127321014912 10.6821765298937 1
53.975122763368 11.946223016346 1
56.138568044376 13.2105135848888 1
58.3027510675223 14.4755411213719 1
60.4673736511299 15.7418108764143 1
62.6321595405952 17.0098385093498 1
64.7968583058225 18.2801423613321 1
66.9612506389729 19.5532255584547 1
69.1251538210684 20.8295462879684 1
71.2884247646905 22.1094759384861 1
73.450957584641 23.3932490969014 1
75.6126744814364 24.6809157975156 1
77.773513019423 25.9723109694354 5
79.9334175075501 27.2670545614329 5
82.0923430317096 28.5645876950111 5
84.2502761539453 29.8642389884788 4
86.407268620661 31.1653051119815 4
88.5634703131016 32.4671254274778 4
90.7191409765699 33.7691329937489 4
92.874624748948 35.0708712842265 4
95.0302881882297 36.3719731574341 4
97.1864440417647 37.6721107767587 0
99.3432929401962 38.9709408021546 0
101.500904399378 40.268080195174 0
103.659244908975 41.5631247485074 0
105.818234901896 42.8556970383548 3
107.977797702476 44.1455008456178 3
110.137874334077 45.4323570690965 3
112.298404236056 46.7162134410945 3
114.459292757217 47.9971385542092 3
116.620387719236 49.2753140027258 1
118.78147373221 50.5510288614019 1
120.942279761698 51.8246714864148 1
123.102491704732 53.0967130342221 1
31.9411638264573 54.3676825544435 5
34.0991383482333 55.6381389924836 5
36.2554544158927 56.9086451404664 5
38.4097823945532 58.1797421307391 5
40.5618607694046 59.4519253556948 5
42.7115384654756 60.7256228853855 5
44.858807852289 62.0011743794797 5
47.0038096047863 63.2788076239875 2
49.1467958320566 64.5586151407255 2
51.2880594616791 65.8405441622374 2
53.4278636606627 67.1244179913034 2
55.5664080263702 68.4099915980482 2
57.7038399198917 69.6970156101024 2
59.8402886473649 70.9852697128776 2
61.9758978818881 72.2745470706308 2
64.1108518338728 73.564605371848 2
66.2454036543696 74.8551134803825 2
68.3798956720622 76.1456228599987 2
70.5147576479628 77.4355785149808 2
72.6504810847915 78.7243632795608 5
74.7875766775079 80.0113616918453 5
30.266225326784 0.478018078292139 5
32.4074374833238 1.75994570958758 1
34.5512184618339 3.03890035104429 1
36.6977543238985 4.31484040228623 1
38.8471065916099 5.58789778972151 1
40.999218167983 6.8583391319218 1
43.1539290884526 8.12652113564695 1
45.3109999697024 9.3928529109501 1
47.4701387761383 10.6577704979791 1
49.6310259856229 11.9217228594812 1
51.7933343790405 13.185166347575 1
53.9567417724057 14.4485649066455 1
56.1209382119385 15.7123926889545 1
58.2856295868324 16.9771366027306 1
60.4505393102671 18.2432973418686 1
62.615409824683 19.5113869941756 1
64.7800055603601 20.7819192563498 1
66.9441176146198 22.0553884592734 1
69.1075690623847 23.3322361571582 1
71.2702188760602 24.6128058643198 1
73.4319620825935 25.8972915182747 1
75.592725044648 27.1856912780559 1
77.7524579416552 28.477781550708 1
79.9111299341212 29.7731234909754 5
82.0687338138967 31.0711056246162 5
84.2253047212329 32.3710147553501 4
86.3809491429632 33.6721186399627 4
88.5358697823836 34.9737407211713 4
90.6903664259508 36.2753100376387 4
92.8447997338932 37.576376403922 0
94.9995243195567 38.8765880351824 0
97.1548179890856 40.1756413055496 0
99.3108373592284 41.4732295331011 0
101.467616630187 42.7690244898604 0
103.625109617874 44.0626937908453 0
105.783246444754 45.3539395000063 3
107.941968945622 46.6425360362642 3
110.101228652998 47.9283517625724 3
112.26095858867 49.211356745618 3
114.421043530013 50.491627645868 3
116.581305570358 51.7693544089211 3
118.741506100471 53.0448431005612 3
120.901356679424 54.3185068495114 5
123.0605322492 55.5908429164323 5
125.21868487178 56.8624009865096 5
34.0548584783851 58.1337506574607 5
36.2099190768766 59.4054510302823 5
38.3629792995539 60.6780220769097 5
40.5138437559989 61.9519195916732 5
42.6624438353468 63.2275134130389 2
44.8088559121139 64.5050666472949 2
46.9532848021617 65.7847157702299 2
49.0960075216424 67.0664598074218 2
51.2372970205662 68.3501741545995 2
53.3773641168391 69.6356569828832 2
55.5163453093362 70.92269134467 2
57.6543312978478 72.2110857090603 2
59.7914107592518 73.5006647593699 2
61.9277109282844 74.7912181376175 2
64.0634354979321 76.0824388256275 2
66.1988922040304 77.3738846285656 2
68.3344955658679 78.6649838179449 2
70.4707425380324 79.9550812754917 5
25.9478673490401 0.42549729428688 5
28.0869905136447 1.71165061659292 5
30.2282635679385 2.99505673262406 1
32.3720320394749 4.27542120712697 1
34.5185117400274 5.55264559345974 1
36.6677827801463 6.82681464301881 1
38.8197983637565 8.09816062200088 1
40.9744048284984 9.36701840117464 1
43.1313683878652 10.6337844236244 1
45.2904034008923 11.8988866882947 1
47.4511976451243 13.1627667502224 1
49.6134317235185 14.4258714254184 1
51.7767912772468 15.6886515898249 1
53.9409733240345 16.9515649218002 1
56.105688879922 18.21507963846 1
58.2706634399368 19.4796775765014 1
60.4356367182253 20.745855191999 1
62.6003631855883 22.0141201372457 1
64.7646147302253 23.2849791378604 1
66.9281856131044 24.5589141342361 1
69.0908989947218 25.8363457129267 1
71.2526134652326 27.1175852762178 1
73.4132273434678 28.4027827465916 1
75.5726790021947 29.6918822560492 1
77.7309436158362 30.9846007461493 1
79.8880300588507 32.2804408364217 3
82.0439842254588 33.5787399792101 3
84.1989031796258 34.878746404726 3
86.3529565420864 36.1797042203978 4
88.5064008815566 37.4809281053015 0
90.6595685521143 38.7818516154179 0
92.8128223163886 40.0820400680599 0
94.9664885469572 41.3811663613609 0
97.1207987722957 42.6789614474401 0
99.2758637384015 43.9751680067926 0
101.43169032033 45.2695236657951 0
103.588230966546 46.5617706509758 0
105.745431995439 47.8516796908709 0
107.903251684419 49.1390735613874 3
110.061644240981 50.4238454846753 3
112.220529514618 51.7059771123795 3
114.379770781704 52.9855586275342 3
116.539168975321 54.2628046084057 3
118.698469235751 55.5380555554888 5
120.857372828892 56.8117607000646 5
123.015550761812 58.0844464660426 5
125.172659346556 59.3566792677141 5
127.328361667225 60.6290292231091 5
36.161755441093 61.9020369953754 2
38.3138138237166 63.176184608822 2
40.4638110114979 64.451871246822 2
42.6117528025598 65.7293930382221 2
44.7577755115122 67.0089259329544 2
46.9021112633538 68.2905159834736 2
49.0450224550889 69.5740887035858 2
51.1867320419505 70.8594870238121 2
53.3273850632802 72.1465283878298 2
55.4670572992492 73.435049429346 2
57.6057975997678 74.7249057409669 2
59.7436797495929 76.0159233404377 2
61.8808512714103 77.3078311286375 2
64.0175713311253 78.6002107511579 2
66.1542218755841 79.8924913186418 2
21.630987168042 0.365980421749093 2
23.7690122183782 1.65598433377933 5
25.9085418774648 2.94382203658527 5
28.0500657675773 4.22894738810348 1
30.1939699393228 5.5109918323127 1
32.3405064329234 6.78978856835098 1
34.4897829624432 8.06536502319272 1
36.6417713317791 9.337910771828 1
38.7963297755717 10.6077332659625 1
40.9532326485289 11.8752139843271 1
43.1122009467985 13.1407737385788 1
45.2729287562365 14.4048499586915 1
47.4351030735223 15.667884678071 1
49.5984161179977 16.93032081145 1
51.762571207379 18.192603950662 1
53.9272846039263 19.4551863925508 1
56.0922850450849 20.7185314088389 1
58.2573122453829 21.9831164400396 1
60.4221155741021 23.2494336641223 1
62.5864543739326 24.5179851520632 1
64.7501011400278 25.7892683350257 1
66.9128478619299 27.063749436672 1
69.0745151772175 28.3418240734022 1
71.2349629120586 29.6237673092761 1
73.3940993596079 30.9096810365803 1
75.5518864791015 32.1994519121623 1
77.7083397596236 33.4927349739948 1
79.8635247123728 34.7889737196467 3
82.0175558536614 36.0874566631742 3
84.1706032200214 37.3873985819617 3
86.3229032935169 38.6880276152208 0
88.4747607877034 39.9886591024572 0
90.6265257260885 41.2887414593537 0
92.7785432224265 42.5878661981065 0
94.9310945054489 43.8857417752217 0
97.0843572117861 45.1821450058019 0
99.2383999483568 46.4768782081897 0
101.393213146305 47.7697471208127 0
103.548757446813 49.0605572875676 0
105.704997546967 50.3491249280071 0
107.861902860517 51.6352976546509 0
110.019423551846 52.9189829581743 0
112.177464370743 54.2001813844874 3
114.335870906012 55.4790159546907 3
116.494429449668 56.7557461826426 4
118.65287522907 58.0307599585827 4
120.810904617696 59.3045460298721 5
122.968190166816 60.5776558078235 2
125.124400716762 61.8506624032347 2
127.279227979512 63.1241221000754 2
129.432417501245 64.3985407511247 2
38.2631984010094 65.674345873391 2
40.4127144903989 66.9518649117581 2
42.5604248987114 68.2313091519889 2
44.706494392636 69.5127653054665 2
46.8511464483339 70.7962027740548 2
48.9945991611456 72.0815056261118 2
51.1370106163714 73.3685248113065 2
53.2784621620487 74.6571245409536 2
55.4189853539291 75.9471903402192 2
57.5586149552043 77.2385871421046 2
59.6974454129326 78.5310901198272 2
61.8356794292555 79.8243235751918 2
17.3133503665072 0.299728974945064 2
19.4515137727465 1.59264384607029 2
21.5904032499603 2.88430366026552 5
23.7305756013117 4.17397629998446 5
25.872548253778 5.46103478760354 5
28.0167446641251 6.74502222628871 1
30.1634561786812 8.02568677112563 1
32.3128254393157 9.30298310103269 1
34.4648514518095 10.5770455430545 1
36.6194116794064 11.8481449266782 1
38.7762934582773 13.1166425350403 1
40.9352267538726 14.382950671934 1
43.0959124377693 15.6475045400568 1
45.2580432644849 16.9107455586802 1
47.4213169472552 18.1731140822088 1
49.5854421499177 19.4350491600977 1
51.750139889343 20.6969919984397 1
53.9151423945463 21.9593905918617 1
56.0801907387653 23.2227041723426 1
58.2450323005495 24.4874062388171 1
60.4094191748253 25.7539844318996 1
62.5731090947211 27.0229339456899 1
64.7358700994064 28.2947405373026 1
66.8974894681872 29.5698512501362 1
69.0577867377751 30.8486322825955 1
71.2166291047458 32.131317203115 1
73.3739460859142 33.4179543591601 1
75.5297389523524 34.7083678635173 1
77.6840812880658 36.0021477914012 1
79.8371118942531 37.2986789079386 3
81.9890263865668 38.5972052118755 3
84.1400732428271 39.8969159675621 0
86.2905518054375 41.1970336108197 0
88.4408006437455 42.4968855781369 0
90.5911657700403 43.7959470512939 0
92.7419529127701 45.0938477155302 0
94.8933848290563 46.3903430014237 0
97.0455839585627 47.6852649397014 0
99.1985853854017 48.9784773971455 0
101.352374704252 50.269842259878 0
103.506928034614 51.5592041127124 0
105.662227752114 52.8464003393546 0
107.818249360887 54.1312932034425 0
109.974936547559 55.413813409618 0
112.132181704399 56.6940019815357 4
114.28981821902 57.9720370728605 4
116.447622678058 59.2482371706079 4
118.605323626577 60.5230411646191 4
120.762615256093 61.7969728929924 2
122.919176750758 63.0705987630815 2
125.074697335494 64.3444849369436 2
127.228904961234 65.6191584601226 2
129.381594970679 66.8950746870933 2
131.532653721656 68.1725920890846 2
40.3614698519469 69.4519549678402 2
42.5093359293706 70.7332853145378 2
44.6558127837848 72.0165888028874 2
46.8010880159784 73.301782579361 2
48.9453202125154 74.58874418038 2
51.0886037267544 75.8773606480862 2
53.2309730965974 77.1675444989846 2
55.3724448871346 78.4591996424755 2
57.5130742553091 79.7521543149794 2
12.9927091975289 0.228080813387282 2
15.1322283782694 1.52250499672423 2
17.2717381405157 2.81675271126917 2
19.411743409529 4.11005816357839 5
21.5527934201854 5.4016392321923 5
23.6954190465211 6.69078818870643 5
25.8400734006137 7.97694863800599 1
27.9870863098489 9.25976525709207 1
30.1366400552952 10.5390991899129 1
32.2887686173123 11.8150108646197 1
34.4433768209157 13.0877203896846 1
36.6002715279627 14.3575595833657 1
38.7591959005814 15.6249277294156 1
40.9198596825416 16.8902574561677 1
43.0819618881838 18.1539923738638 1
45.2452052055428 19.4165751940685 1
47.4093027598465 20.678444285504 1
49.5739795403926 21.9400356539983 1
51.7389709395289 23.2017872131824 1
53.904019840156 24.4641437003621 1
56.0688732738998 25.7275610977305 1
58.2332795939143 26.9925092939577 1
60.3969874289292 28.2594709575723 1
62.5597481595605 29.5289328609112 1
64.7213231627703 30.8013662955343 1
66.8814964707008 32.077194909822 1
69.0400925765405 33.3567498283624 1
71.1969975811727 34.6402161354195 1
73.3521786946611 35.9275812849149 1
75.5056952222291 37.218601109128 1
77.6576963576222 38.512798653854 3
79.808407239123 39.8095027926537 3
81.958110460468 41.1079205175674 3
84.1071295030116 42.4072263481808 0
86.2558127464001 43.7066495281085 0
88.4045100783639 45.0055429569972 0
90.5535382183296 46.3034222560107 0
92.7031444468198 47.599968015604 0
94.8534866456932 48.8949919211787 0
97.0046375609075 50.1883834832853 0
99.1566111997511 51.4800562040507 0
101.309400983128 52.7699024611036 0
103.463004377303 54.0577801006327 0
105.617420114219 55.3435373395743 0
107.77262788883 56.6270609228143 0
109.928566591537 57.9083275443838 0
112.085120108028 59.1874420509458 4
114.242112364619 60.4646524560953 4
116.399310676916 61.7403401008734 4
118.556436594204 63.0149904591974 4
120.713184026637 64.2891527459087 2
122.869243421792 65.563395580228 2
125.024329435361 66.8382639398084 2
127.17820843878 68.114241119419 2
129.330721413418 69.3917183526384 2
131.481797701655 70.670973796076 2
133.63145589022 71.9521626112609 2
42.4591876734013 73.2353213644131 2
44.6063329040387 74.520392262999 2
46.7524278589638 75.8072688234113 2
48.8975717869137 77.0958488452843 2
51.0418109303217 78.3860622961618 2
53.1851617375702 79.6778472775752 2
8.66735887359752 0.153074544045825 2
10.8091115255855 1.4475222290511 2
12.9503419569122 2.74275465210746 2
15.0914009172161 4.03816397424593 2
17.2327467130357 5.33300350575592 2
19.3749001520443 6.62646596346008 5
21.5183862511296 7.91777514585402 5
23.6636741277446 9.20627293800118 5
25.8111260237654 10.4914857898287 1
27.9609648681079 11.773158923529 1
30.1132654683734 13.0512546828365 1
32.2679679610059 14.3259214827815 1
34.4249064113783 15.5974467088513 1
36.5838431106871 16.8662077113761 1
38.7445004440681 18.1326308436704 1
40.9065855676342 19.3971624124914 1
43.0698065428764 20.6602510913564 1
45.2338804642208 21.922340022627 1
47.3985355198607 23.183866162293 1
49.5635096266642 24.4452634661175 1
51.7285473090192 25.7069676234778 1
53.8933959007557 26.9694210779593 1
56.0578019463061 28.2330772719119 1
58.2215088102935 29.4984027165328 1
60.3842571107626 30.765874377264 1
62.5457898244782 32.0359685230117 1
64.7058631760543 33.3091383042005 1
66.8642641395225 34.5857783628829 1
69.0208342588111 35.8661769898072 1
71.1754959591049 37.1504617437589 1
73.3282741504783 38.4385508422856 1
75.479304957251 39.7301267207305 1
77.6288269272663 41.0246455657003 3
79.7771572959312 42.321386274989 3
81.9246616127348 43.6195292657171 3
84.0717239026562 44.9182475077437 0
86.2187179711917 46.21679195066 0
88.365977020757 47.5145570268634 0
90.5137644016333 48.8111144414255 0
92.6622570282881 50.1062069512224 0
94.8115501661258 51.3997047993726 0
96.9616794388417 52.6915442548317 0
99.1126556317032 53.9816621887381 0
101.264493860793 55.2699534150017 0
103.417217311661 56.5562774311111 0
105.570841068906 57.8405028454593 0
107.725349945384 59.1225636922756 0
109.880679690581 60.4025062202031 4
112.036705401693 61.680514231635 4
114.193238598933 62.9569098989153 4
116.350033811739 64.2321333126297 4
118.506804340685 65.5067073504056 2
120.663245331966 66.781194817913 2
122.819061071615 68.0561535733313 2
124.973992537305 69.3320940979294 2
127.127840803252 70.609443197952 2
129.280482207649 71.8885170787342 2
131.431872514519 73.169506797698 2
133.582038979115 74.4524793624949 2
135.731060361199 75.7373983167738 2
44.5584351878882 77.0241654565672 2
46.7054540584522 78.3126751966194 2
48.8515679973365 79.6028561158005 2
4.33649987949402 0.0766541797888561 2
6.48088221213356 1.37002141214156 2
8.62449967441144 2.6647739715201 2
10.7675336248566 3.96057727745033 2
12.9102815684808 5.25690771188588 2
15.053147116548 6.55307427589322 2
17.1966054582737 7.84828005575986 5
19.3411542706987 9.14170702913931 5
21.4872589526851 10.4326074510889 5
23.6353009778625 11.7203852157914 1
25.78553906989 13.0046515426956 1
27.9380911477634 14.2852448508562 1
30.0929392422664 15.5622150268374 1
32.2499526107171 16.8357825109942 1
34.4089199810734 18.1062872955108 1
36.5695818871418 19.3741410013071 1
38.7316571046365 20.639789665582 1
40.894860720313 21.9036891812569 1
43.0589140736166 23.1662916953712 1
45.2235481385204 24.4280408719314 1
47.3885027121496 25.689373043697 1
49.5535234340757 26.9507211263291 1
51.7183578613704 28.2125196049272 1
53.8827514885329 29.4752095302856 1
56.0464445812672 30.7392424305627 1
58.2091710846362 32.0050814419718 1
60.3706616158639 33.2731965607779 1
62.530652245836 34.5440505986773 1
64.6889004008839 35.818073408405 1
66.8452085809834 37.0956227839751 1
68.9994536364833 38.3769341762446 1
71.1516156667585 39.6620670901557 1
73.3017977020565 40.9508621224679 1
75.4502277079256 42.2429248515297 3
77.5972396426024 43.5376475338178 3
79.7432380634721 44.8342678994709 3
81.8886556582534 46.1319528697692 0
84.0339116393525 47.4298900326655 0
86.1793745150233 48.7273707962459 0
88.3253322848294 50.023850798046 0
90.4719775914201 51.3189734355979 0
92.619415816103 52.6125480421793 0
94.7676918531441 53.9044930085364 0
96.9168263022259 55.1947651296661 0
99.0668491791322 56.4832941384994 0
101.217808791012 57.7699634040633 0
103.369757291772 59.0546422987318 0
105.522726830946 60.3372419281817 0
107.676706508688 61.6177670142284 0
109.831625084054 62.8963487926013 4
111.987342204937 64.1732548136101 4
114.143650069761 65.4488777518085 4
116.300285899841 66.7237078206237 4
118.456953367071 67.9982943144411 2
120.613349438353 69.2732016582565 2
122.769192338242 70.5489647203598 2
124.924246249514 71.8260476085178 2
127.07833887461 73.1048101053345 2
129.231369241961 74.3854861323972 2
131.383304875592 75.6681787899966 2
133.534168704419 76.9528759083098 2
135.684017151929 78.2394870576689 2
137.832912974497 79.527896166904 2
