x  	  y  	  stackinginfo
      0.0000000000	      0.0000000000	0
      2.1972913490	      1.2049392081	0
      4.3941644763	      2.4104902520	0
      6.5902283343	      3.6173197253	0
      8.7851628129	      4.8260446959	0
     10.9787340419	      6.0371778871	3
     13.1707921811	      7.2510838160	3
     15.3612663436	      8.4679535005	3
     17.5501602588	      9.6878020629	1
     19.7375442646	     10.9104904550	1
     21.9235412089	     12.1357652751	1
     24.1083085702	     13.3633047230	1
     26.2920210831	     14.5927592108	1
     28.4748571423	     15.8237803929	1
     30.6569901904	     17.0560378634	1
     32.8385846841	     18.2892258772	1
     35.0197955052	     19.5230632294	1
     37.2007696156	     20.7572890336	1
     39.3816489562	     21.9916564378	1
     41.5625738392	     23.2259256912	1
     43.7436862345	     24.4598576263	1
     45.9251323863	     25.6932084644	1
     48.1070640328	     26.9257271156	1
     50.2896373040	     28.1571564671	1
     52.4730083586	     29.3872402099	1
     54.6573253104	     30.6157359708	1
     56.8427158631	     31.8424351982	1
     59.0292694063	     33.0671916693	1
     61.2170158246	     34.2899555300	1
     63.4059055997	     35.5108041925	1
     65.5957964532	     36.7299607908	1
     67.7864517177	     37.9477927686	1
     69.9775539715	     39.1647879611	5
     72.1687341026	     40.3815112184	5
     74.3596113592	     41.5985488309	2
     76.5498359266	     42.8164499178	2
     78.7391244924	     44.0356741452	2
     80.9272819285	     45.2565541502	2
     83.1142070099	     46.4792784285	2
     85.2998844544	     47.7038958702	2
     87.4843680504	     48.9303377875	2
     89.6677602114	     50.1584494690	2
     91.8501928787	     51.3880222564	2
     94.0318132402	     52.6188185924	2
     96.2127737585	     53.8505893035	2
     98.3932258002	     55.0830849680	2
    100.5733167898	     56.3160613297	2
    102.7531902511	     57.5492797234	2
    104.9329878186	     58.7825040568	2
    107.1128524604	     60.0154957175	2
    109.2929323575	     61.2480074670	2
    111.4733849053	     62.4797772865	2
    113.6543801468	     63.7105233183	2
    115.8361027054	     64.9399414702	2
    118.0187508977	     66.1677077700	2
    120.2025314355	     67.3934881567	2
    122.3876482737	     68.6169584108	2
    124.5742852591	     69.8378355611	4
    126.7625845239	     71.0559185277	4
    128.9526251065	     72.2711305641	4
    131.1444067232	     73.4835523507	0
    133.3378404192	     74.6934361063	0
    135.5327436636	     75.9011971729	0
    137.7288390340	     77.1073842886	3
     46.6051629463	     78.3126318719	0
     48.8025029744	     79.5176070421	0
     50.9998297430	     80.7229813769	3
      6.5364343304	      1.1114168387	0
      8.7325623185	      2.3195818174	0
     10.9276326221	      3.5300279681	0
     13.1214427783	      4.7431863485	3
     15.3138625725	      5.9593203500	3
     17.5048303083	      7.1785115419	1
     19.6943497933	      8.4006712629	1
     21.8824831299	      9.6255753748	1
     24.0693380719	     10.8529112422	1
     26.2550526228	     12.0823234935	1
     28.4397805385	     13.3134493410	1
     30.6236802096	     14.5459406307	1
     32.8069077258	     15.7794743114	1
     34.9896137301	     17.0137545755	1
     37.1719430886	     18.2485097236	1
     39.3540363763	     19.4834861701	1
     41.5360323465	     20.7184412826	1
     43.7180707372	     21.9531362449	1
     45.9002948544	     23.1873298889	1
     48.0828533452	     24.4207744780	1
     50.2659002686	     25.6532147489	1
     52.4495924137	     26.8843917655	1
     54.6340830454	     28.1140528560	1
     56.8195117943	     29.3419680028	1
     59.0059894507	     30.5679540307	1
     61.1935777646	     31.7919070069	1
     63.3822682299	     33.0138361038	1
     65.5719647749	     34.2338895612	1
     67.7624757491	     35.4523639749	1
     69.9535198138	     36.6696915798	5
     72.1447477818	     37.8864058118	5
     74.3357782929	     39.1030906083	5
     76.5262405684	     40.3203219297	2
     78.7158146973	     41.5386109502	2
     80.9042608009	     42.7583580163	2
     83.0914325211	     43.9798247786	2
     85.2772751772	     45.2031282211	2
     87.4618124477	     46.4282550120	2
     89.6451268751	     47.6550896565	2
     91.8273394157	     48.8834475630	2
     94.0085926253	     50.1131041788	2
     96.1890387135	     51.3438157328	2
     98.3688313641	     52.5753335640	2
    100.5481212248	     53.8074124233	2
    102.7270546755	     55.0398132081	2
    104.9057750915	     56.2723015966	2
    107.0844257817	     57.5046441193	2
    109.2631539518	     58.7366028466	2
    111.4421151767	     59.9679296710	2
    113.6214778245	     61.1983611897	2
    115.8014266800	     62.4276154586	2
    117.9821646538	     63.6553922888	2
    120.1639110619	     64.8813792238	2
    122.3468946040	     66.1052655654	2
    124.5313395050	     67.3267662844	2
    126.7174448042	     68.5456555877	4
    128.9053595110	     69.7618061361	4
    131.0951589135	     70.9752257634	4
    133.2868271763	     72.1860820316	0
    135.4802477559	     73.3947077405	3
     44.3545987122	     74.6015850043	0
     46.5507642143	     75.8073084116	0
     48.7477482925	     77.0125343156	0
     50.9451224632	     78.2179386541	0
     53.1424661144	     79.4242005537	0
     55.3393975911	     80.6319824776	3
     10.8752975894	      1.0238737267	0
     13.0705207434	      2.2363845122	3
     15.2645877530	      3.4518331931	3
     17.4573828592	      4.6703682629	3
     19.6488511879	      5.8919579898	1
     21.8389960938	      7.1164179858	1
     24.0278720072	      8.3434562642	1
     26.2155728714	      9.5727217771	1
     28.4022188940	     10.8038447739	1
     30.5879445518	     12.0364639717	1
     32.7728897732	     13.2702413254	1
     34.9571946354	     14.5048671450	1
     37.1409970484	     15.7400586478	1
     39.3244326400	     16.9755546955	1
     41.5076360780	     18.2111087345	1
     43.6907431661	     19.4464813170	1
     45.8738930994	     20.6814332170	1
     48.0572303030	     21.9157200337	1
     50.2409051851	     23.1490893602	1
     52.4250728709	     24.3812819723	1
     54.6098888147	     25.6120385670	1
     56.7955006314	     26.8411129484	1
     58.9820356180	     28.0682921582	1
     61.1695825868	     29.2934254276	1
     63.3581703097	     30.5164588927	1
     65.5477474206	     31.7374671339	1
     67.7381689696	     32.9566720784	1
     69.9291948986	     34.1744417109	1
     72.1205040553	     35.3912659391	5
     74.3117238730	     36.6077127635	5
     76.5024711327	     37.8243721002	2
     78.6923951301	     39.0417964843	2
     80.8812135145	     40.2604481563	2
     83.0687338601	     41.4806611263	2
     85.2548589596	     42.7026241617	2
     87.4395782849	     43.9263858826	2
     89.6229505393	     45.1518775413	2
     91.8050827747	     46.3789452012	2
     93.9861112391	     47.6073820476	2
     96.1661870978	     48.8369531879	2
     98.3454663265	     50.0674129808	2
    100.5241033618	     51.2985163256	2
    102.7022484092	     52.5300239856	2
    104.8800477136	     53.7617031979	2
    107.0576459077	     54.9933251045	2
    109.2351897297	     56.2246603685	2
    111.4128325883	     57.4554740261	2
    113.5907394856	     58.6855205505	2
    115.7690916890	     59.9145401821	2
    117.9480902478	     61.1422578168	2
    120.1279570340	     62.3683860851	2
    122.3089315982	     63.5926345062	2
    124.4912619738	     64.8147265139	2
    126.6751879435	     66.0344251126	4
    128.8609170506	     67.2515658166	4
    131.0485968750	     68.4660922824	4
    133.2382895679	     69.6780872393	3
     42.1093525283	     70.8877907547	0
     44.3028362840	     72.0955998861	0
     46.4978772695	     73.3020465843	0
     48.6941195877	     74.5077564085	0
     50.8911477723	     75.7134021210	0
     53.0885323110	     76.9196707591	0
     55.2858695043	     78.1272391174	0
     57.4828084508	     79.3367373878	0
     59.6790644577	     80.5486999793	3
     15.2141181535	      0.9455061967	3
     17.4084124510	      2.1633935405	3
     19.6015450284	      3.3843794953	3
     21.7934693431	      4.6083274290	1
     23.9841904172	      5.8349760936	1
     26.1737572310	      7.0639887322	1
     28.3622520143	      8.2949968421	1
     30.5497790220	      9.5276317317	1
     32.7364551697	     10.7615437988	1
     34.9224034549	     11.9964110993	1
     37.1077491152	     13.2319401033	1
     39.2926180553	     14.4678616322	1
     41.4771369577	     15.7039242836	1
     43.6614345048	     16.9398869275	1
     45.8456431632	     18.1755113650	1
     48.0299009462	     19.4105560513	1
     50.2143525045	     20.6447718195	1
     52.3991487170	     21.8779008251	1
     54.5844438434	     23.1096802452	1
     56.7703893022	     24.3398521807	1
     58.9571235383	     25.5681803276	1
     61.1447567283	     26.7944746180	1
     63.3333501121	     28.0186244423	1
     65.5228941386	     29.2406337114	1
     67.7132907189	     30.4606478406	1
     69.9043449197	     31.6789635732	1
     72.0957709027	     32.8960161466	5
     74.2872142938	     34.1123441775	5
     76.4782888098	     35.3285379534	5
     78.6686201264	     36.5451798044	2
     80.8578870731	     37.7627861734	2
     83.0458512067	     38.9817607461	2
     85.2323701329	     40.2023663587	2
     87.4173950491	     41.4247195726	2
     89.6009565879	     42.6488061176	2
     91.7831445037	     43.8745102085	2
     93.9640867639	     45.1016485100	2
     96.1439326580	     46.3299991860	2
     98.3228405394	     47.5593225245	2
    100.5009695003	     48.7893753018	2
    102.6784750189	     50.0199189946	2
    104.8555079706	     51.2507226080	2
    107.0322161171	     52.4815616212	2
    109.2087473038	     53.7122146248	2
    111.3852537950	     54.9424588451	2
    113.5618972751	     56.1720655272	2
    115.7388540130	     57.4007961061	2
    117.9163194900	     58.6284001654	2
    120.0945114294	     59.8546163936	2
    122.2736696950	     61.0791779823	2
    124.4540511813	     62.3018239769	2
    126.6359180332	     63.5223176016	5
    128.8195181950	     64.7404716250	4
    131.0050586459	     65.9561791389	3
     39.8720739791	     67.1694456888	3
     42.0618060962	     68.3804163423	3
     44.2535782509	     69.5893901634	0
     46.4471965632	     70.7968150796	0
     48.6423581000	     72.0032610054	0
     50.8386772922	     73.2093780444	0
     53.0357276464	     74.4158542644	0
     55.2330875437	     75.6233801440	0
     57.4303764226	     76.8326116916	0
     59.6272748731	     78.0441251283	4
     61.8235292284	     79.2583679580	4
     64.0189468866	     80.4756193146	3
     19.5530902488	      0.8779605420	3
     21.7464761365	      2.1013325203	5
     23.9387689569	      3.3275018515	1
     26.1299781565	      4.5561552912	1
     28.3201494453	      5.7869338188	1
     30.5093551966	      7.0194676862	1
     32.6976856175	      8.2533999882	1
     34.8852419026	      9.4883989071	1
     37.0721316307	     10.7241610957	1
     39.2584662116	     11.9604092497	1
     41.4443600100	     13.1968864006	1
     43.6299307238	     14.4333487170	1
     45.8153005829	     15.6695580141	1
     48.0005978865	     16.9052748748	1
     50.1859582902	     18.1402532617	1
     52.3715251286	     19.3742376600	1
     54.5574477829	     20.6069641506	1
     56.7438770455	     21.8381670344	1
     58.9309569240	     23.0675921820	1
     61.1188122999	     24.2950176602	1
     63.3075306418	     25.5202833750	1
     65.4971397117	     26.7433272297	1
     67.6875865727	     27.9642183639	1
     69.8787235004	     29.1831772011	1
     72.0703060180	     30.4005744316	1
     74.2620070095	     31.6169062368	5
     76.4534471997	     32.8327491887	5
     78.6442372750	     34.0487025264	2
     80.8340225387	     35.2653272898	2
     83.0225198591	     36.4830920676	2
     85.2095396372	     37.7023343344	2
     87.3949907596	     38.9232436716	2
     89.5788711760	     40.1458680113	2
     91.7612493236	     41.3701379719	2
     93.9422422972	     42.5959006136	2
     96.1219963302	     43.8229521829	2
     98.3006721350	     45.0510625685	2
    100.4784344464	     46.2799928677	2
    102.6554457130	     47.5095067195	2
    104.8318635580	     48.7393755227	2
    107.0078411587	     49.9693790591	2
    109.1835297003	     51.1993032655	2
    111.3590822378	     52.4289364939	2
    113.5346584629	     53.6580652908	2
    115.7104299220	     54.8864705680	2
    117.8865851400	     56.1139249687	2
    120.0633338529	     57.3401923112	2
    122.2409091401	     58.5650301476	2
    124.4195657896	     59.7881966228	5
    126.5995729637	     61.0094627666	5
    128.7811997198	     62.2286308497	5
     37.6440916831	     63.4455584553	3
     39.8296482113	     64.6601874105	3
     42.0173820284	     65.8725742326	3
     44.2072991513	     67.0829156456	3
     46.3992830619	     68.2915600735	3
     48.5930959285	     69.4989982350	0
     50.7883971229	     70.7058327385	0
     52.9847786417	     71.9127353954	0
     55.1818110490	     73.1204030536	0
     57.3790876776	     74.3295144028	4
     59.5762553006	     75.5406840241	4
     61.7730267994	     76.7544130290	4
     63.9691799160	     77.9710448863	4
     66.1645507050	     79.1907395187	4
     68.3590278643	     80.4134751307	5
     23.8922474468	      0.8210658740	5
     26.0847903622	      2.0492538768	5
     28.2763718195	      3.2796861409	1
     30.4670358471	      4.5119985965	1
     32.6568467444	      5.7458318535	1
     34.8458826547	      6.9808471925	1
     37.0342309401	      8.2167329000	1
     39.2219852715	      9.4532038642	1
     41.4092442014	     10.6899971002	1
     43.5961109396	     11.9268651747	1
     45.7826940312	     13.1635688620	1
     47.9691085876	     14.3998699681	1
     50.1554776229	     15.6355251406	1
     52.3419328631	     16.8702816111	1
     54.5286142326	     18.1038760721	1
     56.7156669408	     19.3360382626	1
     58.9032350036	     20.5665009505	1
     61.0914509313	     21.7950170908	1
     63.2804207287	     23.0213850437	1
     65.4702029789	     24.2454830178	1
     67.6607860265	     25.4673062628	1
     69.8520691366	     26.6869960088	1
     72.0438533844	     27.9048501771	1
     74.2358470709	     29.1213102217	5
     76.4276883332	     30.3369246913	5
     78.6189829218	     31.5522956952	5
     80.8093498386	     32.7680173486	2
     82.9984643081	     33.9846160713	2
     85.1860885229	     35.2025024433	2
     87.3720852275	     36.4219428056	2
     89.5564146475	     37.6430547031	2
     91.7391191058	     38.8658239836	2
     93.9203013242	     40.0901362076	2
     96.1001026588	     41.3158118184	2
     98.2786858038	     42.5426349101	2
    100.4562219801	     43.7703741938	2
    102.6328823179	     44.9987975171	2
    104.8088334251	     46.2276796897	2
    106.9842363878	     47.4568049840	2
    109.1592482673	     48.6859661669	2
    111.3340253056	     49.9149615587	2
    113.5087272535	     51.1435912568	2
    115.6835223589	     52.3716534029	2
    117.8585925591	     53.5989411858	2
    120.0341382797	     54.8252412294	2
    122.2103819508	     56.0503340884	5
    124.3875689338	     57.2739977083	5
    126.5659641277	     58.4960148417	5
     35.4252408609	     59.7161854249	5
     37.6068699531	     60.9343445658	5
     39.7904867795	     62.1503859059	3
     41.9762668035	     63.3642904292	3
     44.1642921962	     64.5761574060	3
     46.3545273670	     65.7862290726	3
     48.5468090989	     66.9948991438	3
     50.7408550817	     68.2026984816	3
     52.9362912884	     69.4102598299	0
     55.1326944326	     70.6182709889	0
     57.3296398419	     71.8274251229	4
     59.5267422787	     73.0383705758	4
     61.7236800887	     74.2516592611	4
     63.9202014248	     75.4676985845	4
     66.1161192415	     76.6867183045	4
     68.3113031182	     77.9087633174	5
     70.5056717762	     79.1337149786	5
     72.6991859482	     80.3613328326	5
     28.2315407141	      0.7732896669	5
     30.4233606988	      2.0052574123	5
     32.6143888570	      3.2388679648	1
     34.8046831810	      4.4737792688	1
     36.9943117978	      5.7096732375	1
     39.1833502126	      6.9462577154	1
     41.3718798034	      8.1832635767	1
     43.5599873489	      9.4204390809	1
     45.7477653905	     10.6575429551	1
     47.9353132066	     11.8943372070	1
     50.1227380989	     13.1305804608	1
     52.3101565319	     14.3660226425	1
     54.4976944338	     15.6004021066	1
     56.6854857593	     16.8334466233	1
     58.8736681958	     18.0648799596	1
     61.0623749076	     19.2944356432	1
     63.2517219999	     20.5218783728	1
     65.4417904861	     21.7470344519	1
     67.6326035763	     22.9698299203	1
     69.8241046088	     24.1903264058	1
     72.0161417517	     25.4087429688	1
     74.2084651095	     26.6254553014	1
     76.4007402678	     27.8409698145	5
     78.5925792126	     29.0558765844	5
     80.7835839711	     30.2707894643	2
     82.9733933943	     31.4862831682	2
     85.1617220520	     32.7028373146	2
     87.3483833191	     33.9207968419	2
     89.5332943477	     35.1403555150	2
     91.7164656451	     36.3615635344	2
     93.8979808989	     37.5843541566	2
     96.0779737946	     38.8085794866	2
     98.2566079528	     40.0340435579	2
    100.4340614628	     41.2605269163	2
    102.6105156055	     42.4878043122	2
    104.7861481177	     43.7156553812	2
    106.9611304773	     44.9438692626	2
    109.1356282076	     46.1722450580	2
    111.3098032669	     47.4005897782	2
    113.4838178065	     48.6287150683	2
    115.6578387767	     49.8564336485	2
    117.8320429451	     51.0835561161	2
    120.0066218557	     52.3098886176	5
    122.1817860788	     53.5352318875	5
    124.3577677940	     54.7593822449	5
     33.2142188229	     55.9821353245	5
     35.3926114166	     57.2032935585	5
     37.5726173354	     58.4226786238	1
     39.7544946280	     59.6401497981	1
     41.9384603780	     60.8556283201	1
     44.1246588749	     62.0691280907	1
     46.3131303479	     63.2807879580	3
     48.5037899925	     64.4908953948	3
     50.6964244061	     65.6998901238	3
     52.8907083560	     66.9083423839	3
     55.0862403347	     68.1169104504	4
     57.2825900196	     69.3262876817	4
     59.4793458281	     70.5371474231	4
     61.6761508826	     71.7500875551	4
     63.8727205164	     72.9655779887	4
     66.0688431778	     74.1839205104	2
     68.2643722000	     75.4052322327	2
     70.4592150306	     76.6294580069	2
     72.6533228708	     77.8564064560	5
     74.8466814289	     79.0857958205	5
     77.0393028708	     80.3172950054	5
     32.5709177273	      0.7325447277	5
     34.7621716415	      1.9672270278	5
     36.9528174695	      3.2030084861	1
     39.1429154888	      4.4395912488	1
     41.3325314856	      5.6767003967	1
     43.5217363668	      6.9140795163	1
     45.7106064612	      8.1514844712	1
     47.8992243708	      9.3886764668	1
     50.0876801964	     10.6254152086	1
     52.2760728473	     11.8614529019	1
     54.4645109441	     13.0965300204	1
     56.6531125342	     14.3303741434	1
     58.8420026172	     15.5627035399	1
     61.0313073869	     16.7932373190	1
     63.2211443043	     18.0217133964	1
     65.4116072643	     19.2479147205	1
     67.6027456301	     20.4717050597	1
     69.7945408487	     21.6930688587	1
     71.9868865416	     22.9121428190	1
     74.1795781474	     24.1292277294	1
     76.3723172678	     25.3447745309	5
     78.5647336649	     26.5593459609	5
     80.7564236758	     27.7735607296	5
     82.9469977106	     28.9880298127	2
     85.1361256169	     30.2032948647	2
     87.3235694424	     31.4197786783	2
     89.5091979789	     32.6377563372	2
     91.6929833289	     33.8573513251	2
     93.8749841230	     35.0785546986	2
     96.0553222251	     36.3012592357	2
     98.2341600296	     37.5252959259	2
    100.4116820384	     38.7504624064	2
    102.5880805991	     39.9765437781	2
    104.7635463948	     41.2033263552	2
    106.9382635853	     42.4306046933	2
    109.1124086227	     43.6581837073	2
    111.2861516467	     44.8858776563	2
    113.4596595746	     46.1135074680	2
    115.6331002514	     47.3408974450	2
    117.8066471876	     48.5678720098	5
    119.9804844655	     49.7942529242	5
    122.1548113169	     51.0198573375	5
     31.0092441686	     52.2444970640	5
     33.1852241970	     53.4679796631	5
     35.3624062887	     54.6901122086	1
     37.5410578292	     55.9107090708	1
     39.7214429983	     57.1296053617	1
     41.9038013898	     58.3466771944	1
     44.0883205007	     59.5618687328	1
     46.2751032364	     60.7752259388	1
     48.4641390056	     61.9869302443	1
     50.6552882937	     63.1973186310	3
     52.8482868711	     64.4068788226	3
     55.0427710467	     65.6162175635	3
     57.2383201269	     66.8260098344	4
     59.4345065480	     68.0369404727	4
     61.6309410098	     69.2496447014	4
     63.8273025452	     70.4646508981	2
     66.0233496385	     71.6823333844	2
     68.2189162840	     72.9028860911	2
     70.4139001146	     74.1263246905	2
     72.6082482672	     75.3525152458	2
     74.8019444384	     76.5812176877	2
     76.9949987031	     77.8121283930	5
     79.1874390383	     79.0449147392	5
     81.3793046796	     80.2792411824	5
     36.9103412189	      0.6967738462	5
     39.1012009460	      1.9332343890	5
     41.2916379612	      3.1703314642	1
     43.4817106782	      4.4078041572	1
     45.6714816222	      5.6454050600	1
     47.8610183119	      6.8828938109	1
     50.0503944702	      8.1200303293	1
     52.2396914039	      9.3565684529	1
     54.4289992507	     10.5922507707	1
     56.6184175418	     11.8268057565	1
     58.8080542014	     13.0599487720	1
     60.9980218985	     14.2913888785	1
     63.1884307993	     15.5208431931	1
     65.3793771042	     16.7480594762	1
     67.5709258690	     17.9728477695	1
     69.7630879998	     19.1951207119	1
     71.9557974828	     20.4149323420	1
     74.1488950599	     21.6325019565	1
     76.3421240555	     22.8482132567	1
     78.5351426267	     24.0625866148	5
     80.7275539671	     25.2762296823	5
     82.9189507512	     26.4897753758	2
     85.1089640537	     27.7038171954	2
     87.2973048257	     28.9188517529	2
     89.4837889781	     30.1352381136	2
     91.6683430396	     31.3531810233	2
     93.8509931303	     32.5727399864	2
     96.0318433586	     33.7938590066	2
     98.2110511437	     35.0164044858	2
    100.3888056261	     36.2401975805	2
    102.5653101758	     37.4650380923	2
    104.7407696162	     38.6907213996	2
    106.9153826957	     39.9170482259	2
    109.0893390183	     41.1438287378	2
    111.2628192074	     42.3708828026	2
    113.4359972134	     43.5980380832	2
    115.6090439615	     44.8251271509	5
    117.7821317770	     46.0519843320	5
    119.9554391539	     47.2784427041	5
     28.8085539353	     48.5043315233	5
     30.9828834513	     49.7294743568	5
     33.1580481972	     50.9536883401	1
     35.3342881692	     52.1767852804	1
     37.5118576585	     53.3985758310	1
     39.6910157604	     54.6188785570	1
     41.8720097560	     55.8375359071	1
     44.0550519128	     57.0544376191	1
     46.2402904443	     58.2695516246	1
     48.4277777089	     59.4829615228	1
     50.6174457912	     60.6948989224	1
     52.8090983645	     61.9057555564	3
     55.0024234466	     63.1160666871	3
     57.1970266234	     64.3264684072	4
     59.3924785670	     65.5376399070	4
     61.5883654300	     66.7502409757	2
     63.7843296965	     67.9648505764	2
     65.9800936739	     69.1819130354	2
     68.1754643808	     70.4017018179	2
     70.3703247206	     71.6243100571	2
     72.5646176322	     72.8496695222	2
     74.7583288466	     74.0775896219	2
     76.9514727661	     75.3078010871	2
     79.1440820788	     76.5399925172	2
     81.3361995522	     77.7738388982	5
     83.5278726645	     79.0090210983	5
     85.7191508820	     80.2452363295	5
     41.2497840788	      0.6641899516	5
     43.4404252789	      1.9016405326	5
     45.6308274227	      3.1393259598	1
     47.8210470192	      4.3770040238	1
     50.0111447519	      5.6144343086	1
     52.2011868833	      6.8513717116	1
     54.3912466436	      8.0875606903	1
     56.5814052629	      9.3227311657	1
     58.7717520219	     10.5565974347	1
     60.9623823506	     11.7888619731	1
     63.1533928676	     13.0192262590	1
     65.3448727344	     14.2474099581	1
     67.5368907524	     15.4731785863	1
     69.7294760884	     16.6963808165	1
     71.9225948039	     17.9169912043	1
     74.1161291723	     19.1351443172	1
     76.3098661780	     20.3511472443	1
     78.5035003849	     21.5654641710	5
     80.6966542538	     22.7786755369	5
     82.8889156693	     23.9914201323	5
     85.0798863675	     25.2043299829	2
     87.2692296635	     26.4179676037	2
     89.4567059186	     27.6327752129	2
     91.6421891139	     28.8490447862	2
     93.8256641462	     30.0669147995	2
     96.0072093160	     31.2863922209	2
     98.1869711595	     32.5073889238	2
    100.3651397905	     33.7297573110	2
    102.5419280504	     34.9533173308	2
    104.7175550673	     36.1778765146	2
    106.8922354494	     37.4032428141	2
    109.0661738044	     38.6292310861	2
    111.2395633248	     39.8556649738	2
    113.4125871280	     41.0823760443	5
    115.5854213339	     42.3092015273	5
    117.7582391615	     43.5359814648	5
     26.6106140296	     44.7625557156	5
     28.7839303150	     45.9887610707	5
     30.9577786761	     47.2144286885	1
     33.1323655983	     48.4393821604	1
     35.3079136675	     49.6634367840	1
     37.4846604254	     50.8864011012	1
     39.6628526665	     52.1080824223	1
     41.8427344884	     53.3282986251	1
     44.0245284843	     54.5468977499	1
     46.2084110953	     55.7637853269	1
     48.3944826549	     56.9789603898	1
     50.5827382911	     58.1925545391	1
     52.7730498705	     59.4048580883	1
     54.9651661778	     60.6163199725	1
     57.1587342294	     61.8275178688	5
     59.3533393213	     63.0391061299	5
     61.5485554535	     64.2517530615	2
     63.7439936373	     65.4660762741	2
     65.9393368913	     66.6825834612	2
     68.1343566797	     67.9016270596	2
     70.3289116063	     69.1233825880	2
     72.5229337573	     70.3478557091	2
     74.7164092563	     71.5749136412	2
     76.9093592228	     72.8043281808	2
     79.1018257953	     74.0358150740	2
     81.2938619319	     75.2690646766	2
     83.4855241096	     76.5037645685	2
     85.6768683323	     77.7396132478	5
     87.8679486796	     78.9763261156	5
     90.0588173864	     80.2136359345	5
     45.5892250512	      0.6332781481	5
     47.7798244743	      1.8710321768	5
     49.9703680935	      3.1086456332	5
     52.1609120307	      4.3458742871	1
     54.3515168401	      5.5824643563	1
     56.5422487077	      6.8181475440	1
     58.7331800493	      8.0526383680	1
     60.9243888105	      9.2856354547	1
     63.1159554387	     10.5168289901	1
     65.3079565243	     11.7459164522	1
     67.5004549964	     12.9726271260	1
     69.6934858305	     14.1967553182	1
     71.8870356075	     15.4182026143	1
     74.0810204006	     16.6370194351	1
     76.2752687482	     17.8534301511	1
     78.4695158713	     19.0678311309	1
     80.6634138560	     20.2807603073	5
     82.8565595899	     21.4928454659	5
     85.0485381178	     22.7047412272	2
     87.2389726169	     23.9170640143	2
     89.4275685472	     25.1303339301	2
     91.6141418256	     26.3449328529	2
     93.7986268035	     27.5610873846	2
     95.9810657524	     28.7788796875	2
     98.1615857410	     29.9982787528	2
    100.3403716828	     31.2191774047	2
    102.5176421587	     32.4414224851	2
    104.6936291690	     33.6648377262	2
    106.8685634424	     34.8892398790	2
    109.0426658738	     36.1144480594	2
    111.2161440193	     37.3402877310	5
    113.3891921577	     38.5665912903	5
    115.5619936482	     39.7931967566	5
     24.4141231410	     41.0199454969	5
     26.5869570710	     42.2466794938	5
     28.7600693039	     43.4732384312	1
     30.9336417552	     44.6994567844	1
     33.1078668655	     45.9251611677	1
     35.2829503724	     47.1501684051	1
     37.4591119374	     48.3742852124	1
     39.6365822930	     49.5973110161	1
     41.8155952699	     50.8190461206	1
     43.9963734525	     52.0393072965	1
     46.1791077630	     53.2579515653	1
     48.3639314787	     54.4749085400	1
     50.5508907451	     55.6902207107	1
     52.7399202020	     56.9040791330	1
     54.9308324649	     58.1168383749	1
     57.1233269528	     59.3290018813	5
     59.3170192076	     60.5411801502	5
     61.5114862382	     61.7540318663	2
     63.7063176029	     62.9681982165	2
     65.9011594243	     64.1842394770	2
     68.0957421936	     65.4025821636	2
     70.2898898391	     66.6234858358	2
     72.4835125103	     67.8470369545	2
     74.6765886717	     69.0731696386	2
     76.8691431983	     70.3017043505	2
     79.0612282647	     71.5323897902	2
     81.2529100997	     72.7649365716	2
     83.4442594320	     73.9990425183	2
     85.6353454266	     75.2344097581	2
     87.8262329456	     76.4707536657	2
     90.0169820753	     77.7078054519	5
     92.2076488932	     78.9453104654	5
     94.3982867835	     80.1830238770	5
     49.9286472645	      0.6026933186	5
     52.1193840761	      1.8400989258	5
     54.3102506212	      3.0769773639	5
     56.5013037599	      4.3130626414	1
     58.6926039116	      5.5480706154	1
     60.8842149390	      6.7816982835	1
     63.0762023984	      8.0136283042	1
     65.2686291665	      9.2435411531	1
     67.4615477503	     10.4711366240	1
     69.6549896303	     11.6961639890	1
     71.8489498595	     12.9184610045	1
     74.0433671209	     14.1379986125	1
     76.2381046801	     15.3549164262	1
     78.4329381927	     16.5695343792	1
     80.6275560742	     17.7823345201	5
     82.8215767457	     18.9939172307	5
     85.0145831783	     20.2049422921	5
     87.2061701559	     21.4160644644	2
     89.3959934417	     22.6278715545	2
     91.5838085135	     23.8408332363	2
     93.7694906161	     25.0552702993	2
     95.9530342244	     26.2713516187	2
     98.1345354037	     27.4891161557	2
    100.3141646452	     28.7085079497	2
    102.4921396575	     29.9294089436	2
    104.6687015412	     31.1516644017	2
    106.8440958274	     32.3751022757	2
    109.0185600654	     33.5995458786	5
    111.1923175090	     34.8248205753	5
    113.3655753990	     36.0507563758	5
     22.2179247997	     37.2771880372	5
     24.3907498643	     38.5039537313	5
     26.5636230233	     39.7308928779	1
     28.7367157363	     40.9578434743	1
     30.9102017085	     42.1846391313	1
     33.0842612322	     43.4111060504	1
     35.2590846509	     44.6370603425	1
     37.4348742345	     45.8623064366	1
     39.6118434176	     47.0866378874	1
     41.7902119818	     48.3098425750	1
     43.9701957562	     49.5317144960	1
     46.1519903282	     50.7520738094	1
     48.3357492943	     51.9707952466	1
     50.5215572395	     53.1878458314	1
     52.7094027037	     54.4033252348	1
     54.8991598999	     55.6174924345	1
     57.0905862413	     56.8307661922	1
     59.2833397992	     58.0436965927	5
     61.4770158830	     59.2569142154	5
     63.6711958182	     60.4710666924	2
     65.8654961997	     61.6867529574	2
     68.0596066311	     62.9044644541	2
     70.2533094379	     64.1245421111	2
     72.4464813666	     65.3471571000	2
     74.6390811434	     66.5723188692	2
     76.8311285263	     67.7999056838	2
     79.0226815250	     69.0297058184	2
     81.2138185317	     70.2614552403	2
     83.4046260076	     71.4948658524	2
     85.5951900030	     72.7296457807	2
     87.7855913931	     73.9655116583	2
     89.9759041867	     75.2021938132	2
     92.1661957570	     76.4394362970	2
     94.3565280327	     77.6769935851	5
     96.5469590253	     78.9146253208	5
     98.7375443524	     80.1520900623	5
     54.2680379339	      0.5711271405	5
     56.4590956956	      1.8074969317	5
     58.6504723226	      3.0429063342	5
     60.8422238913	      4.2770528260	1
     63.0344060429	      5.5096148997	1
     65.2270708686	      6.7402609234	1
     67.4202610617	      7.9686671693	1
     69.6140012128	      9.1945456205	1
     71.8082865566	     10.4176799666	1
     74.0030674548	     11.6379695268	1
     76.1982318697	     12.8554716106	1
     78.3935905979	     14.0704252964	1
     80.5888703559	     15.2832462050	3
     82.7837202318	     16.4944926089	3
     84.9777354298	     17.7048120674	4
     87.1704971448	     18.9148797940	4
     89.3616216469	     20.1253364163	2
     91.5508064175	     21.3367314158	2
     93.7378619422	     22.5494808233	2
     95.9227232373	     23.7638491987	2
     98.1054413285	     24.9799585318	2
    100.2861597124	     26.1978165305	2
    102.4650852354	     27.4173500264	2
    104.6424611752	     28.6384327492	2
    106.8185441705	     29.8609075079	2
    108.9935872818	     31.0846024935	5
    111.1678299736	     32.3093413634	5
     20.0208923574	     33.5349485695	5
     22.1941810868	     34.7612515004	5
     24.3672827503	     35.9880805794	5
     26.5403738725	     37.2152680341	1
     28.7136240883	     38.4426457556	1
     30.8872010219	     39.6700425289	1
     33.0612749397	     40.8972808958	1
     35.2360227535	     42.1241740309	1
     37.4116308213	     43.3505232811	1
     39.5882957299	     44.5761174895	1
     41.7662219044	     45.8007358292	1
     43.9456146898	     47.0241562554	1
     46.1266679172	     48.2461717374	1
     48.3095461107	     49.4666148330	1
     50.4943611393	     50.6853912075	1
     52.6811453971	     51.9025203634	1
     54.8698288178	     53.1181699339	1
     57.0602275048	     54.3326693095	1
     59.2520499226	     55.5464957473	5
     61.4449228422	     56.7602348472	5
     63.6384337141	     57.9745228654	2
     65.8321804288	     59.1899813523	2
     68.0258162835	     60.4071542618	2
     70.2190800138	     61.6264568736	2
     72.4118072103	     62.8481448515	2
     74.6039251438	     64.0723089601	2
     76.7954360956	     65.2988945991	2
     78.9863948054	     66.5277380248	2
     81.1768865139	     67.7586063790	2
     83.3670108975	     68.9912300313	2
     85.5568708852	     70.2253259707	2
     87.7465655096	     71.4606134958	2
     89.9361863655	     72.6968224825	2
     92.1258167564	     73.9336956368	2
     94.3155324097	     75.1709865758	2
     96.5054028868	     76.4084553023	2
     98.6954931319	     77.6458622075	5
    100.8858648463	     78.8829614195	5
    103.0765775143	     80.1194941950	5
     58.6073882997	      0.5371715442	5
     60.7989545605	      1.7717168551	5
     62.9910288309	      3.0047961376	1
     65.1836588397	      4.2360703269	1
     67.3768821054	      5.4651982081	1
     69.5707187171	      6.6918612888	1
     71.7651621041	      7.9157979197	1
     73.9601676220	      9.1368450348	1
     76.1556386685	     10.3549836046	1
     78.3514129805	     11.5703719737	1
     80.5472525011	     12.7833529142	3
     82.7428415015	     13.9944306552	3
     84.9377987972	     15.2042247576	4
     87.1317073633	     16.4134125082	4
     89.3241581007	     17.6226690389	4
     91.5147985543	     18.8326096612	4
     93.7033739334	     20.0437400869	2
     95.8897509408	     21.2564246664	2
     98.0739209947	     22.4708797629	2
    100.2559848653	     23.6871903862	2
    102.4361250941	     24.9053397878	2
    104.6145765221	     26.1252388843	2
    106.7915998925	     27.3467507269	5
    108.9674602429	     28.5697103154	5
     17.8218107703	     29.7939387150	5
     19.9960911266	     31.0192519898	5
     22.1699159655	     32.2454661956	5
     24.3434822287	     33.4723995535	1
     26.5169710706	     34.6998726170	1
     28.6905524409	     35.9277069830	1
     30.8643901028	     37.1557229428	1
     33.0386465849	     38.3837364218	1
     35.2134876526	     39.6115556136	1
     37.3890858399	     40.8389779145	1
     39.5656224067	     42.0657881283	1
     41.7432867996	     43.2917594178	1
     43.9222724379	     44.5166589224	1
     46.1027676689	     45.7402603467	1
     48.2849415491	     46.9623647193	1
     50.4689243305	     48.1828294447	1
     52.6547826502	     49.4016063120	1
     54.8424945551	     50.6187795094	1
     57.0319319526	     51.8345895033	1
     59.2228572384	     53.0494331141	1
     61.4149383730	     54.2638371094	5
     63.6077823179	     55.4784093994	5
     65.8009811192	     56.6937771122	2
     67.9941600558	     57.9105220742	2
     70.1870162932	     59.1291235714	2
     72.3793404536	     60.3499173681	2
     74.5710201246	     61.5730777492	2
     76.7620288454	     62.7986247922	2
     78.9524063271	     64.0264522093	2
     81.1422357304	     65.2563656610	2
     83.3316238403	     66.4881191706	2
     85.5206868929	     67.7214422272	2
     87.7095407693	     68.9560588188	2
     89.8982952615	     70.1916990276	2
     92.0870516297	     71.4281040076	2
     94.2759024185	     72.6650259299	2
     96.4649324985	     73.9022245484	2
     98.6542205521	     75.1394617079	2
    100.8438405035	     76.3764947534	2
    103.0338625844	     77.6130695986	5
    105.2243538368	     78.8489142235	5
    107.4153778702	     80.0837336304	5
     62.9466929764	      0.4991961890	5
     65.1389521641	      1.7309832123	5
     67.3318948329	      2.9607304458	1
     69.5255429002	      4.1880959894	1
     71.7198919874	      5.4127806739	1
     73.9149021591	      6.6345681486	1
     76.1104874968	      7.8533708647	1
     78.3065054723	      9.0692701478	3
     80.5027473951	     10.2825338503	3
     82.6989323824	     11.4936041805	3
     84.8947100313	     12.7030597206	3
     87.0896782264	     13.9115629707	4
     89.2834180195	     15.1198040460	4
     91.4755397172	     16.3284454222	4
     93.6657289672	     17.5380697726	4
     95.8537809356	     18.7491382984	4
     98.0396158464	     19.9619686249	2
    100.2232748395	     21.1767361284	2
    102.4048994537	     22.3934938413	2
    104.5847019533	     23.6122004607	5
    106.7629362317	     24.8327467536	5
     15.6192708142	     26.0549783078	5
     17.7951752436	     27.2787140023	5
     19.9702987422	     28.5037594590	5
     22.1448706500	     29.7299158764	1
     24.3190982403	     30.9569851029	1
     26.4931692212	     32.1847717931	1
     28.6672560170	     33.4130833509	1
     30.8415208478	     34.6417282348	1
     33.0161209486	     35.8705131215	1
     35.1912134595	     37.0992394250	1
     37.3669595670	     38.3276997784	1
     39.5435273801	     39.5556753564	1
     41.7210928154	     40.7829352986	1
     43.8998375023	     42.0092399403	1
     46.0799425720	     43.2343500862	1
     48.2615776210	     44.4580439835	1
     50.4448846711	     45.6801421224	1
     52.6299563188	     46.9005408186	1
     54.8168108452	     48.1192507042	1
     57.0053709807	     49.3364276938	1
     59.1954530983	     50.5523851058	1
     61.3867723596	     51.7675807489	5
     63.5789662165	     52.9825792653	5
     65.7716338204	     54.1979965769	2
     67.9643833929	     55.4144364597	2
     70.1568763469	     56.6324294868	2
     72.3488582164	     57.8523838050	2
     74.5401716767	     59.0745557063	2
     76.7307529872	     60.2990443371	2
     78.9206164450	     61.5258092684	2
     81.1098327635	     62.7547035095	2
     83.2985073720	     63.9855110800	2
     85.4867633729	     65.2179785336	2
     87.6747292530	     66.4518374278	2
     89.8625306499	     67.6868193730	2
     92.0502860133	     68.9226640766	2
     94.2381051414	     70.1591216290	2
     96.4260895508	     71.3959506016	2
     98.6143337502	     72.6329134009	2
    100.8029267203	     73.8697700008	2
    102.9919531307	     75.1062709062	2
    105.1814939713	     76.3421501291	2
    107.3716263387	     77.5771191262	2
    109.5624221193	     78.8108630848	5
    111.7539452557	     80.0430416103	5
     67.2859465963	      0.4552849588	5
     69.4790600487	      1.6832583107	5
     71.6729906036	      2.9086213204	1
     73.8677084802	      4.1311130256	3
     76.0631399464	      5.3505857231	3
     78.2591594339	      6.5670495248	3
     80.4555826158	      7.7806987175	3
     82.6521602343	      8.9919096121	3
     84.8485753243	     10.2012107516	3
     87.0444503043	     11.4092359925	0
     89.2393705433	     12.6166723193	4
     91.4329239228	     13.8242086228	4
     93.6247474482	     15.0324858095	4
     95.8145684644	     16.2420508529	4
     98.0022308383	     17.4533223699	4
    100.1877026104	     18.6665753508	4
    102.3710659565	     19.8819466556	5
    104.5524933686	     21.0994555017	5
     13.4116157682	     22.3190300547	5
     15.5899000770	     23.5405326466	5
     17.7670160943	     24.7637823545	1
     19.9432251740	     25.9885736745	1
     22.1187688559	     27.2146902893	1
     24.2938653405	     28.4419140575	1
     26.4687104028	     29.6700299142	1
     28.6434809803	     30.8988275267	1
     30.8183401056	     32.1281005225	1
     32.9934422843	     33.3576440134	1
     35.1689387262	     34.5872510752	1
     37.3449819891	     35.8167088589	1
     39.5217295880	     37.0457951648	1
     41.6993459854	     38.2742765836	1
     43.8780021511	     39.5019097010	1
     46.0578716549	     40.7284474267	1
     48.2391223876	     41.9536523129	1
     50.4219035211	     43.1773173246	1
     52.6063269374	     44.3992945152	1
     54.7924438799	     45.6195315715	1
     56.9802220281	     46.8381067941	1
     59.1695293961	     48.0552507016	1
     61.3601310989	     49.2713458131	5
     63.5517030937	     50.4869013470	5
     65.7438632111	     51.7025064941	5
     67.9362145309	     52.9187708062	2
     70.1283915222	     54.1362618357	2
     72.3200981490	     55.3554498621	2
     74.5111303468	     56.5766684526	2
     76.7013809562	     57.8000971013	2
     78.8908302352	     59.0257673743	2
     81.0795271448	     60.2535881848	2
     83.2675671876	     61.4833811819	2
     85.4550726502	     62.7149154964	2
     87.6421783312	     63.9479341302	2
     89.8290211820	     65.1821723815	2
     92.0157337619	     66.4173692595	2
     94.2024412263	     67.6532724931	2
     96.3892607461	     68.8896385922	2
     98.5763023667	     70.1262294363	2
    100.7636704773	     71.3628066425	2
    102.9514652579	     72.5991246932	2
    105.1397836384	     73.8349236490	2
    107.3287193956	     75.0699223496	2
    109.5183620352	     76.3038133496	2
    111.7087940935	     77.5362614614	2
    113.9000864934	     78.7669085350	5
    116.0922917535	     79.9953875592	5
     71.6251347274	      0.4033367132	5
     73.8192061272	      1.6264822190	3
     76.0141505135	      2.8466131475	3
     78.2098623779	      4.0636750556	3
     80.4061807387	      5.2777920085	3
     82.6028850601	      6.4892736456	3
     84.7996912910	      7.6985934745	0
     86.9962520463	      8.9063471247	0
     89.1921687029	     10.1132037917	0
     91.3870211842	     11.3198591687	0
     93.5804113970	     12.5269904543	4
     95.7720081939	     13.7352120097	4
     97.9615816675	     14.9450343863	4
    100.1490207462	     16.1568344556	4
    102.3343338718	     17.3708439436	4
     11.1970332069	     18.5871570241	5
     13.3785151622	     19.8057514142	5
     15.5584210894	     21.0265149683	1
     17.7370158192	     22.2492719699	1
     19.9145641682	     23.4738072034	1
     22.0913162439	     24.6998856290	1
     24.2675000863	     25.9272664444	1
     26.4433201052	     27.1557116725	1
     28.6189593375	     28.3849901544	1
     30.7945838250	     29.6148780455	1
     32.9703479035	     30.8451568595	1
     35.1463996149	     32.0756099717	1
     37.3228857177	     33.3060183943	1
     39.4999558645	     34.5361566763	1
     41.6777654543	     35.7657899237	1
     43.8564764853	     36.9946732559	1
     46.0362555026	     38.2225555386	1
     48.2172676348	     39.4491892545	1
     50.3996661604	     40.6743474015	1
     52.5835771281	     41.8978476034	1
     54.7690784475	     43.1195850494	1
     56.9561767956	     44.3395687683	1
     59.1447881155	     45.5579500048	1
     61.3347277537	     46.7750330885	1
     63.5257153414	     47.9912626847	5
     65.7173968418	     49.2071876528	5
     67.9093816799	     50.4234077338	5
     70.1012877566	     51.6405124257	2
     72.2927840045	     52.8590220030	2
     74.4836210730	     54.0793399639	2
     76.6736452501	     55.3017244828	2
     78.8627961756	     56.5262828108	2
     81.0510926957	     57.7529870471	2
     83.2386122898	     58.9817045391	2
     85.4254695749	     60.2122332787	2
     87.6117991150	     61.4443324612	2
     89.7977434729	     62.6777442130	2
     91.9834448565	     63.9122083458	2
     94.1690403135	     65.1474705167	2
     96.3546599619	     66.3832846419	2
     98.5404272223	     67.6194111005	2
    100.7264601436	     68.8556120794	2
    102.9128730809	     70.0916451545	2
    105.0997781303	     71.3272560180	2
    107.2872858241	     72.5621712390	2
    109.4755046164	     73.7960921931	2
    111.6645386655	     75.0286918322	2
    113.8544834174	     76.2596167308	2
    116.0454186377	     77.4884975035	2
    118.2373990519	     78.7149704256	5
    120.4304438346	     79.9387108603	4
     75.9642264995	      0.3414647315	3
     78.1592707619	      1.5591432806	3
     80.3551426589	      2.7737927802	3
     82.5516507506	      3.9856568899	0
     84.7485427879	      5.1951518305	0
     86.9455035617	      6.4028299025	0
     89.1421589831	      7.6093329929	0
     91.3380944065	      8.8153479873	0
     93.5328908653	     10.0215669526	0
     95.7261708581	     11.2286487481	0
     97.9176390980	     12.4371785402	0
    100.1071079174	     13.6476283780	4
      8.9739046176	     14.8603293111	3
     11.1592725900	     16.0754627000	3
     13.3427453824	     17.2930703134	1
     15.5245267986	     18.5130772420	1
     17.7048601584	     19.7353209637	1
     19.8840024773	     20.9595807491	1
     22.0622052102	     22.1856037928	1
     24.2397025080	     23.4131254476	1
     26.4167062619	     24.6418826003	1
     28.5934061743	     25.8716208006	1
     30.7699729392	     27.1020964983	1
     32.9465630037	     28.3330758357	1
     35.1233238693	     29.5643312576	1
     37.3003992614	     30.7956369830	1
     39.4779336901	     32.0267642709	1
     41.6560759522	     33.2574774337	1
     43.8349810025	     34.4875317571	1
     46.0148093642	     35.7166749237	1
     48.1957231108	     36.9446536941	1
     50.3778777498	     38.1712271436	1
     52.5614097010	     39.3961867925	1
     54.7464182804	     40.6193850878	1
     56.9329435754	     41.8407706813	1
     59.1209451173	     43.0604210020	1
     61.3102870832	     44.2785621472	1
     63.5007355770	     45.4955680467	5
     65.6919718723	     46.7119358962	5
     67.8836219743	     47.9282412163	5
     70.0752979523	     49.1450803981	2
     72.2666421600	     50.3630103960	2
     74.4573642362	     51.5824951687	2
     76.6472635870	     52.8038673533	2
     78.8362351686	     54.0273110750	2
     81.0242610888	     55.2528671521	2
     83.2113931064	     56.4804563866	2
     85.3977313903	     57.7099127251	2
     87.5834047652	     58.9410166797	2
     89.7685562299	     60.1735211307	2
     91.9533329175	     61.4071690975	2
     94.1378797164	     62.6417050949	2
     96.3223361792	     63.8768803800	2
     98.5068359377	     65.1124531543	2
    100.6915076983	     66.3481852194	2
    102.8764770412	     67.5838363215	2
    105.0618683568	     68.8191571776	2
    107.2478063227	     70.0538820949	2
    109.4344163537	     71.2877222348	2
    111.6218234010	     72.5203609993	2
    113.8101484175	     73.7514537230	2
    115.9995018615	     74.9806346083	2
    118.1899740368	     76.2075340211	2
    120.3816231524	     77.4318079532	4
    122.5744634567	     78.6531789210	4
    124.7684560778	     79.8714843827	4
     80.3032033622	      0.2687085774	3
     82.4991494940	      1.4810530337	0
     84.6957748420	      2.6908632101	0
     86.8927965604	      3.8986452963	0
     89.0898691217	      5.1050097629	0
     91.2865945523	      6.3106254843	0
     93.4825478806	      7.5161823350	0
     95.6773189038	      8.7223603988	0
     97.8705579355	      9.9297966984	0
      6.7414075133	     11.1390431988	3
      8.9309230460	     12.3505259417	3
     11.1184647792	     13.5645196360	3
     13.3040953191	     14.7811430243	3
     15.4879603058	     16.0003728442	1
     17.6702632447	     17.2220711846	1
     19.8512383983	     18.4460192023	1
     22.0311276001	     19.6719500899	1
     24.2101640748	     20.8995763044	1
     26.3885634943	     22.1286088148	1
     28.5665210249	     23.3587683193	1
     30.7442125014	     24.5897898597	1
     32.9217980288	     25.8214227075	1
     35.0994267225	     27.0534272387	1
     37.2772417181	     28.2855701621	1
     39.4553848741	     29.5176191978	1
     41.6340007057	     30.7493381798	1
     43.8132390128	     31.9804835962	1
     45.9932554536	     33.2108039432	1
     48.1742091993	     34.4400435382	1
     50.3562568970	     35.6679523888	1
     52.5395425781	     36.8943027568	1
     54.7241826281	     38.1189131284	1
     56.9102454914	     39.3416806592	1
     59.0977297794	     40.5626156268	1
     61.2865460592	     41.7818681017	1
     63.4765079043	     42.9997377657	1
     65.6673370007	     44.2166611801	5
     67.8586845782	     45.4331767731	5
     70.0501671785	     46.6498732725	5
     72.2414099731	     47.8673304170	2
     74.4320878837	     49.0860615840	2
     76.6219555682	     50.3064674193	2
     78.8108615019	     51.5288077980	2
     80.9987464118	     52.7531958626	2
     83.1856299989	     53.9796125989	2
     85.3715913357	     55.2079354652	2
     87.5567480513	     56.4379721985	2
     89.7412391139	     57.6694906796	2
     91.9252127542	     58.9022401776	2
     94.1088182087	     60.1359657503	2
     96.2922011524	     61.3704164693	2
     98.4755021958	     62.6053480432	2
    100.6588574371	     63.8405211484	2
    102.8424002013	     65.0756968420	2
    105.0262633439	     66.3106301836	2
    107.2105815094	     67.5450630186	2
    109.3954927167	     68.7787169189	2
    111.5811385749	     70.0112875844	2
    113.7676622949	     71.2424426010	2
    115.9552035769	     72.4718252020	2
    118.1438896978	     73.6990671740	2
    120.3338230534	     74.9238136104	2
    122.5250669435	     76.1457603685	4
    124.7176326428	     77.3647011431	4
    126.9114707993	     78.5805736819	0
    129.1064677528	     79.7934911173	0
     84.6421432440	      0.1857364742	3
     86.8388507411	      1.3937887426	0
     89.0359734739	      2.6002129422	0
     91.2331355535	      3.8056575453	0
     93.4299198289	      5.0108010099	0
     95.6258994368	      6.2163258204	0
      4.5000816279	      7.4228970874	3
      6.6933555470	      8.6311258339	0
      8.8849044233	      9.8415203443	3
     11.0746153798	     11.0544464268	3
     13.2624739236	     12.2701072522	3
     15.4485542135	     13.4885445352	1
     17.6330017685	     14.7096591475	1
     19.8160102057	     15.9332452752	1
     21.9977971739	     17.1590291511	1
     24.1785845001	     18.3867039468	1
     26.3585849656	     19.6159559028	1
     28.5379955941	     20.8464806056	1
     30.7169960253	     22.0779907422	1
     32.8957502439	     23.3102175817	1
     35.0744101813	     24.5429083908	1
     37.2531201381	     25.7758215579	1
     39.4320213063	     27.0087207696	1
     41.6112558451	     28.2413692867	1
     43.7909700054	     29.4735252507	1
     45.9713156606	     30.7049392314	1
     48.1524494033	     31.9353555458	1
     50.3345283529	     33.1645190176	1
     52.5177021553	     34.3921881828	1
     54.7021006715	     35.6181552085	1
     56.8878161612	     36.8422742862	1
     59.0748818616	     38.0644958755	1
     61.2632516764	     39.2848979263	1
     63.4527863411	     40.5037046807	1
     65.6432513198	     41.7212853937	5
     67.8343300995	     42.9381302504	5
     70.0256531466	     44.1548066000	5
     72.2168381181	     45.3719029349	2
     74.4075328129	     46.5899699247	2
     76.5974511935	     47.8094679159	2
     78.7863954659	     49.0307292373	2
     80.9742620499	     50.2539410517	2
     83.1610337042	     51.4791499629	2
     85.3467626380	     52.7062842167	2
     87.5315499675	     53.9351855513	2
     89.7155263787	     55.1656416786	2
     91.8988376926	     56.3974116506	2
     94.0816348089	     57.6302432813	2
     96.2640672644	     58.8638844714	2
     98.4462803360	     60.0980885594	2
    100.6284148931	     61.3326146412	2
    102.8106089753	     62.5672243451	2
    104.9930002999	     63.8016763498	2
    107.1757291174	     65.0357196379	2
    109.3589408465	     66.2690864549	2
    111.5427878034	     67.5014861384	2
    113.7274291394	     68.7326014122	2
    115.9130279117	     69.9620894286	2
    118.0997442012	     71.1895905510	2
    120.2877236925	     72.4147479681	2
    122.4770823843	     73.6372402111	4
    124.6678900374	     74.8568249350	4
    126.8601562942	     76.0733860785	4
    129.0538224228	     77.2869714093	0
    131.2487577799	     78.4978085478	0
    133.4447571212	     79.7062952695	0
     88.9812376874	      0.0949559657	3
     91.1784478695	      1.3004405256	0
     93.3756837353	      2.5054039092	0
      2.2519161847	      3.7105213245	3
      4.4479318355	      4.9164664548	0
      6.6427692222	      6.1238873905	0
      8.8361554848	      7.3333564811	0
     11.0279123263	      8.5453204538	3
     13.2179527374	      9.7600666867	3
     15.4062756614	     10.9777104973	1
     17.5929568329	     12.1982050487	1
     19.7781329522	     13.4213712500	1
     21.9619810547	     14.6469390775	1
     24.1446978729	     15.8745892339	1
     26.3264833186	     17.1039868154	1
     28.5075298153	     18.3348036942	1
     30.6880171558	     19.5667303041	1
     32.8681115803	     20.7994793342	1
     35.0479675881	     22.0327840896	1
     37.2277312701	     23.2663937619	1
     39.4075442473	     24.5000672433	1
     41.5875475754	     25.7335667007	1
     43.7678851107	     26.9666518565	1
     45.9487057446	     28.1990760266	1
     48.1301637079	     29.4305852722	1
     50.3124160156	     30.6609222862	1
     52.4956163434	     31.8898363575	1
     54.6799050158	     33.1170997489	1
     56.8653939612	     34.3425316668	1
     59.0521466727	     35.5660303861	1
     61.2401569450	     36.7876069049	1
     63.4293314109	     38.0074108126	1
     65.6194812720	     39.2257395485	1
     67.8103278251	     40.4430256981	5
     70.0015238979	     41.6598025775	5
     72.1926891689	     42.8766535817	5
     74.3834527126	     44.0941538326	2
     76.5734932884	     45.3128135737	2
     78.7625687110	     46.5330323192	2
     80.9505296783	     47.7550710279	2
     83.1373183031	     48.9790459744	2
     85.3229551129	     50.2049428139	2
     87.5075197945	     51.4326444794	2
     89.6911308074	     52.6619641964	2
     91.8739284080	     53.8926748268	2
     94.0560626815	     55.1245297914	2
     96.2376853257	     56.3572773531	2
     98.4189450393	     57.5906689645	2
    100.5999861756	     58.8244619754	2
    102.7809497427	     60.0584180579	2
    104.9619758607	     61.2922988182	2
    107.1432069859	     62.5258597857	2
    109.3247913613	     63.7588437199	2
    111.5068860555	     64.9909742642	2
    113.6896588169	     66.2219513112	2
    115.8732876871	     67.4514499904	2
    118.0579570339	     68.6791258520	2
    120.2438487137	     69.9046293522	2
    122.4311278511	     71.1276322259	2
    124.6199244800	     72.3478658833	4
    126.8103146030	     73.5651668257	4
    129.0023052554	     74.7795183539	4
    131.1958259210	     75.9910761144	0
    133.3907241386	     77.2001701168	0
    135.5867620383	     78.4072835468	0
    137.7836176212	     79.6130122593	0
