x           y           stackinginfo
0.0 0.0 0
2.18104342288687 1.23365896550161 0
4.36279988357485 2.46610698806167 0
6.54538621688502 3.69713822147383 0
8.72889337416651 4.92659453841899 0
10.9133840115 6.15436864197497 0
13.0988893682882 7.38040827005595 0
15.2854055447854 8.60472149600118 0
17.4728897342537 9.82738221027673 0
19.6612573871848 11.0485341560437 0
21.8503814984403 12.2683914079887 0
24.0400950558348 13.4872333953221 0
26.2301972037085 14.7053934978094 3
28.4204629348994 15.9232416364134 3
30.6106552742798 17.1411627866799 3
32.8005381991691 18.3595345639472 1
34.9898884756425 19.5787072547018 1
37.1785057540704 20.7989879824144 1
39.3662222772681 22.0206274093967 1
41.5529144070248 23.2438053611261 1
43.7385159049237 24.4686143329339 1
45.9230287374283 25.6950455920121 1
48.1065248597582 26.9229867384266 1
50.2891358429768 28.1522373925463 1
52.4710354775999 29.3825360984463 1
54.6524228984855 30.6135857576207 1
56.8335092433754 31.8450728846853 1
59.0145094270665 33.0766786596672 1
61.1956373318271 34.3080838637917 1
63.3771018539624 35.5389721809009 1
65.5591025972119 36.7690347545243 1
67.7418250442038 37.9979770479628 1
69.9254353241444 39.2255279646332 5
72.110074629417 40.4514508122422 5
74.295853448666 41.6755554713498 5
76.4828462306552 42.8977105716323 5
78.6710875844029 44.1178536273761 2
80.8605711703437 45.3359965285047 2
83.0512517198879 46.5522243199572 2
85.2430493427378 47.7666872051753 2
87.4358542554162 48.9795885033597 2
89.6295301359126 50.1911731507646 2
91.8239155358182 51.4017206000456 2
94.0188245282348 52.6115427455122 2
96.2140493186543 53.8209832867169 2
98.4093658071741 55.0304137535014 2
100.604540021644 56.2402256001395 2
102.799333479454 57.4508213455329 2
104.993509849839 58.6626042359227 2
107.186845243224 59.8759625989016 2
109.379141290214 61.0912485887791 4
111.570238378594 62.3087537294397 4
113.760026091112 63.5286857198439 4
115.948449002878 64.7511517244192 0
118.135507448102 65.9761520624151 0
120.321253944346 67.2035850198068 0
122.505786604612 68.4332600627388 0
124.689241058963 69.6649150458693 0
126.871782076297 70.8982337076904 0
129.053595434164 72.1328617314871 0
131.234880078367 73.368421346963 0
133.415840521334 74.6045250302805 0
135.596679640308 75.8407885115371 0
137.777592311714 77.0768426383781 3
46.6381589491743 78.3123431105514 0
48.8197478307398 79.5469779765481 0
51.0019029499245 80.7804737790242 3
6.52444668044261 1.19458881265899 0
8.70807870628705 2.42516274860015 0
10.8925700611311 3.65404961312158 0
13.0779632157752 4.88116752408449 0
15.2642682099054 6.1064916202665 0
17.4514591168293 7.3300594104501 0
19.639470873003 8.55197571241548 0
21.828197436858 9.77241529351152 0
24.0174924312362 10.9916212119117 0
26.2071731362155 12.2098973663526 3
28.3970280669313 13.4275948128542 3
30.5868275831719 14.6450927447372 3
32.7763362051449 15.8627764070494 1
34.9653248979887 17.0810152086505 1
37.1535821054511 18.3001439777329 1
39.3409239525251 19.5204479521289 1
41.527205598488 20.7421490780137 1
43.712334901706 21.965390993461 1
45.8962855422874 23.1902237056175 1
48.0791034067531 24.4165950698285 1
50.260901904766 25.644358758852 1
52.4418474097724 26.8732970120112 1
54.6221418080832 28.1031460729737 1
56.8020075964144 29.3336165766093 1
58.9816772233951 30.5644068824481 1
61.1613860495177 31.7952091238573 1
63.3413665615016 33.025712481704 1
65.5218426550233 34.2556074767884 1
67.7030239780676 35.4845927799068 1
69.8851005185776 36.7123844196952 5
72.06823727727 37.9387267478072 5
74.2525687742825 39.1634045839834 5
76.4381936087494 40.3862558100256 5
78.6251700285284 41.6071829650228 2
80.8135138703041 42.8261614870647 2
83.0031997823225 44.0432420016622 2
85.1941653188333 45.2585452536743 2
87.3863160285661 46.4722509110025 2
89.5795291633249 47.6845842320619 2
91.7736548022916 48.895805516935 2
93.9685155373426 50.1062056140992 2
96.163907653809 51.3161069285398 2
98.3596068645231 52.5258635080113 2
100.555377031313 53.7358558521484 2
102.750977785061 54.9464816350196 2
104.946170113653 56.158145295675 2
107.140723492865 57.3712439037982 2
109.334425865687 58.5861476870544 2
111.52709484146 59.8031764422767 4
113.718588059615 61.0225750652761 4
115.908810921872 62.2444932098041 4
118.097720638646 63.4689740281098 0
120.285326340454 64.6959544737659 0
122.47168571384 65.9252758408723 0
124.656899174028 67.156700340015 0
126.841102703911 68.3899291547912 0
129.024460111222 69.6246191866332 0
131.207154965797 70.8603978991617 0
133.38938230704 72.0968769184314 0
135.571340400125 73.3336650413234 3
44.4326215799167 74.5703806274472 0
46.614612017379 75.8066625783595 0
48.7968781207231 77.042179075052 0
50.9795692528695 78.2766345255574 0
53.1628135623639 79.5097750643766 0
55.3467157980756 80.7413923711712 3
10.8710548042253 1.15331471649045 0
13.0564840970289 2.38145612938954 0
15.2427252494199 3.60775051857071 0
17.4297672042387 4.83220291633054 0
19.6175622516801 6.05488292494959 0
21.806023499349 7.27592845764598 0
23.9950240800252 8.49554634647575 0
26.1843991659854 9.71400811939045 0
28.3739514917798 10.9316399709999 3
30.5634603415622 12.1488070216925 3
32.7526931081265 13.3658932102587 3
34.9414178415088 14.5832794087693 1
37.1294151800765 15.8013229399723 1
39.3164891751003 17.0203405485691 1
41.5024782835031 18.2405940770822 1
43.6872682345178 19.4622761250277 1
45.8708056608982 20.685493839289 1
48.0531076715777 21.910255862458 1
50.2342622348171 23.13647332713 1
52.4144183404889 24.3639768237686 1
54.5937706375294 25.5925404813488 1
56.7725444748481 26.821903496202 1
58.9509838803096 28.0517858126582 1
61.1293424695367 29.2818956971279 1
63.3078754165299 30.5119327648952 1
65.4868315325554 31.7415913662964 1
67.6664458924325 32.970566827707 1
69.8469335814351 34.1985646976737 1
72.0284844043017 35.4253120221576 5
74.211257870104 36.650569724345 5
76.3953780737223 37.8741454744117 5
78.5809290113123 39.0959061804012 5
80.7679516712242 40.3157883620132 2
82.9564442138668 41.5338038809555 2
85.1463654132341 42.7500387574915 2
87.3376397580834 43.96464463928 2
89.5301614713052 45.1778253099885 2
91.7237954904433 46.3898229568365 2
93.9183761558269 47.6009096481713 2
96.1137067127366 48.8113866220454 2
98.3095637694478 50.0215873433527 2
100.505707890602 51.2318767901839 2
102.701895054927 52.4426442206976 2
104.897883924229 53.6542924669949 2
107.093440506301 54.8672244526032 2
109.288344180988 56.081824915517 2
111.482396296251 57.298437695269 4
113.675429378512 58.5173409589369 4
115.867315418673 59.7387244703021 4
118.057972149679 60.962674039039 0
120.247366396495 62.1891670442821 0
122.435514122767 63.4180794280166 0
124.62247748025 64.6492008335399 0
126.808359638881 65.8822529124512 0
128.993298141141 67.1169068699524 0
131.17745717214 68.3527987422722 0
133.361018949071 69.5895428703786 3
42.2235731067663 70.8267446201766 0
44.4065138590026 72.0640128513004 0
46.5894231739295 73.3009717498437 0
48.7724710420854 74.5372709432134 0
50.955810034556 75.7725935252689 0
53.1395725392934 77.0066623745996 0
55.3238687047898 78.23924472515 0
57.5087847805248 79.4701552927339 0
59.6943814408755 80.6992589255898 3
15.2203909300146 1.10846219589102 0
17.4074167275292 2.33376399108181 0
19.5951261541639 3.55719063896301 0
21.783449791548 4.77884648796782 0
23.9722790051007 5.99890418609469 0
26.1614663230558 7.21760273998648 0
28.3508289736176 8.43524053328283 3
30.5401561389914 9.65216286882083 3
32.7292195728309 10.8687446409323 3
34.9177862703948 12.0853699360821 1
37.1056313591426 13.3024113656243 1
39.2925499035484 14.5202117866321 1
41.4783679128154 15.7390690518434 1
43.6629540574482 16.9592217223971 1
45.8462322309771 18.1808320864392 1
48.0281921047339 19.4039695491172 1
50.2088930829938 20.6286051094221 1
52.388459192648 21.8546216381855 1
54.5670675873246 23.0818348637642 1
56.7449356737612 24.3100155978256 1
58.9223095861944 25.5389081589614 1
61.0994542425931 26.7682405199731 1
63.2766434661552 27.9977275156416 1
65.4541494867374 29.2270728025757 1
67.6322329275203 30.455973551819 1
69.8111346858951 31.6841290036332 1
71.9910700076492 32.911251930881 5
74.1722238487479 34.1370815275689 5
76.3547464435164 35.3613967260829 5
78.5387488862973 36.5840293005506 5
80.7242997052913 37.8048756940152 2
82.9114239225838 39.0239056015269 2
85.1001053862708 40.2411648508012 2
87.2902913820818 41.4567708696266 2
89.4818968204025 42.6709011555848 2
91.6748054331723 43.8837781922994 2
93.8688677276622 45.0956570049223 2
96.0638986291016 46.306820116054 2
98.2596794249735 47.5175799398447 2
100.455967892975 48.7282821197308 2
102.652513685786 49.9393026779875 2
104.84907034409 51.1510388444292 2
107.045400648202 52.363896157196 2
109.241279199837 53.5782707492266 2
111.436496650295 54.7945273194384 2
113.630867033172 56.0129741386839 4
115.824235764125 57.2338386945521 4
118.016486804811 58.457248747705 4
120.207548248942 59.6832232663084 0
122.397395394068 60.9116752657613 0
124.586050891106 62.1424246350678 0
126.773582181218 63.3752161811891 0
128.960096691879 64.6097380200941 0
131.14573513565 65.8456376124328 3
40.0100616261912 67.0825353060157 0
42.1944601256458 68.3200366266591 0
44.3785154268937 69.5577444100946 0
46.5624100008492 70.7952709225499 0
48.7463151579394 72.032249127513 0
50.930386121106 73.2683419897783 0
53.1147588856628 74.5032498019345 0
55.2995481968397 75.7367156769831 0
57.484846120118 76.9685294172681 0
59.6707206954554 78.1985304867278 0
61.8572141646345 79.4266110187894 0
64.0443404126823 80.652719491606 3
19.571780966361 1.05885342331247 0
21.7600839572778 2.28110992716848 0
23.9488572368353 3.50161867461284 0
26.1379700661255 4.72058775967117 0
28.3272542986813 5.93828730471984 0
30.5165098174755 7.15503979585034 3
32.7055139290548 8.37120562095294 3
34.8940338868794 9.58716493452695 1
37.0818406999738 10.8032980636639 1
39.26872226595 12.0199671110839 1
41.4544950299172 13.2375002315228 1
43.6390149178748 14.4561772993896 1
45.8221881973469 15.6762123391153 1
48.0039811948271 16.8977342824132 1
50.1844256741886 18.1207755487804 1
52.3636172102507 19.3452749199506 1
54.5417078172349 20.57109353573 1
56.7188966293691 21.7980364906527 1
58.89542084187 23.0258739774699 1
61.0715468028108 24.2543553223923 1
63.2475596185218 25.4832137137979 1
65.4237505545956 26.7121670469335 1
67.6004039320774 27.9409202837623 1
69.7777860839543 29.1691721122117 1
71.9561377149544 30.3966257698753 3
74.1356690646336 31.6230022906999 3
76.3165562455136 32.8480544862308 5
78.4989376231467 34.0715807048214 5
80.6829104507979 35.2934376737536 4
82.8685290499964 36.5135511745545 4
85.0558057508194 37.7319224854353 2
87.2447144035148 38.9486282957031 2
89.4351943451605 40.1638128738411 2
91.6271520173502 41.3776742686497 2
93.8204588281371 42.5904496915039 2
96.0149471616678 43.8024055883053 2
98.2104093715605 45.0138356759852 2
100.406604791059 46.2250649471603 2
102.603276280735 47.4364515738304 2
104.800168210089 48.6483816978751 2
106.997036604215 49.861258655609 2
109.19365155026 51.0754862031229 2
111.389797366869 52.2914466241055 2
113.585275509496 53.5094757854381 4
115.779911443969 54.7298372468978 4
117.97356214983 55.9527002303768 4
120.166122618413 57.1781263528838 0
122.357530978251 58.4060680265076 0
124.547771411778 59.6363781717052 0
126.736874456686 60.8688273077691 0
128.924914664352 62.1031226689848 3
37.7914041553127 63.3389253791241 0
39.9776912116547 64.5758645077045 0
42.1633416452776 65.8135490539668 0
44.3485341361741 67.0515794641143 0
46.5334482482277 68.2895594832082 0
48.7182555072347 69.5271079954134 0
50.9031130854474 70.7638695935943 0
53.0881599991035 71.9995230631865 0
55.2735149289716 73.2337879298014 0
57.4592749418454 74.466429268437 0
59.6455144594838 75.6972613089516 0
61.8322838836228 76.9261506489261 0
64.0196074402702 78.1530197469044 0
66.2074800804408 79.377850870689 0
68.3958636657749 80.6006900140076 3
23.9243825214815 1.00363812973465 0
26.113523584587 2.22289792816783 0
28.3028328382037 3.44070084371249 0
30.4921217315749 4.65734579613408 3
32.6811744210288 5.87317560999556 3
34.8697597148754 7.088561310385 3
37.057645531615 8.30388432385807 1
39.244613506475 9.51951893564609 1
41.4304719070167 10.7358168213105 1
43.6150665152294 11.9530929611565 1
45.7982899964152 13.1716078856309 1
47.9800899039418 14.3915468760365 1
50.1604736950788 15.6130037298652 1
52.339508785174 16.8359761599014 1
54.5173183646277 18.0603750731077 1
56.6940758321675 19.2860433721461 1
58.8699993809453 20.5127786909989 1
61.0453459325175 21.7403520291089 1
63.2204021154319 22.9685158081586 1
65.3954709607314 24.1970050009457 1
67.5708561477464 25.4255373315645 1
69.7468474462968 26.6538170913933 3
71.9237101902349 27.8815440343854 3
74.1016791770658 29.1084261512721 3
76.2809553465373 30.3341941476866 3
78.4617032369373 31.5586159758635 4
80.6440483606706 32.7815105623037 4
82.8280751126521 34.0027599711731 4
85.0138264604701 35.2223185775941 4
87.2013059221715 36.4402170354526 4
89.3904807006481 37.6565589976829 2
91.5812834893244 38.871510916149 2
93.7736107848241 40.085287933663 2
95.9673181039123 41.298140619763 2
98.1622161538167 42.5103473803261 2
100.358073772557 43.7222145482488 2
102.554631493955 44.9340802672971 2
104.751623013822 46.1463141246474 2
106.948792651366 47.3593105847288 2
109.145902206634 48.5734752853893 2
111.342730205506 49.7892038232613 2
113.53907034571 51.006856443034 2
115.734734098606 52.2267313045215 4
117.929557834713 53.4490393001382 4
120.123410027344 54.6738862592165 4
122.316197117373 55.9012667099427 0
124.507868225781 57.131069788754 0
126.698418005373 58.3630945607387 3
35.5672855354361 59.5970695067331 0
37.7557578444256 60.8326711445575 0
39.9433550573593 62.0695392428657 0
42.1302275523389 63.307288961736 0
44.3165434365507 64.5455217493544 0
46.5024770360673 65.7838365087584 0
48.6881985601941 67.0218413208221 0
50.8738661956044 68.2591648559747 0
53.0596212694662 69.4954660829329 0
55.2455857230672 70.730441916216 0
57.4318608637301 71.9638330807696 0
59.618526587829 73.1954285932907 0
61.8056403736219 74.4250695253317 0
63.99323552303 75.6526526832882 0
66.1813183858627 76.8781344757075 0
68.3698646121803 78.1015346768878 0
70.5588149105929 79.3229392890036 0
72.7480713502855 80.5425013961092 3
28.2771951911581 0.942427205019766 0
30.4666117927937 2.15901604978743 3
32.6558130851512 3.37458053399093 3
34.8445710667536 4.58947940081672 3
37.0326517436646 5.80409015110397 1
39.2198310559657 7.0187929684959 1
41.4059094381101 8.23395616915628 1
43.59072342889 9.44992277785559 1
45.7741542354816 10.6669931078937 1
47.9561340081991 11.8854035371724 1
50.1366495483864 13.1053069506813 1
52.315742541859 14.3267614807363 1
54.4935071564122 15.5497321489228 1
56.6700874140984 16.7741045245501 1
58.8456754143103 17.9997067457844 1
61.0205090433868 19.2263320779363 1
63.1948660314056 20.4537516120797 1
65.369051858647 21.6817176851821 3
67.54338272439 22.9099632893185 3
69.7181677845633 24.1382031069453 3
71.8936949875238 25.3661394775197 3
74.070222465093 26.5934734517385 3
76.2479745569762 27.8199189955157 3
78.4271400722114 29.0452180985267 3
80.6078708491404 30.2691553504476 4
82.7902801712337 31.4915712397803 4
84.974441817422 32.7123732574446 4
87.160390574594 33.9315430417043 4
89.3481240343722 35.1491375836307 4
91.5376040083689 36.365283850575 4
93.7287553318844 37.5801677142924 2
95.9214611906492 38.7940201876928 2
98.1155573803502 40.0071055291694 2
100.310831105321 41.2197153215192 2
102.507029719453 42.432169254938 2
104.70388041851 43.6448175420754 2
106.901113505685 44.8580391504562 2
109.098477144464 46.0722336272988 2
111.295740496589 47.2878031858078 2
113.492690496673 48.5051277305139 5
115.689129748377 49.7245371078314 5
117.884879689629 50.946283837637 5
120.079788176898 52.1705202749464 4
122.27373617092 53.3972866321061 3
124.466642939677 54.6265123276167 3
33.3378689893959 55.8580286193951 0
35.5286249654367 57.0915878330921 0
37.7183627877742 58.3268835062949 0
39.9071782408865 59.5635674553582 0
42.0952019790778 60.8012628667338 0
44.2825887749302 62.0395749646036 0
46.4695053059582 63.2781013398183 0
48.6561185868969 64.516443004114 0
50.8425866290799 65.754215884243 0
53.0290522228512 66.9910615200104 0
55.2156397998639 68.2266558238367 0
57.4024541158159 69.4607160036443 0
59.5895796562741 70.6930060585165 0
61.7770799480927 71.9233413630617 0
63.9649961767636 73.151592889151 0
66.1533447726311 74.377691345487 0
68.3421138920969 75.6016310348409 0
70.5312590561487 76.8234727798778 0
72.7206986961598 78.0433450073922 0
74.9103109931305 79.2614420234785 0
77.0999340227999 80.4780186063781 3
32.6290700387844 0.875369126093293 3
34.8180976563164 2.08986186984588 3
37.0064819799757 3.30385547018834 3
39.1939940001534 4.51773096623478 1
41.38042623069 5.73186703110043 1
43.5656056941711 6.94662758973759 1
45.7494025285675 8.16234525447146 1
47.9317350274498 9.37930067441445 1
50.1125718540352 10.5977012544935 1
52.2919316438169 11.8176647577309 1
54.4698812419264 13.0392135073189 1
56.646534861083 14.2622812409736 1
58.8220550651688 15.4867316360089 1
60.996654019017 16.7123826282778 1
63.1705914186027 17.9390237210626 3
65.3441653301246 19.1664233535604 3
67.5176958022127 20.3943295875768 3
69.6915051641212 21.6224696299202 3
71.8659003424778 22.8505528486183 3
74.0411608400923 24.0782791438893 3
76.2175328368753 25.3053517593801 3
78.3952273696005 26.5314922795339 0
80.5744199570342 27.7564557986654 0
82.7552500919644 28.98004511204 0
84.9378204848222 30.2021231368056 4
87.1221967055816 31.4226222916916 4
89.3084076126089 32.6415494716454 4
91.4964458476779 33.8589855382145 4
93.6862667144706 35.0750787915193 4
95.8777840231381 36.290033540651 4
98.0708636607676 37.5040968208724 2
100.265319043307 38.7175474940878 2
102.460914603225 39.9306910331959 2
104.657380791894 41.1438596400944 2
106.854437598545 42.3574133620778 2
109.051816733607 43.5717377818108 2
111.249272706171 44.7872325518056 5
113.446582641183 46.0042896248853 5
115.643541776508 47.2232654488701 5
117.839961841059 48.4444517962643 5
120.03567516825 49.6680492317271 5
122.230542532557 50.8941481152685 3
31.1038575702885 52.1227234869363 3
33.2967575364118 53.3536437992429 3
35.4886186026001 54.5866889436505 0
37.6794645695278 55.8215716405409 0
39.869364597082 57.0579569014921 0
42.0584278080452 58.2954770633767 0
44.2467934579481 59.5337430476592 0
46.4346184522929 60.7723541028844 0
48.622064741643 62.0109078924902 0
50.8092887297722 63.2490113806591 0
52.9964337578952 64.4862917976133 0
55.183625960116 65.7224063958575 0
57.3709727263964 66.9570503730798 0
59.5585622512779 68.1899633794785 0
61.7464631198604 69.4209350810868 0
63.9347232631316 70.6498102131217 0
66.1233679104116 71.8764933539771 0
68.3123964042178 73.1009532245854 0
70.5017779855657 74.3232259116257 0
72.6914470265893 75.5434162027206 0
74.8812987556176 76.7616962229266 0
77.0711872576659 77.9783007050366 0
79.2609280889136 79.1935184830384 3
81.4503064529268 80.4076809507254 3
36.9787895290809 0.803137691335596 3
39.1667459701463 2.01629013410469 5
41.353659739681 3.22951036355144 1
43.5393475283358 4.44317650091725 1
45.7236675962546 5.65764589168502 1
47.9065243018842 6.87323581978509 1
50.087869078568 8.09020192140724 1
52.2676991893859 9.30871843069833 1
54.4460560390957 10.5288660568264 1
56.6230252618518 11.7506315021801 1
58.7987393970621 12.9739202147984 1
60.9733816422095 14.1985795157469 3
63.1471872736881 15.4244189548416 3
65.3204382466229 16.6512220898649 3
67.4934492286967 17.8787503079836 3
69.6665478160318 19.1067428259338 3
71.8400544061864 20.3349178540037 3
74.0142666716704 21.5629781982456 0
76.1894507253069 22.79062182092 0
78.3658379855552 24.0175557839727 0
80.5436251131954 25.2435114012624 0
82.7229745982322 26.4682589641676 0
84.9040148427218 27.691621004262 0
87.0868397620157 28.9134831259345 0
89.2715083384428 30.1338017593594 4
91.4580440884488 31.3526077537278 4
93.6464335454353 32.5700046660124 4
95.8366224898716 33.7861614777398 4
98.0285096595218 35.0013009918096 4
100.221940293718 36.2156868677531 4
102.416704801917 37.4296131038195 2
104.612548061943 38.6433984373007 2
106.809189518249 39.8573853806828 2
109.006347586414 41.071941378132 5
111.203759080876 42.28745459131 5
113.40118646368 43.5043187934385 5
115.598415287524 44.7229086066987 5
117.795249563637 45.9435497412305 5
119.991511204904 47.1664893826949 5
28.866443572291 48.3918716266381 3
31.0611253326434 49.619723587427 3
33.2548666158099 50.8499576226869 3
35.4476195944183 52.0823866682709 3
37.6393811957625 53.3167461052202 0
39.8301948476559 54.552715792244 0
42.0201475946687 55.7899380058758 0
44.2093618593552 57.028030449544 0
46.3979832350575 58.2665961484043 0
48.5861671168709 59.5052326515923 0
50.77406693098 60.7435418908398 0
52.9618255617072 61.9811406118386 0
55.1495701933331 63.2176705136849 0
57.3374101737379 64.452807084228 0
59.5254366282294 65.68626701688 0
61.7137223061042 66.9178147569723 0
63.9023208383371 68.14726855981 0
66.0912650322717 69.3745062025946 0
68.2805640685168 70.599470095006 0
70.4701996266416 71.8221711477415 0
72.6601211944518 73.0426905840727 0
74.8502412404277 74.261178943135 0
77.0404316216888 75.4778517488319 0
79.2305234555562 76.6929816041264 4
81.4203129181811 77.9068869629986 4
83.6095729182377 79.1199194958525 5
85.7980692783451 80.3324523035335 5
41.3252786775811 0.726858267798489 5
43.511608010997 1.93954696268606 5
45.6966016209657 3.15288165521091 1
47.8801487737313 4.36720845490627 1
50.0621832070612 5.58282396907162 1
52.2426811153983 6.79995385636571 1
54.4216594226295 8.01873592772387 1
56.5991764890318 9.23921279889784 1
58.7753357886162 10.4613376565976 1
60.9502910421295 11.6849934694919 3
63.1242499272355 12.9100138857535 3
65.2974720866785 14.1361984472306 3
67.4702585405801 15.3633203936443 3
69.6429336192208 16.5911290293505 3
71.8158240972443 17.8193508133939 0
73.989240995425 19.047693075866 0
76.1634675304812 20.2758522079581 0
78.3387536161115 21.5035258469955 0
80.5153149764772 22.7304272565005 0
82.693334224194 23.9563000343485 0
84.8729619114665 25.1809317450629 0
87.054316741164 26.4041655852875 0
89.2374849776054 27.6259099275136 0
91.4225192502382 28.846144914261 0
93.6094364893225 30.064924920847 0
95.7982142279655 31.2823759270327 4
97.988784706885 32.4986876636713 4
100.181027761331 33.7141017972796 4
102.374766140098 34.9288989219093 4
104.569768860327 36.1433876564957 4
106.765766188053 37.3578980180434 5
108.962472531827 38.5727805490065 5
111.159609552225 39.7884070635399 5
113.35692200835 41.0051633644958 5
115.554181607288 42.2234311370548 5
117.751183155919 43.4435609566715 5
26.6271390841243 44.6658413188154 5
28.8230861882072 45.8904695436677 5
31.0182824710817 47.1175303684664 3
33.2126209090448 48.3469881732048 3
35.4060327575104 49.5786965207748 3
37.5984920061416 50.8124189637173 3
39.7900187863195 52.0478532208144 3
41.9806789029158 53.2846526752544 0
44.1705776622859 54.5224424075134 0
46.3598485509409 55.7608304287168 0
48.5486394992556 56.9994165823495 0
50.7371000507912 58.2378012936918 0
52.925371725396 59.4755949605696 0
55.1135821695329 60.7124276169822 0
57.3018423569913 61.9479581685471 0
59.4902459017115 63.1818826152494 0
61.6788690997462 64.4139414605054 0
63.8677704673805 65.6439267842512 0
66.0569893371785 66.8716890739454 0
68.2465434318877 68.0971434557581 0
70.4364254415835 69.3202745804892 0
72.626598715841 70.5411392581122 0
74.8169924203826 71.7598660488303 0
77.0074970424234 72.976651329349 4
79.197962010969 74.1917517437439 4
81.3881981366278 75.4054733514848 4
83.5779870192215 76.6181586714781 5
85.7670960474173 77.8301746915843 5
87.9552968982601 79.0419037483372 5
90.1423838988337 80.2537355094011 5
45.66788676157 0.648044221223945 5
47.8522793086582 1.86122045823697 5
50.0351755985954 3.07558256843682 1
52.2165299410013 4.29140137487395 1
54.3963345163111 5.50886846576664 1
56.5746207864986 6.72808301840749 1
58.7514640679624 7.94905039097667 3
60.9269893885859 9.1716955735734 3
63.1013762055679 10.3958821025545 3
65.274858590465 11.6214287590571 3
67.4477178383548 12.8481209166204 3
69.6202672115109 14.0757163466503 0
71.7928320726375 15.3039479885757 0
73.9657304914574 16.5325272556792 0
76.1392585639675 17.7611505204909 0
78.3136821415435 18.9895094272314 0
80.4892341092385 20.217303971745 0
82.6661149648771 21.4442566165227 0
84.8444943848953 22.6701257984391 0
87.0245122238061 23.8947178738348 0
89.2062783650258 25.1178975920619 0
91.3898714424139 26.3395965707534 0
93.575336459804 27.5598188460941 0
95.7626810247601 28.7786424021911 0
97.9518697907391 29.9962157947803 4
100.142817391142 31.2127497565379 4
102.335381993371 32.4285049676329 4
104.529363927903 33.6437784973779 4
106.724514339471 34.8588918855273 5
108.920554477119 36.0741842197844 5
111.117199200525 37.2900118795428 5
113.31417742342 38.5067472425217 5
115.51124413058 39.7247685485323 5
24.3875800803419 40.9444394229753 5
26.5841936364573 42.1660802263525 5
28.7803088448989 43.3899365473972 1
30.9757734799628 44.6161516386363 1
33.1704643384038 45.8447493450699 1
35.364295004875 47.075633206495 3
37.5572204524611 48.3086028802756 3
39.749240863 49.5433791093519 3
41.9404028583304 50.779628811101 3
44.1307954107277 52.0169852122975 3
46.3205398988313 53.2550618660175 0
48.509776509693 54.4934623534413 0
50.6986505890175 55.7317883242541 0
52.8873019353285 56.9696476318182 0
55.0758582141953 58.2066629671709 0
57.2644318907941 59.4424806356259 0
59.4531191771363 60.6767791212424 0
61.641999863533 61.9092772319045 0
63.8311370224773 63.1397420599288 0
66.0205758483444 64.3679969375214 0
68.2103415544453 65.5939289645088 0
70.400436423917 66.8174952173147 0
72.5908360789541 68.038726575142 0
74.7814850717447 69.257728244732 4
76.972292207788 70.4746764519623 4
79.1631267504756 71.6898112620055 4
81.3538177753832 72.9034259959629 4
83.5441597825876 74.1158542357754 4
85.7339256973134 75.3274568056711 5
87.9228844817643 76.5386122907602 5
90.1108202702063 77.7497100233343 5
92.2975480953377 78.9611412646775 5
94.4829221109594 80.1732876106244 5
50.0065356796814 0.568493158365308 5
52.1889210971386 1.78309018152987 5
54.3697439465145 2.99930762341262 1
56.5490079971865 4.21729972801258 3
58.7267603269591 5.43712633081871 3
60.9030979056463 6.65875965548884 3
63.0781725461241 7.88209933889772 3
65.252191867051 9.10698848282345 3
67.4254139985392 10.3332271503609 0
69.5981351906057 11.5605815816975 0
71.7706721167847 12.7887897712805 0
73.9433428699454 14.0175658649333 0
76.1164508587643 15.2466060869855 0
78.2902741337284 16.4755976647173 0
80.4650603644648 17.7042305363674 0
82.6410260020439 18.9322105301646 0
84.8183575387706 20.1592723551547 0
86.9972129598139 21.3851913449338 0
89.1777222140874 22.6097941479445 0
91.3599863192627 23.832968098677 0
93.5440750757047 25.054668680044 0
95.7300233549457 26.2749241774472 0
97.9178258236982 27.4938364332737 0
100.107430201818 28.7115767951869 0
102.29873019538 29.9283770802017 4
104.491561129217 31.1445165983534 4
106.68570289152 32.3603075174034 4
108.880893431116 33.5760821872476 5
111.076850487854 34.7921870892247 5
113.273294172402 36.0089816970819 5
22.1493623847222 37.226834773476 5
24.3460252497369 38.4461118656071 5
26.5424755009014 39.6671529055102 1
28.7385306596402 40.8902423277587 1
30.9340300429044 42.1155777496639 1
33.12883818254 43.3432450880424 1
35.3228527023491 44.5732070006285 1
37.5160121314444 45.8053093420618 1
39.7082998688845 47.0393036778257 3
41.8997460223659 48.2748749987531 3
44.0904248705426 49.5116664871546 3
46.2804464219032 50.7492977165318 3
48.4699434157369 51.9873766315734 3
50.6590572250662 53.2255078201275 0
52.8479261822379 54.4632996132798 0
55.0366781662649 55.7003713834913 0
57.2254271990159 56.9363613095044 0
59.4142724547268 58.1709344666789 0
61.6032978837191 59.4037912278215 0
63.7925715817794 60.6346759622568 0
65.9821446506699 61.8633859757685 0
68.1720493009319 63.08978031883 0
70.3622963060815 64.313787477823 0
72.5528719090701 65.5354106854705 0
74.7437341524774 66.7547297404072 4
76.934808659802 67.9718986771223 4
79.1259843789045 69.187139213453 4
81.3171108383527 70.4007304978522 4
83.5079997724909 71.6129962541597 4
85.6984342809791 72.8242910771122 2
87.8881848240018 74.0349893032427 5
90.0770280820703 75.2454777792295 5
92.2647644196826 76.456148949318 5
94.4512287369311 77.6673925182857 5
96.6362928603644 78.8795826801283 5
98.8198629010313 80.0930595161456 5
54.3415769028034 0.490095087110322 5
56.5220106257568 1.70691868597363 3
58.7008809809776 2.92563321135327 3
60.8782564514344 4.14626153278821 3
63.0542615730051 5.36874484326152 3
65.2290777473086 6.59295633081649 3
67.4029386597318 7.81871512999792 0
69.5761199021608 9.04579803657825 0
71.7489237187903 10.2739481283053 0
73.9216615439175 11.5028813035211 0
76.0946378352099 12.7322928478866 0
78.2681379354084 13.9618658162857 0
80.44242095465 15.1912817261647 0
82.6177170445048 16.4202328055975 0
84.7942275598598 17.6484343223073 0
86.9721263074309 18.8756358250012 0
89.1515603855037 20.1016315277371 0
91.332649817121 21.3262697966075 0
93.5154856891956 22.5494614616175 0
95.7001267511473 23.7711864005761 0
97.8865944889375 24.9914974597252 0
100.074866807236 26.2105205444141 0
102.264870983355 27.4284498681435 0
104.456477790705 28.6455380587772 0
106.649500328118 29.8620820219244 4
108.84370151612 31.078407151803 3
111.038811162206 32.2948551305341 5
19.9139470566169 33.5117779836242 5
22.1100415558407 34.7295350482627 5
24.3062455440229 35.9484871683445 1
26.502339783976 37.1689821997659 1
28.698131972621 38.3913309623253 1
30.8934538168652 39.6157765419075 1
33.0881611953801 40.8424640728732 1
35.2821391728371 42.0714198699999 1
37.4753109115011 43.3025464975323 1
39.6676449349775 44.5356366710286 1
41.8591571993686 45.7704007125655 3
44.0499092528821 47.0064955096826 3
46.2400009846856 48.2435478816989 3
48.4295584303461 49.4811704223413 3
50.6187196131135 50.7189714015331 3
52.8076221303612 51.9565615786782 3
54.9963948998154 53.1935602371534 3
57.1851542718292 54.4296015865994 0
59.3740029998241 55.664341867689 0
61.5630300524703 56.8974672682389 0
63.7523098004423 58.1287028050546 0
65.9419002993258 59.3578220616355 0
68.1318412028511 60.5846571208272 0
70.3221514143917 61.8091076951541 4
72.5128265413109 63.03114805612 4
74.7038360788505 64.2508304197892 4
76.8951201057344 65.4682839464694 4
79.0865854561616 66.6837091882706 4
81.2781021135591 67.8973684834958 4
83.4695019308585 69.1095734093695 2
85.6605830425181 70.3206709886248 2
87.8511224552467 71.5310310289858 2
90.040893806874 72.7410370634201 2
92.229685395187 73.9510800907874 5
94.4173134255496 75.1615531126165 5
96.6036268342953 76.3728422604096 5
98.7885057082808 77.5853114077247 5
100.971859787327 78.7992807899655 5
103.153632368141 80.0150037442211 5
58.6735087713555 0.414636193477615 3
60.8521286079401 1.63427639738749 3
63.0292877176315 2.85589958117304 3
65.2051412723228 4.07941443585464 0
67.3798982493118 5.30466442282711 0
69.5538118379666 6.53144071553905 0
71.7271660650171 7.75949333848792 0
73.9002602831544 8.9885402207761 0
76.0733939796124 10.2182752947739 0
78.2468542744059 11.4483772328619 0
80.4209074095958 12.6785197298461 0
82.5957942269963 13.9083831091418 0
84.7717287838511 15.1376661089238 0
86.9488987507704 16.3660965961584 0
89.1274661052318 17.5934413750036 0
91.3075670964323 18.8195152781412 0
93.489310905397 20.0441895012303 0
95.6727767635519 21.2673990021955 0
97.8580095209847 22.489148388335 0
100.045013830443 23.7095152538898 0
102.233747429524 24.9286496486689 0
104.42411473554 26.1467684991147 0
106.615963206978 27.3641445388621 0
108.809085983023 28.581090763504 3
17.682631808251 29.797944384939 3
19.8775303460887 31.0150551875568 3
22.072905334768 32.2327783373352 1
24.2684983480208 33.4514694886901 1
26.4640764862435 34.6714771902436 1
28.6594353805537 35.8931266371444 1
30.8543977835773 37.1166941730189 1
33.0488121756898 38.3423763487344 1
35.2425548425257 39.5702620219902 1
37.4355364339773 40.8003169813821 1
39.6277111884448 42.0323865286153 1
41.8190822092058 43.2662163910627 1
44.009699929636 44.5014835888393 1
46.1996554733398 45.7378251002267 3
48.3890691538858 46.9748588965427 3
50.5780764923966 48.2121971036466 3
52.7668153459789 49.4494537685164 3
54.9554169086479 50.6862501891497 3
57.1440012371605 51.9222199241889 3
59.3326759976063 53.1570145594428 3
61.5215363286449 54.3903106867646 0
63.7106641434778 55.6218183263334 0
65.9001261897553 56.8512907947051 0
68.0899711665897 58.0785355152363 4
70.2802269319994 59.3034244326181 4
72.4708981670573 60.5259025029279 4
74.661964302925 61.7459927476093 4
76.8533773254167 62.9637968180937 4
79.0450590333937 64.1794907749001 4
81.2368977656322 65.3933165295595 2
83.4287457474565 66.6055700031055 2
85.6204197458502 67.8165876143152 2
87.8117085678371 69.0267331302722 2
90.0023882550388 70.2363864418936 2
92.1922396031281 71.4459359596558 2
94.381062732906 72.6557747785581 2
96.5686844964764 73.8662955411324 5
98.7549587900295 75.0778790411076 5
100.939765712378 76.2908751027309 5
103.123016056877 77.5055786428825 5
105.304662045534 78.7222070146651 3
107.484709245692 79.9408872750544 3
63.0029233310094 0.343642864208813 3
65.1800333610796 1.56644569052744 0
67.3559224099501 2.79115719364197 0
69.5308204060965 4.0175877114342 0
71.7049909901645 5.24549764313082 0
73.8787176373331 6.47460877985872 0
76.0522898830078 7.70461434262727 0
78.2259913154184 8.93518877206095 0
80.4000905197147 10.1659982382281 0
82.5748352714809 11.3967120352993 0
84.750449609977 12.6270141059399 0
86.9271329954084 13.8566134518177 0
89.105060337333 15.0852533773738 0
91.2843818822488 16.3127199799816 0
93.4652222368573 17.5388500043938 0
95.6476780617094 18.7635381916816 0
97.8318142579589 19.9867439746154 0
100.017658743702 21.2084968580604 0
102.205196211704 22.4288992744904 0
104.394361729966 23.648125376131 0
106.585035864718 24.8664143883883 0
15.4564425064932 26.084058057469 3
17.6495612924084 27.3013841580017 3
19.8435329098121 28.5187408443955 3
22.0380854160292 29.7364842543171 3
24.232953491767 30.9549698044745 1
26.4278929366023 32.174545663828 1
28.6226865541905 33.3955435940754 1
30.8171458455079 34.6182610782819 1
33.0111105988217 35.842934636576 1
35.2044496013622 37.0697095231591 1
37.3970646666529 38.2986156794394 1
39.5888980199818 39.5295593014179 1
41.7799401832674 40.7623333456141 1
43.9702313356876 41.9966443701999 1
46.1598549236769 43.2321449660799 1
48.3489265231733 44.4684606310474 1
50.5375800672052 45.7052077150658 3
52.7259547379499 46.9420036892383 3
54.9141853899021 48.1784728106112 3
57.1023974745422 49.4142501358548 3
59.2907054028875 50.6489858641761 3
61.4792122658362 51.8823510530685 3
63.6680091034274 53.1140451750214 3
65.8571729003413 54.3438055833343 4
68.0467634193175 55.5714184599218 4
70.2368195308512 56.7967301807654 4
72.4273561580269 58.0196572583653 4
74.61836240879 59.2401930180895 4
76.8098003506365 60.4584097800514 4
79.0016036626126 61.6744561320063 2
81.1936755994031 62.8885496993191 2
83.3858864939189 64.1009664367621 2
85.5780724435607 65.3120278921913 2
87.7700382705119 66.522088299744 2
89.9615679454224 67.7315225571618 2
92.1524405102667 68.9407161011893 2
94.3424446870401 70.1500604642529 2
96.5313880987972 71.3599508344127 2
98.7190998810931 72.5707788353842 2
100.905431098755 73.7829168069067 5
103.090259818089 74.9966947216013 5
105.27350307842 76.2123752030381 4
107.455131103641 77.4301356084487 4
109.635176981653 78.6500603483643 0
111.813738414928 79.8721415567969 0
67.3306715012887 0.278275017353641 3
69.5067830653849 1.50431847390582 0
71.6820142710507 2.73203548015315 0
73.856630256329 3.96115486646852 0
76.0309069645085 5.19137105971297 0
78.205120017106 6.42235528901184 0
80.3795357618115 7.65376682898689 0
82.5544048142259 8.88526461955887 0
84.7299579435053 10.11651885169 0
86.906403942234 11.347221416779 0
89.0839286709241 12.5770948268949 0
91.2626944385214 13.8059001724077 0
93.4428390620821 15.0334443451192 0
95.6244740139293 16.2595868317576 0
97.8076812631862 17.4842463079317 0
99.9925087280434 18.7074068554895 0
102.178964603924 19.9291229904854 0
104.367011231112 21.1495220481557 0
13.2359582101068 22.3688021242706 3
15.4268658052454 23.5872240501045 0
17.618938450948 24.8050974677178 3
19.8119403119033 26.0227642113806 3
22.0056100797716 27.2405821108896 3
24.199681134322 28.4589112801816 1
26.3939000208703 29.6781040585323 1
28.5880377531781 30.8984970862828 1
30.7818932889736 32.1204006936778 1
32.9752950988781 33.3440795069936 1
35.1681027426748 34.5697250628534 1
37.3602100248718 35.7974274262394 1
39.5515503730208 37.0271567435128 1
41.7421034048726 38.2587629004416 1
43.9318992188796 39.4919936527513 1
46.1210143096505 40.7265256622593 1
48.3095604391491 41.9619964590895 1
50.4976708979396 43.1980281888447 1
52.6854872577439 44.4342419358585 1
54.8731493865242 45.6702650928273 1
57.0607898405216 46.9057352064699 3
59.2485317595276 48.1403031666468 3
61.4364882754299 49.3736375527219 3
63.6247615865695 50.6054310301797 3
65.8134407704779 51.83540904726 3
68.0025983621491 53.0633404934196 4
70.1922863152801 54.2890493238203 4
72.3825321413993 55.5124255294535 4
74.5733361126317 56.7334334281357 4
76.7646701766637 57.9521154599018 2
78.9564778140018 59.1685909172611 2
81.1486736857011 60.3830500579239 2
83.341142464742 61.5957447098981 2
85.5337373978731 62.8069767632329 2
87.7262806496193 64.01708610823 2
89.9185686690176 65.2264391164053 2
92.1103844019778 66.4354171966708 2
94.3015110805987 67.6444096074044 2
96.4917419663292 68.853811595611 2
98.6808848566314 70.0640206859728 2
100.86876414448 71.2754250015848 2
103.055226591268 72.4883825138959 4
105.240154088869 73.7031953927926 4
107.42347978353 74.9200881555606 4
109.605200351615 76.1391943601992 0
111.785379796105 77.3605519093654 0
113.964144718412 78.5841066094464 0
116.14167392386 79.8097220438767 0
71.6578850243866 0.219181290623512 3
73.8336242503216 1.4482474862368 0
76.0088507254126 2.67860769378407 0
78.1838287566131 3.90993197850767 0
80.3588186193115 5.14187405610359 0
82.5340699064436 6.37408348250832 0
84.7098166781519 7.60621758441902 0
86.8862742551853 8.83795227094602 0
89.0636372446082 10.0689910014632 0
91.2420781336822 11.2990724484488 0
93.421746014469 12.5279772302016 0
95.6027649274122 13.7555340333129 0
97.7852312787606 14.9816255784925 0
99.9692100120789 16.2061947081403 0
102.154729593774 17.4292503266864 0
11.0211747847414 18.6508721489907 3
13.2096872099486 19.8712124986642 0
15.3995525571825 21.0904931050702 0
17.590606622029 22.3089955857743 0
19.7826393560546 23.527046840786 3
21.9754067860703 24.7450018169008 3
24.1686482578042 25.9632260108059 3
26.3621054652263 27.1820805249957 1
28.5555381713187 28.401910901606 1
30.7487327819869 29.623037998879 1
32.9415046774626 30.8457459478575 1
35.133700948087 32.0702614205313 1
37.3252047254607 33.2967263842658 1
39.5159405123125 34.5251733090037 1
41.7058794078333 35.7555140346858 1
43.8950425399219 36.9875480579978 1
46.0834997828003 38.2209871348909 1
48.2713600362518 39.4554882504782 1
50.4587571001424 40.6906830921015 1
52.6458361501187 41.9261976219459 1
54.8327434290002 43.1616625784916 1
57.0196202120431 44.3967182843628 1
59.2066002454561 45.6310173097717 1
61.3938087530269 46.8642276261489 3
63.5813611943566 48.0960377350763 3
65.7693608018119 49.3261643389862 5
67.9578948441218 50.554362383748 5
70.1470301745146 51.780436606883 5
72.3368088804426 53.0042530437458 4
74.5272448196745 54.2257484893547 2
76.7183215970186 55.4449360132206 2
78.9099924442005 56.6619052065731 2
81.1021812657301 57.8768174467556 2
83.2947833869772 59.0898975807184 2
85.4876654192895 60.3014236767235 2
87.6806650755495 61.5117162695624 2
89.8735932484295 62.721128082876 2
92.0662413034092 63.9300333314098 2
94.2583926441049 65.1388180372156 2
96.449832158736 66.3478760666738 2
98.6403515407778 67.5576072241592 2
100.829752786008 68.7684094701542 2
103.017854710414 69.9806616210767 2
105.204506050522 71.1946987627488 4
107.389602807812 72.4107880655612 4
109.573102970079 73.6291106183651 4
111.755033049383 74.8497512838697 0
113.935485320775 76.0726976025755 0
116.114608256857 77.2978467069673 0
118.292593826472 78.5250176074972 0
120.46966456461 79.7539658021949 0
75.9857612706352 0.166386383246785 3
78.1617357031354 1.39797441057705 0
80.337538418035 2.63036859068365 0
82.5134147292324 3.86321063637084 0
84.689598791157 5.09614614657166 0
86.8663096008836 6.32883600756992 0
89.0437481339663 7.56096579995848 0
91.2220951060355 8.79225345705892 0
93.4015090893804 10.0224558007452 0
95.5821247361635 11.2513742003762 0
97.7640505813001 12.4788598027165 0
99.9473659045041 13.7048189160375 0
8.81151493538351 14.9292188288874 3
10.9977077224753 16.1520936081341 0
13.1853057255496 17.3735485109651 0
15.3742235458555 18.5937609295224 0
17.5643257505963 19.8129758018231 0
19.755429519084 21.0314950401782 3
21.9473127114747 22.2496620801053 3
24.1397273877939 23.4678432239735 3
26.3324169911654 24.6864088587391 1
28.5251334754615 25.9057175274945 1
30.717650234427 27.1261039427025 1
32.9097688357215 28.3478687920281 1
35.1013217199669 29.5712652392549 1
37.2921772633056 30.796477249767 1
39.4822470367444 32.023593763947 1
41.6714921236039 33.2525894099692 1
43.8599259301997 34.4833220485898 1
46.0476123016464 35.7155493347947 1
48.2346579591925 36.9489577909384 1
50.4211986559665 38.1831951339802 1
52.6073848123316 39.4178954821548 1
54.7933706899503 40.6526941581372 1
56.9793079558807 41.8872346498171 1
59.1653427227759 43.1211716220994 1
61.3516141581693 44.3541733382341 1
63.5382528849299 45.5859256478579 1
65.7253782067535 46.8161385380084 5
67.913094056953 48.0445553346919 5
70.1014841425974 49.2709638915033 5
72.290607045249 50.4952083891977 5
74.4804921255996 51.7171997753802 2
76.6711369427585 52.9369227110189 2
78.8625064691531 54.1544374949919 2
81.05453409244 55.3698765952215 2
83.2471238174724 56.5834369858562 2
85.4401521124362 57.7953705845859 2
87.6334688198172 59.005974657649 2
89.8268981372686 60.215583130423 2
92.0202421858955 61.4245579210881 2
94.2132887701737 62.6332791520992 2
96.4058199838438 63.8421380354187 2
98.5976175205001 65.0515341372709 2
100.788466757489 66.2618703979439 2
102.978163691652 67.4735397070401 2
105.166527925643 68.6869029183303 4
107.353420412652 69.902264158429 4
109.538760008887 71.1198490247635 4
111.722532927378 72.339789297748 0
113.904792874159 73.5621166934238 0
116.085653479163 74.786765899637 0
118.265276488653 76.0135848947454 0
120.443858975844 77.2423493408036 0
122.621621593656 78.4727781318195 0
124.798798627775 79.7045484730334 0
80.3153291526463 0.119298555445883 3
82.4920529048533 1.35268766954728 0
84.6689007643412 2.58633969722989 0
86.8460927753539 3.81990163601019 0
89.0238339058023 5.05304216713813 0
91.2023111294753 6.28545963633639 0
93.3816908188411 7.51688866214307 0
95.5621165296955 8.74710569144911 0
97.7437069328307 9.97593374674064 0
6.60595174404022 11.203246969394 3
8.7901142401598 12.4289756772889 0
10.975617682833 13.6531121165589 0
13.1624463481037 14.8757161297066 0
15.3505394505866 16.0969190043504 0
17.5397883928695 17.3169232607137 0
19.7300373242222 18.5359968648016 0
21.9210881688139 19.7544615465801 3
24.1127106147145 20.9726757370123 3
26.3046563862116 22.1910144493562 3
28.496675511503 23.4098494574333 1
30.6885311551103 24.6295327451713 1
32.8800101975568 25.8503839770055 1
35.0709293698476 27.0726792792227 1
37.2611398325718 28.2966363046673 1
39.4505352172664 29.5223923506519 1
41.639061027727 30.7499816702352 1
43.8267198547486 31.9793236024804 1
46.0135694187248 33.2102294230575 1
48.1997143305667 34.4424257316236 1
50.3852933267475 35.6755853001826 1
52.5704640112576 36.9093561689398 1
54.7553907886997 38.1433813353722 1
56.9402377404684 39.3773088516166 1
59.1251652236918 40.6107960913517 1
61.3103281142317 41.8435120882601 1
63.4958738771817 43.0751407450223 1
65.6819395131924 44.3053863789332 5
67.868647258704 45.5339820006401 5
70.0560994232977 46.7606999267392 5
72.2443730102133 47.9853636240245 5
74.4335149326951 49.2078589981929 2
76.6235386834812 50.4281428883002 2
78.8144230717465 51.6462467353623 2
81.0061130388932 52.8622745290152 2
83.1985219457444 54.0763958938825 2
85.3915346864496 55.2888365049682 2
87.5850103303602 56.4998687037958 2
89.7787837224304 57.70980394424 2
91.9726673314632 58.9189865559022 2
94.1664556557527 60.1277860439213 2
96.3599318507623 61.3365886334088 2
98.5528730146224 62.5457916447256 2
100.745054085683 63.7557992389753 2
102.936254507404 64.9670124786852 2
105.12627049454 66.1798109335357 2
107.314932263679 67.3945292042753 4
109.50212145807 68.6114330474268 4
111.687783126904 69.8306997239356 4
113.871929207427 71.052406461607 0
116.054633994797 72.2765288163053 0
118.236024343733 73.5029480408102 0
120.416267768053 74.7314644816579 0
122.595560817667 75.961813525689 0
124.774118937566 77.1936816308174 0
126.952168027784 78.4267214938731 0
129.129937400221 79.6605664027185 0
84.6473531051769 0.0768323269787043 3
86.8252353517041 1.31117712646194 0
89.0034902651998 2.54524204058537 0
91.182309070495 3.77870679451827 0
93.3618643194685 5.01128486950949 0
95.542307046964 6.24272928044625 0
4.4031629398745 7.47283729070698 3
6.58573617585968 8.70145434448902 0
8.76949755251782 9.92847816110284 0
10.9544867804587 11.1538637451104 0
13.1407064718673 12.3776291675622 0
15.3281175978361 13.5998609372856 0
17.51663605035 14.820716975834 0
19.7061316749982 16.0404252471954 0
21.8964309425969 17.2592766375429 0
24.0873239626541 18.47761144744 3
26.27857574663 19.6958006186287 3
28.4699404568704 20.9142243772167 3
30.6611762031889 22.1332517831774 1
32.8520576520565 23.3532239913785 1
35.0423851456924 24.5744414009353 1
37.2319916292714 25.7971513878753 1
39.4207502361262 27.0215321240082 1
41.6085850504367 28.2476716774134 1
43.795480780972 29.475550509788 1
45.9814843565495 30.7050385161622 1
48.1666966852594 31.9359105983718 1
50.3512588471325 33.1678743745577 1
52.5353366594944 34.4005997545867 1
54.7191067512049 35.6337426389797 1
56.9027479403906 36.866958709646 1
59.0864370232141 38.0999096601176 1
61.2703465334434 39.3322660929272 1
63.4546424728735 40.5637104492284 1
65.6394810235343 41.7939418719042 1
67.8250041017223 43.0226836769887 5
70.0113340483138 44.2496932913218 5
72.1985679455514 45.474773890157 5
74.3867722491537 46.6977862949665 5
76.5759786346744 47.9186590178516 2
78.7661819471501 49.1373940767526 2
80.9573406792709 50.35406688055 2
83.1493795570345 51.5688202320089 2
85.3421930561802 52.7818546413867 2
87.5356488643458 53.9934181835576 2
89.7295905901486 55.2037987400268 2
91.9238394774178 56.4133193279456 2
94.1181968694195 57.6223335487952 2
96.3124487548183 58.8312184090746 2
98.5063710163588 60.0403665936133 2
100.699733352781 61.250180640411 2
102.892304962293 62.4610651479691 2
105.083865327303 63.6734121094279 2
107.274219958201 64.8875798935555 4
109.463217539203 66.1038689887697 4
111.650763562749 67.3224992308156 4
113.83682700121 68.5435933337958 0
116.021439422686 69.7671700716915 0
118.204688243774 70.9931477389633 0
120.38670673023 72.2213556513191 0
122.567663150565 73.4515499403998 0
124.747750661943 74.6834303227403 0
126.927178541011 75.9166560987757 0
129.10616466702 77.1508610825131 0
131.284928916794 78.3856677191137 0
133.463687250624 79.6207004065394 0
88.9823458887068 0.0375859075722574 3
91.1616997940383 1.27200953039461 0
93.3416253326165 2.50565292584465 0
2.20167815670277 3.73824662429779 3
4.38319577236847 4.96956353757355 0
6.56568624388562 6.19942278273562 0
8.7492319296993 7.42769297586226 0
10.9338849866567 8.65429623084542 0
13.1196635621543 9.87921331473654 0
15.3065475415035 11.1024893728093 0
17.494474766131 12.3242387356001 0
19.6833389481193 13.5446468973364 0
21.8729904658823 14.7639676728611 0
24.0632409121109 15.9825140598055 3
26.2538716492019 17.2006427384228 3
28.4446457386748 18.4187337566058 3
30.6353216240745 19.6371683486626 1
32.8256663128132 20.8563084031129 1
35.0154662978523 22.0764799853608 1
37.2045363898369 23.2979602813116 1
39.3927286430398 24.5209642381618 1
41.5799432461695 25.7456276824579 1
43.7661406070112 26.9719891039473 1
45.9513485690541 28.1999792775063 1
48.1356581524771 29.4294274341738 1
50.3192094442261 30.6600840680955 1
52.5021748442346 31.8916497082313 1
54.6847437080908 33.1238000758732 1
56.8671113141779 34.3562033115606 1
59.0494730591091 35.5885285640599 1
61.2320212932068 36.8204498556473 1
63.4149424837048 38.0516491515478 1
65.5984136084144 39.2818209539487 1
67.7825976077062 40.5106792849239 5
69.9676380905414 41.7379670547564 5
72.1536535867797 42.9634673312698 5
74.3407318256142 44.1870155102523 5
76.5289248655054 45.4085106539248 2
78.7182461392701 46.6279235996857 2
80.9086702375511 47.8452994824304 2
83.100135407107 49.0607536035105 2
85.2925476687759 50.2744619427881 2
87.4857849067056 51.4866498273929 2
89.6796998086652 52.697582737366 2
91.8741216956038 53.9075613074784 2
94.0688581080492 55.1169191617282 2
96.2636982044009 56.3260188605742 2
98.4584178457125 57.5352448626956 2
100.652784491811 58.7449956250975 2
102.846562116809 59.9556759423072 2
105.039519861415 61.1676852228478 2
107.231445337465 62.381399368024 2
109.422160292101 63.5971476045821 4
111.611534707731 64.8151881282519 4
113.799495933654 66.0356876075828 0
115.986031448354 67.2587091503299 0
118.171185824509 68.4842110777709 0
120.355053610656 69.712055549195 0
122.537770163612 70.9420234988921 0
124.719502147202 72.1738318456294 0
126.900438682248 73.4071502745167 0
129.080783375846 74.6416167141228 0
131.260747045936 75.8768517348469 0
133.44054097401 77.1124721755998 0
135.620370759786 78.3481038169454 0
137.800431168747 79.5833923090551 0
