x           y           stackinginfo
138.534018529381 80.7889523203553 1
94.0188772485079 1.26756762887154 1
2.84268754182931 2.56578621777916 1
4.98658339255575 3.86516824247313 1
7.13025620685123 5.16516813871819 1
9.27404476664815 6.46515061539104 1
11.4183122862456 7.76443519712771 1
13.5634265567308 9.06233752565332 1
15.7097422957145 10.3582035683865 3
17.857581726865 11.6514428285927 3
20.0072117155053 12.9415651968631 3
22.1588210363837 14.2282173978287 0
24.3125042021162 15.5112091299573 0
26.4682569152251 16.7905205140227 0
28.6259841515884 18.0662889981213 0
30.7855177502879 19.3387806544665 0
32.9466381500774 20.60835442876 0
35.1090950344567 21.8754276383839 0
37.2726233887707 23.1404482305003 0
39.4369540226813 24.4038757974692 0
41.6018190343879 25.6661709118072 0
43.7669532812433 26.927790979659 0
45.9320932828111 28.1891904064257 0
48.0969751177343 29.450822697446 0
50.2613327121711 30.7131422459061 0
52.4248972672184 31.976604481085 0
54.5873985151667 33.2416637056935 0
56.748568967156 34.5087672305431 0
58.908152999843 35.7783430311463 0
61.0659211658646 37.0507794526231 0
63.2216887761433 38.3263980574474 0
65.375337294473 39.6054210400566 0
67.5268361604581 40.8879357352384 0
69.6762615604888 42.1738607166451 0
71.8238075494559 43.4629205140181 0
73.969784411168 44.7546382629001 4
76.1146003127582 46.0483554605406 4
78.2587257114211 47.3432833033335 4
80.4026446922476 48.6385813660797 2
82.5468016587718 49.9334502544886 2
84.6915545023914 51.227218807078 2
86.8371461967672 52.5194046304114 2
88.9837039736735 53.8097305313033 2
91.131266170025 55.0980923502943 2
93.2798214005205 56.3844982448995 2
95.4293430314403 57.6690097208595 2
97.5798107250003 58.9517001719557 2
99.7312153545755 60.2326399581225 2
101.883550818135 61.5119055040345 2
104.036797652285 62.7896032209945 2
106.190904609252 64.0658962952627 2
108.345774073742 65.3410251068048 2
110.501255275572 66.6153162534687 5
112.657146875016 67.8891782937766 5
114.81320820575 69.1630853754554 5
116.969176877354 70.4375514252905 5
119.124789717824 71.7130978886134 1
121.279803835619 72.9902181453666 1
123.43401466594 74.2693422459415 1
125.5872683998 75.5508064266508 1
127.739467437744 76.8348322990095 1
129.890569095888 78.1215196896316 1
132.040578855774 79.4108542717787 1
134.189539897785 80.7027270330212 1
89.67722169228 1.17894652102777 1
91.8243193332418 2.47530091213051 1
93.9706628758097 3.77348277599855 1
96.1164432703904 5.07310913367218 1
4.94132015694197 6.37368579819258 1
7.08681589111107 7.67461566624731 1
9.23268084250142 8.9752370276751 1
11.3792721473837 10.2748674824955 1
13.5269304513767 11.572838224387 3
15.6759627943031 12.8685228013547 3
17.8266258745776 14.1613685377558 3
19.9791087464931 15.4509327301481 0
22.1335183404402 16.7369166788549 0
24.2898725255423 18.0191870362911 0
26.4481033780342 19.2977775187156 0
28.6080697771763 20.5728711014561 0
30.769575596144 21.844768911128 0
32.932388642829 23.1138545880963 0
35.0962566139275 24.3805616106778 0
37.2609185606992 25.6453478910389 0
39.4261116276144 26.9086790898484 0
41.5915736849018 28.1710198661681 0
43.7570429956752 29.4328310605313 0
45.9222563652429 30.6945703484604 0
48.0869472100447 31.9566939928209 0
50.2508445578529 33.2196577876653 0
52.4136737018958 34.4839161186728 0
54.5751594046647 35.7499183083853 0
56.7350332827796 37.018100255778 0
58.8930467974295 38.28886872112 0
61.0489891361127 39.5625784059529 0
63.2027086017917 40.8395030308402 0
65.354135417595 42.1198021151734 0
67.5033028980218 43.403486615148 0
69.6503628746197 44.6903888168721 0
71.7955903320977 45.9801444335049 4
73.9393723561042 47.2721963584369 4
76.0821787739681 48.5658277743125 4
78.2245162464149 49.860226031668 2
80.3668726539966 51.1545694641071 2
82.5096628454054 52.4481205851726 2
84.6531890188252 53.740303705339 2
86.7976276089584 55.0307449601853 2
88.9430482433523 56.3192614489623 2
91.0894554043589 57.6058085519016 2
93.2368312456665 58.8904173115616 2
95.3851669081822 60.1731462386435 2
97.5344751088762 61.4540590971491 2
99.6847842560163 62.7332282407142 2
101.836119714271 64.0107539670418 2
103.988480318417 65.2867887094752 2
106.141818291729 66.5615566986287 2
108.296027971496 67.8353640011195 5
110.450945295228 69.1085978324819 5
112.606357072336 70.3817153527721 5
114.76201731251 71.6552233386142 5
116.917667290701 72.9296505611042 5
119.073056167163 74.2055148699357 1
121.22795941542 75.4832875802193 1
123.382192885366 76.7633593146823 1
125.535621210613 78.0460128038706 1
127.688160313778 79.3314083769295 1
129.839774425561 80.6195853564841 1
85.3301676104591 1.09246589267558 1
87.4799759218714 2.38592377975647 1
89.6289570720856 3.68173343904909 1
91.7772010369114 4.9796187973867 1
93.9248522292824 6.27922548597595 1
96.0721291595143 7.58010036950705 1
98.2193231977625 8.88168737100794 1
7.04617301640016 10.1833517233561 1
9.1942357946007 11.4844215898113 1
11.3432466426992 12.784226396593 1
13.4935029820156 14.0821230221107 3
15.6452492112892 15.3775198375597 3
17.7986661219462 16.6699066903934 3
19.9538620868624 17.9588899617051 0
22.1108678453788 19.2442237204788 0
24.2696374159625 20.5258265978102 0
26.4300560391728 21.8037788990556 0
28.5919536106733 23.0783015854253 0
30.7551201278518 24.3497241920748 0
32.9193201336163 25.6184499695882 0
35.0843043184192 26.8849249681887 0
37.24981722152 28.1496149082271 0
39.4156010125281 29.4129906170692 0
41.5813961541064 30.6755208359507 0
43.746940167938 31.9376702392188 0
45.9119658461853 33.1999001421929 0
48.0762000773984 34.4626696469428 0
50.2393641773347 35.726435588153 0
52.4011765350391 36.9916502760247 0
54.5613587257609 38.2587558621253 0
56.7196470375247 39.5281726420955 0
58.8758094531608 40.8002800235189 0
61.0296666028327 42.0753911523564 0
63.1811147270765 43.3537224373281 0
65.3301479056277 44.6353602994752 0
67.4768759858893 45.9202292096841 0
69.6215337444971 47.2080674910473 0
71.7644763412758 48.4984195039215 4
73.9061572616844 49.7906530259568 4
76.0470883525493 51.0840071200329 4
78.1877864764912 52.377668154268 2
80.3287162279929 53.6708619309239 2
82.4702414690682 54.9629414827662 2
84.6125988965436 56.2534461319402 2
86.7559041526036 57.5421117526897 2
88.900188253776 58.8288313786861 2
91.0454449710892 60.1135931676553 2
93.1916723991022 61.3964267973714 2
95.3388970035244 62.6773760657069 2
97.487174784735 63.9564987789801 2
99.6365731585072 65.2338832800691 2
101.787142314256 66.5096697921974 2
103.938887672289 67.7840678095475 2
106.091752021135 69.0573656446271 2
108.245610746502 70.3299309604416 5
110.400279060886 71.6022029028847 5
112.555527659165 72.8746764857692 5
114.711102730795 74.1478799919899 5
116.866746746618 75.4223466316167 1
119.02221731425 76.6985815779535 1
121.177302439712 77.977026810021 1
123.331831318434 79.2580292046514 1
125.485680372129 80.5418185095649 1
80.9784737067901 1.01048898165006 1
83.1307814265322 2.300054769493 1
85.2823065771425 3.59239894743435 1
87.4330785780282 4.88733837261872 1
89.5831531293519 6.18461994551953 1
91.732629336584 7.48391210211867 1
93.8816745351451 8.78478997194315 1
96.0305375352177 10.0867307320118 1
98.1795362625278 11.3891283417399 1
100.329022154466 12.6913268547084 1
9.15873632189167 13.9926593711676 1
11.3101824637075 15.2924782094888 1
13.4629992700236 16.5901733286111 3
15.6173591079947 17.8851925113447 3
17.7733645810856 19.1770701642979 0
19.9310490280563 20.4654610698459 0
22.090379300385 21.7501687653696 0
24.2512616737614 23.0311586091996 0
26.4135509661916 24.3085513934097 0
28.5770614841369 25.5826003220867 0
30.7415783143213 26.8536584710978 0
32.9068675937385 28.1221448302436 0
35.0726843101312 29.3885153430121 0
37.2387769602957 30.6532420223175 0
39.4048892796307 31.9168003042866 0
41.5707598575194 33.179663100809 0
43.7361208166831 34.442299240114 0
45.9006967608582 35.7051738667564 0
48.0642050231368 36.9687487426143 0
50.2263580991852 38.2334809658555 0
52.386869103 39.4998190791517 0
54.5454619516861 40.7681945652013 0
56.7018873632239 42.0390063467883 0
58.8559432064068 43.3125986391024 0
61.0074971449908 44.5892332196266 0
63.156508988011 45.8690578369745 0
65.3030496326434 47.1520740579431 0
67.4473129039477 48.4381097873331 0
69.5896159473955 49.7268039245581 4
71.7303840362481 51.0176117617327 4
73.8701178933855 52.3098382534246 4
76.0093458545907 53.6027010372381 2
78.1485681185647 54.8954161979665 2
80.2882040047763 56.1872897802223 2
82.4285547016961 57.4777905496518 2
84.5697951028895 58.7665789912208 2
86.7119986040881 60.0534834569665 2
88.8551821651315 61.3384426978074 2
90.9993537972344 62.6214487377107 2
93.144547738118 63.9025142646307 2
95.2908369897176 65.1816707913541 2
97.4383217460407 66.4589850821235 2
99.5870993692182 67.7345797226877 2
101.737229274804 69.008648199169 2
103.888706070366 70.281461870609 2
106.041448095955 71.5533699304976 4
108.195301379144 72.8247931848858 5
110.350054621454 74.0962118432448 5
112.505459757981 75.3681474334732 5
114.661253646276 76.641139002522 3
116.817177872311 77.9157146006849 1
118.972995064117 79.1923589686449 1
121.128501406453 80.4714798934705 1
76.6232348571887 0.935368651618468 1
78.7776827585955 2.22023098474492 1
80.9314778085452 3.50811765111023 1
83.084594445427 4.7989830634237 1
85.2370379732799 6.09268918840046 1
87.3888382224122 7.38901513687135 1
89.540056990286 8.68765541936212 1
91.6908105445296 9.98820980046439 1
93.8412935513595 11.2901800101218 1
95.991784395167 12.5929831103611 1
98.1426205916651 13.8959796752269 1
100.294152527741 15.1985095045699 1
102.446696603619 16.4999238353393 1
11.2799026625799 17.799606359292 3
13.4351479819956 19.0969848458615 3
15.5919295536924 20.3915484403911 3
17.7502774271588 21.6828757890098 0
19.9101617473157 22.9706678022005 0
22.0715008489494 24.254773729872 0
24.2341688226534 25.5352011445109 0
26.3980028330968 26.8121067671182 0
28.5628103198076 28.0857717692704 0
30.7283762559585 29.3565689481313 0
32.8944695855649 30.6249300179075 0
35.0608478901178 31.8913187743738 0
37.2272599033118 33.1562124112644 0
39.3934461145178 34.4200905915396 0
41.559138210722 35.6834304525259 0
43.7240584229711 36.9467051372685 0
45.8879199129907 38.2103835590259 0
48.0504292288645 39.4749295563276 0
50.2112916216752 40.7407991115403 0
52.3702203497577 42.0084341527367 0
54.5269517176744 43.2782502025161 0
56.681264856423 44.5506171266033 0
58.8330038651733 45.8258339579497 0
60.9820996789114 47.1040990914512 0
63.1285888545356 48.3854785780392 0
65.2726263866084 49.669877136564 0
67.4144892267036 50.9570182745037 0
69.5545667614775 52.2464413577266 4
71.6933355047078 53.5375231042809 4
73.8313184807038 54.8295277634979 2
75.9690343796862 56.1216833333047 2
78.1069451974018 57.4132713718804 2
80.2454126011951 58.703708151822 2
82.3846773924191 59.9925891662892 2
84.524870113526 61.2796810259927 2
86.6660477463397 62.5648713424654 2
88.8082397901364 63.8481107774767 2
90.9514895807176 65.1293748230574 2
93.0958784891343 66.4086594720595 2
95.241526118584 67.6859996401844 2
97.3885656536665 68.9614918730856 2
99.5371051092459 70.2353091986778 4
101.687191238674 71.5077053515663 4
103.83878869941 72.7790117718015 4
105.991778147186 74.0496307643793 4
108.1459693237 75.3200254451453 4
110.301122212598 76.590705427501 3
112.456970171576 77.8622075499877 3
114.613241205597 79.1350717147361 3
116.76967556293 80.4098129742942 3
72.2657388812066 0.868879098623779 3
74.4218356493166 2.14866624772525 1
76.5775133492866 3.43142657028014 1
78.7326691641191 4.71730502661148 1
80.8872472285651 6.00633091825146 1
83.0412298037049 7.29842746720725 1
85.1946265960679 8.59341978399672 1
87.3474722855734 9.89103642017764 1
89.4998402564516 11.190905414613 1
91.6518688747093 12.4925519942287 1
93.8037822513623 13.7954109831409 1
95.9558848873786 15.0988550884229 1
98.1085242460763 16.4022300557413 1
100.262036348602 17.7048874450815 1
102.41669855685 19.0062075493017 1
104.572704401437 20.3056112057458 3
13.4095588462739 21.6025660319267 3
15.5684948738144 22.8966021643846 3
17.7288797013851 24.187340640097 0
19.8906347360913 25.4745258777733 0
22.0536444396391 26.7580498258831 0
24.2177631550418 28.0379589966305 0
26.3828191166024 29.3144427057677 0
28.5486177370778 30.5878066853151 0
30.7149450525157 31.858440311873 0
32.8815709760114 33.1267855091909 0
35.0482517565151 34.3933122268526 0
37.2147313015899 35.6585019420095 0
39.380741523437 36.9228382549094 0
41.546002391362 38.1868025244685 0
43.7102227261432 39.4508721390117 0
45.873102855885 40.7155193087678 0
48.0343400807568 41.9812087585947 0
50.193637706867 43.2483929930561 0
52.3507193297147 44.5175026134942 0
54.5053482364121 45.7889297376718 0
56.6573491518939 47.0630051614379 0
58.8066293641406 48.3399703285888 0
60.9531964877845 49.6199463159061 0
63.0971707224343 50.9029040524602 0
65.2387896037639 52.1886417611122 0
67.3784025732653 53.4767765468207 4
69.5164524523109 54.7667571649677 4
71.6534427743812 56.0579030167315 4
73.7898939311464 57.3494696340982 2
75.9262947458995 58.6407327665607 2
78.0630568954682 59.9310729634192 2
80.2004855889495 61.2200321260117 2
82.3387772601423 62.5073203519332 2
84.4780447377762 63.7927754437488 2
86.6183556654795 65.0763059547459 2
88.7597723755492 66.3578489225409 2
90.9023833370709 67.6373604432764 2
93.046316188073 68.9148358487632 2
95.1917245787365 70.1903369744604 4
97.3387526139883 71.4640096781193 4
99.4874931507628 72.7360869597845 4
101.637957195714 74.0068824765657 4
103.790063477946 75.2767807109993 4
105.943647098876 76.546226584675 4
108.098480074479 77.8157137953458 4
110.254295866183 79.0857698724081 3
112.410812498731 80.3569367523057 3
67.9074511005041 0.811735623188921 3
70.0645534912725 2.08668705497238 3
72.221590304069 3.36421273368218 3
74.3783737278857 4.64465487347884 3
76.5347643737448 5.92824630693548 3
78.6906737026934 7.21510320751417 1
80.8460587376507 8.50522589311268 1
83.0009104823145 9.79850179890074 1
85.1552440598931 11.0947065126287 1
87.3091014780916 12.3935033954687 1
89.4625718034743 13.6944457552967 1
91.6158193672134 14.9969873320347 1
93.7690976912365 16.3005095544327 1
95.9227312174744 17.6043596142445 1
98.0770663379251 18.9078868347752 1
100.232412860529 20.2104685282439 1
102.389000695981 21.5115221885038 1
104.546963263555 22.8105087718403 3
106.706343776847 24.106935462005 3
15.5465123505956 25.4003716434832 0
17.7085925338006 26.6904789298984 0
19.8718691542869 27.9770434936143 0
22.0362051674816 29.2599980011304 0
24.2014441668997 30.5394257853124 0
26.3674105296761 31.8155461299935 0
28.5339089367039 33.0886863051722 0
30.7007246249323 34.3592493469802 0
32.8676244210183 35.6276850321897 0
35.0343580015725 36.894467918197 0
37.2006589283083 38.1600830113293 0
39.3662455375459 39.425017634906 0
41.5308223763134 40.6897572928508 0
43.6940832689025 41.9547832393469 0
45.8557171138068 43.2205699079532 0
48.0154171378632 44.4875808135824 0
50.1728947998708 45.7562608485014 0
52.3278990890686 47.0270221749081 0
54.4802382785825 48.3002235882662 0
56.6298004676619 49.5761442748495 0
58.7765698681939 50.8549536554813 0
60.9206371999667 52.1366811074907 0
63.0622037081499 53.421191475131 0
65.2015779088231 54.7081730402338 4
67.3391627952609 55.9971441090857 4
69.4754312931147 57.2874830499181 5
71.6108906745996 58.5784833497293 5
73.7460404201683 59.8694294243766 5
75.8813282170082 61.1596802571311 2
78.0171156011986 62.4487343785306 2
80.1536659664503 63.7362504595604 2
82.2911578362343 65.0220184401399 2
84.4297126981399 66.3059053062182 2
86.5694270428696 67.5878104307651 2
88.7104039213757 68.8676504437043 2
90.8527750574218 70.1453777399808 4
92.9967013215029 71.4210129801867 4
95.1423468677189 72.6946679617572 4
97.2898381512691 73.9665501809639 4
99.4392265509673 75.2369538062238 4
101.590468859527 76.506245945182 4
103.743429096892 77.7748537652099 0
105.897896133619 79.0432531647622 0
108.053608443191 80.3119569852312 0
63.5499782077984 0.763488843327844 0
65.7073149203076 2.03441100357905 3
67.8650377433696 3.3072328908026 3
70.0228908720154 4.58243349242926 3
72.1806540606307 5.86042336427692 3
74.3381524408826 7.14152062238841 3
76.495262917862 8.42593414199324 3
78.6519135848885 9.71375409441541 3
80.8080745132128 11.0049468998858 1
82.963744410026 12.2993519378636 1
85.1189437370047 13.5966806740437 1
87.2737242636024 14.896521516449 1
89.4281949865292 16.1983529878427 1
91.5825487303662 17.5015675803691 1
93.7370658237207 18.8055106050116 1
95.8920826645133 20.1095229700027 1
98.0479343321909 21.4129741469084 1
100.204896257107 22.7152782714165 1
102.363147959456 24.0158951373427 3
104.522766075882 25.3143263485668 3
106.683739280287 26.6101170909383 3
108.845992178801 27.9028747475644 0
17.6888080429613 29.1923007790911 0
19.8532533901931 30.4782224143583 0
22.0185776121424 31.7606123272026 0
24.1846190980508 33.0395892194798 0
26.3512000377004 34.3153997640433 0
28.5181227001587 35.5883895610817 0
30.685167481055 36.8589722166227 0
32.8520928160763 38.127602988722 0
35.0186362190991 39.3947596411676 0
37.1845158483033 40.6609301557248 0
39.3494326936966 41.9266054643127 0
41.5130741993164 43.1922749968659 0
43.6751204825045 44.4584230247556 0
45.8352540603809 45.7255243326306 0
47.9931738344706 46.9940375995476 0
50.1486145623188 48.2643934138157 0
52.3013692406824 49.5369757369892 0
54.4513097162262 50.8120975410631 0
56.5984016616705 52.0899718078625 0
58.7427122680624 53.3706810521511 0
60.8844116056599 54.6541511154614 0
63.0237691835732 55.9401362441417 3
65.161145203581 57.2282212697276 3
67.2969738125461 58.5178447685242 5
69.4317366923069 59.8083448766226 5
71.5659289129781 61.0990256553066 5
73.7000191088855 62.3892361632441 5
75.8344132807907 63.6784400891039 5
77.9694362539717 64.9662484502801 2
80.105334502358 66.2524038806141 2
82.2422931203263 67.5367319478384 2
84.3804574923632 68.819095043679 2
86.5199583425061 70.099372846051 2
88.660936433734 71.3774759574299 4
90.8035538991803 72.6533810608867 4
92.947981135408 73.9271606286987 4
95.0943628576597 75.198991619444 4
97.2427793709572 76.469145837943 4
99.3932202241463 77.7379725417915 0
101.545578518542 79.0058818734372 0
103.699663591121 80.2733319664969 0
59.1949233989197 0.722806771890035 0
61.3516724304384 1.99085156535791 0
63.509310194743 3.25998990991671 0
65.6675415158911 4.5307533066745 0
67.8260892671268 5.80365017787698 0
69.984705756883 7.07914368892495 3
72.143183647483 8.35762661815367 3
74.3013651474204 9.63939802395655 3
76.4591460874979 10.9246443130401 3
78.6164713370917 12.2134246279433 3
80.7733221843798 13.5056600477663 3
82.9297033658663 14.8011280278448 1
85.0856414429185 16.0994656171455 1
87.2412016197576 17.4001840314979 1
89.3965168197088 18.7026939071836 1
91.5518088518294 20.0063408414579 1
93.7073801891705 21.3104521442036 1
95.8635711348462 22.6143800713547 1
98.0206978646559 23.9175278248273 5
100.178997776329 25.2193540719341 5
102.338601863574 26.5193631959932 5
104.499536913979 27.8170965105827 3
106.661746346888 29.1121363726132 4
108.825118592942 30.4041282828036 0
110.989514352786 31.6928141061059 0
19.834182646857 32.9780629467824 0
22.0001715595208 34.2598876161425 0
24.1667150961017 35.538440500241 0
26.3336320437719 36.8139923989116 0
28.500718441145 38.0869033914347 0
30.6677446242781 39.3575942562153 0
32.8344551132199 40.6265234467788 0
35.0005702941446 41.8941708667841 0
37.1657892421079 43.1610272586888 0
39.3297939470131 44.4275871511906 0
41.492255963393 45.6943433929302 0
43.6528466067712 46.9617817229001 0
45.8112513312406 48.2303741556793 0
47.967189533845 49.5005684437503 0
50.1204381474805 50.7727714015299 0
52.2708533743442 52.0473264657133 0
54.4183853493166 53.3244862608678 0
56.5630832212239 54.6043825060532 0
58.7050923699401 55.8869984338262 3
60.844648054414 57.1721509926319 3
62.9820680826122 58.4594893086615 3
65.117742708726 59.7485125781393 5
67.2521179423038 61.0386081238588 5
69.3856709074143 62.3291082509028 5
71.5188764189196 63.6193620372147 5
73.6521715526661 64.9088058404822 5
75.7859327067213 66.1970056865973 5
77.9204699907777 67.4836554203299 5
80.0560343732782 68.7685373725402 2
82.1928295439298 70.0514763769477 2
84.3310272681121 71.3323168731519 4
86.4707883191834 72.6109312140462 4
88.6122788487066 73.8872531051775 4
90.7556685377669 75.1613131586528 4
92.9011073102956 76.4332537172073 4
95.0486909011204 77.7033209735931 0
97.1984319687518 78.9718451227838 0
99.3502484336302 80.2392197852463 0
54.8436698852328 0.687874599839997 0
56.9990599197944 1.95431061153271 0
59.1558365223302 3.22102179374736 0
61.3136975600863 4.4885320694019 0
63.4723387554514 5.75737199208576 0
65.6314677872269 7.02806427104619 0
67.7908155141614 8.30110651053659 0
69.9501468588201 9.57694937176815 0
72.1092714059015 10.8559710202519 3
74.2680511081802 12.1384517075813 3
76.4264010835819 13.4245503584044 3
78.5842811355344 14.7142847483652 3
80.7416814280048 16.0075179924461 3
82.8986122961637 17.3039555779061 1
85.0551091855638 18.6031566160088 1
87.2112553485403 19.9045593783501 1
89.3672105584927 21.2075176704091 1
91.5232242075141 22.5113458072137 1
93.6796154633558 23.8153700309055 5
95.8367219115663 25.1189687851398 5
97.994836501279 26.4215890804172 5
100.154158729134 27.7227385984433 5
102.314775896386 29.0219665964425 5
104.476672211383 30.3188536542879 4
106.639754658289 31.6130200774545 4
108.803886006999 32.9041511697024 0
110.968912908311 34.1920315490456 0
113.134679911507 35.4765742151511 0
21.9804279663103 36.7578318868465 0
24.1471923018226 38.0359877269813 0
26.3141834574242 39.3113321472539 0
28.4811862919455 40.5842351194189 0
30.6479557706718 41.8551211601387 0
32.8142177860537 43.1244501274917 0
34.9796721920711 44.392703665902 0
37.1439975287802 45.6603755296459 0
39.3068580287247 46.9279638347205 0
41.4679140991595 48.1959637998371 0
43.6268371009236 49.4648600312387 0
45.7833294618352 50.7351164125639 0
47.9371497302087 52.0071607507043 0
50.0881365336797 53.2813640852084 0
52.2362245638309 54.5580151292303 0
54.3814483162426 55.8372912592868 0
56.5239348671048 57.1192302703125 3
58.663892217255 58.4037099465031 3
60.8015998609176 59.6904427202516 3
62.9374027245345 60.9789890672884 3
65.0717038234672 62.26878914366 5
67.2049505172184 63.5592107890406 5
69.3376098563169 64.8496123820707 5
71.4701360967735 66.1394105522611 5
73.60294499076 67.4281290348107 5
75.7364014322911 68.7154102010239 5
77.8708182330099 70.0009885961793 5
80.0064597023705 71.2846488004633 5
82.1435477427945 72.5661996557454 4
84.2822751823575 73.8454780512782 4
86.4228211612652 75.1223780995011 4
88.5653557846046 76.3968888629543 4
90.7100272764109 77.6691157161442 0
92.8569355378242 78.9392763454518 0
95.0061053617733 80.2076802559419 0
50.4971713009375 0.656693103193646 0
52.6505826998156 1.92276368920301 0
54.805815564591 3.18834144013782 0
56.9625973182207 4.45391451115806 0
59.1206283607914 5.71999144869332 0
61.279600848009 6.98709359792196 0
63.4392131481511 8.25574529576975 0
65.5991809452697 9.52646141564988 0
67.7592472911833 10.799730837481 0
69.919193251357 12.0759932522633 0
72.0788476926289 13.355611407541 0
74.2380927583253 14.6388418303204 3
76.3968612619028 15.9258068054221 3
78.5551255082467 17.2164715697728 3
80.7128834367147 18.5106318967023 3
82.8701529460701 19.8079171034659 3
85.0269831017976 21.1078106150819 1
87.1834799393646 22.4096859435482 1
89.339831756722 23.7128526635399 5
91.4963130254089 25.0166088388209 5
93.6532544832246 26.3202943573546 5
95.8109862694014 27.6233254510227 5
97.9697763512504 28.9251996048716 5
100.129788577514 30.2254754291225 5
102.291071658333 31.5237469740506 5
104.453573731126 32.8196352798645 4
106.617174091333 34.112801140905 4
108.781719524022 35.4029733402751 4
110.947050362518 36.6899831774447 0
113.113009488026 37.9737892707425 0
115.279437409389 39.2544822377815 0
24.1255589625493 40.5322711108873 0
26.2923780132375 41.8074600905007 0
28.4590617805215 43.0804242328508 0
30.6253455450384 44.3515890654257 0
32.7909336160345 45.6214151909641 0
34.9555042546546 46.8903865846282 0
37.1187168909563 48.1590006927231 0
39.2802226210376 49.4277589164852 0
41.4396790864823 50.6971568780901 0
43.5967706416489 51.9676735023013 0
45.7512345584316 53.2397561140622 0
47.9028878779344 54.5138009511969 0
50.0516465598768 55.790129499331 0
52.1975302858997 57.0689612219781 3
54.3406521843554 58.3503855976207 3
56.4812006908929 59.6343397006884 3
58.6194243657814 60.9205990266535 3
60.7556257620302 62.2087864177489 1
62.8901613269266 63.4983983042401 1
65.0234391757307 64.788844821754 5
67.1559055426535 66.0795029976976 5
69.2880177181824 67.3697784723014 5
71.4202172792471 68.6591569461062 5
73.5529123147065 69.9472272312164 5
75.6864691484822 71.2336696177703 5
77.8212090188043 72.5182228671157 5
79.9574068689522 73.8006574475792 4
82.0952965666158 75.0807749984443 4
84.2350810316401 76.3584330793447 4
86.3769379595393 77.6335813841285 0
88.5210141006867 78.9062877498182 0
90.6674075133702 80.1767392685836 0
46.1558455474646 0.627211432134403 0
48.3068737032453 1.89408814293603 0
50.4600516515077 3.15976898950898 0
52.6151683398429 4.42469994774921 0
54.7719608529355 5.68935259916238 0
56.930135144554 6.95421864902971 0
59.0893841902522 8.21980529718185 0
61.2494022125734 9.48662940522827 0
63.4098955084739 10.7552092675133 0
65.5705914923749 12.026053164163 0
67.7312482334131 13.299641721038 0
69.891664714341 14.576402106991 0
72.0516893523454 15.8566769352656 0
74.211223067491 17.1406909851379 0
76.3702140481918 18.4285201532435 3
78.5286456503875 19.7200685426073 3
80.6865248555496 21.0150599523347 3
82.8438816543215 22.3130481676748 3
85.0007846968519 23.6134466376553 5
87.157367227766 24.9155739087707 5
89.3138468296939 26.2187079067215 5
91.4705201875528 27.5221441079895 5
93.6277251663306 28.8252482661722 5
95.7857810375012 30.1274828779623 5
97.9449301228836 31.4283997212046 5
100.10530290981 32.7276088989664 5
102.266913460554 34.0247502621766 4
104.429680126869 35.3194883336739 4
106.593463099192 36.6115289718073 4
108.758101439113 37.9006499002217 4
110.923434628525 39.1867329390422 4
113.089305881247 40.4697817228626 0
115.255552310523 41.7499198589515 0
117.421990648145 43.0273752873133 0
26.2678045733704 44.3024596911765 0
28.4339459029714 45.5755493952599 0
30.5995263458846 46.8470699946172 0
32.7642281170355 48.1174839125552 0
34.9277096433414 49.3872790843449 0
37.089615829524 50.6569573857755 0
39.2495925726797 51.9270223811136 0
41.4073065488343 53.1979663834713 0
43.5624717118135 54.4702549104306 0
45.7148788251272 55.7443074842552 0
47.8644190441819 57.020475383937 3
50.0110926430227 58.299016445273 3
52.1549988927317 59.5800683995534 3
54.2963125902798 60.8636255393124 3
56.4352606205096 62.1495261438858 3
58.5721107094681 63.4374566890457 1
60.7071741559783 64.7269731010161 1
62.8408138318544 66.0175341906428 1
64.973443479048 67.3085452478339 1
67.1055091271105 68.599411359702 5
69.2374636673992 69.889587330484 5
71.3697450935958 71.1786089641891 5
73.502762200671 72.4660963211433 5
75.6368854612965 73.7517340320828 5
77.7724402495498 75.0352486561797 4
79.9097054668061 76.3164039397807 4
82.0489166830564 77.5950213196657 4
84.1902687110214 78.8710131883473 0
86.3339125283239 80.1444103156417 0
41.8196436520606 0.597356265679302 0
43.9680899686794 1.86613728675308 0
46.1188974564818 3.13308532447857 0
48.2719328272055 4.39859816592933 0
50.4269935257049 5.66310880977492 0
52.5838250325247 6.92707432197928 0
54.742139841948 8.19097025907424 0
56.9016344754455 9.45528770982137 0
59.0620029624511 10.7205304720726 0
61.2229470369809 11.9872105288312 0
63.3841842251099 13.2558406699415 0
65.5454557166949 14.5269226444169 0
67.7065356537253 15.8009269590431 0
69.8672408129238 17.0782638977441 0
72.0274377462351 18.3592489807191 0
74.187043931388 19.6440667824228 0
76.3460212640294 20.9327389684097 0
78.504364774405 22.2251035265678 3
80.6620944807494 23.5208114585715 3
82.8192590088934 24.8193444482671 3
84.9759531844569 26.120053142209 5
87.132341516155 27.4222112312653 5
89.2886710792908 28.7250770462853 5
91.445257773389 30.0279557101633 5
93.6024423785067 31.3302487576003 5
95.7605299470427 32.6314707925239 5
97.9197359396119 33.9312297838072 5
100.080158378926 35.2291879307508 2
102.241779780197 36.5250335756347 2
104.404495199349 37.8184796050448 4
106.568153919147 39.1092832245358 4
108.732593824428 40.3972766710065 4
110.897657063198 41.6823933280689 4
113.063187166062 42.9646772987652 4
115.229015067304 44.2442772688652 0
117.39494406291 45.5214322698718 0
119.560740441913 46.7964565076906 0
28.4055298111634 48.0697264203948 0
30.5702064773683 49.3416694858271 0
32.7338312440284 50.6127528975078 0
34.8960473257569 51.8834707095423 0
37.0564926145959 53.1543292316682 0
39.2148185983858 54.4258313024744 0
41.3707160657947 55.6984589444403 0
43.5239461447284 56.9726533540156 3
45.6743683353904 58.2487931048537 3
47.8219552912176 59.5271707485242 3
49.9667869298325 60.8079681776685 3
52.109025454762 62.0912337061887 3
54.2488840514867 63.3768671448675 1
56.3866063205173 64.6646194784805 1
58.5224655425699 65.9541089523264 1
60.656778577989 67.2448487925493 1
62.7899178317294 68.5362820923011 1
64.9223042401654 69.8278253478656 1
67.0543866481142 71.1189130815564 1
69.1866183315895 72.4090329814094 5
71.3194377457809 73.6977420828915 5
73.4532543796037 74.9846624429975 5
75.5884376519009 76.2694678924455 3
77.7253106647985 77.5518789215492 3
79.8641467152777 78.8316780475628 0
82.0051663353532 80.1087400899304 0
37.4882323404666 0.56504726671403 0
39.6340449597554 1.83674483428075 0
41.7823287971816 3.10605840105681 0
43.9330297263189 4.37331334423482 0
46.0860163698216 5.63889454309099 0
48.241090689118 6.90322398611753 0
50.3980040924173 8.16674689330665 0
52.5564749748947 9.42992489532375 0
54.7162044820833 10.693233487791 0
56.876888963361 11.9571610789299 0
59.0382292249146 13.2222074043052 0
61.1999375884533 14.4888796529806 0
63.3617441796986 15.7576850050111 0
65.5234042944345 17.0291170422089 0
67.6847075362728 18.3036323186943 0
69.8454869156464 19.5816182963577 0
72.0056249391223 20.8633561008724 0
74.1650538266392 22.1489829510336 0
76.3237492197787 23.438461020512 0
78.4817210193047 24.7315600206369 3
80.63900869213 26.0278594175428 3
82.7956873882673 27.3267733745968 3
84.9518849662665 28.6275973358371 5
87.1078008733527 29.9295702729996 5
89.2637113591093 31.2319426048226 5
91.4199480078292 32.5340402011033 5
93.5768495088365 33.8353084056839 5
95.7347020409052 35.1353178453776 2
97.893691293921 36.4337337441969 2
100.053882279595 37.7302720667005 2
102.215229202289 39.0246739733666 2
104.377610870054 40.3167068912699 4
106.540872944081 41.6061857576807 4
108.704857151759 42.8929997878479 4
110.869409975002 44.17712992238 4
113.034373714487 45.4586520585611 4
115.199570036947 46.7377306913944 4
117.364786087235 48.0146098598762 0
119.529768087241 49.2896050750844 0
121.694222212717 50.5630957898778 0
30.5372189414622 51.8355161083745 0
32.6996083891039 53.1073420422915 0
34.8604241499975 54.3790752479176 0
37.0193070795726 55.6512244272026 0
39.1759277977837 56.9242853976282 3
41.3300175282915 58.1987192328182 3
43.4813992418014 59.4749296897253 3
45.6300088821728 60.7532407152028 3
47.7758969518738 62.0338738910244 3
49.9192073399085 63.3169270706216 3
52.060142172806 64.6023586355533 1
54.1989309857085 65.8899835799601 1
56.3358204848468 67.1794844986609 1
58.4710872000002 68.4704338374547 1
60.6050584485524 69.7623213476174 1
62.7381184151093 71.0545876065864 1
64.8706963892687 72.34666053895 1
67.0032451819898 73.6379897426543 1
69.136218753398 74.928071796341 1
71.2700537134707 76.2164609771039 5
73.4051546934292 77.5027687356854 3
75.5418845136705 78.7866634110886 3
77.680555207046 80.0678829651677 0
33.1611182379347 0.528249365809297 0
35.3043589980829 1.8037407188456 0
37.450085595358 3.0764322130565 0
39.5983258750481 4.34653275762206 0
41.7490253879176 5.61434773760026 0
43.9020527065604 6.88024883699535 0
46.0572114389604 8.14464849081146 0
48.2142563746259 9.40798280483321 0
50.3729103153516 10.6707025712695 0
52.5328788717657 11.9332700138216 0
54.6938618992656 13.1961585675125 0
56.8555616877543 14.4598532587572 0
59.0176888625058 15.7248496991492 0
61.1799672775739 16.9916501350663 0
63.342139350166 18.2607549834291 0
65.50397338043 19.532646582958 0
67.6652726635841 20.80776260012 0
69.8258842636956 22.0864614360524 0
71.9857047578697 23.3689833312115 0
74.1446807038659 24.6554127172779 0
76.3028038348837 25.9456489667358 0
78.4601046617921 27.2393927929114 0
80.6166503506008 28.5361541754258 3
82.7725512996892 29.8352847230834 4
84.9279751899417 31.1360326079524 5
87.083159408212 32.4376125803645 5
89.2384080088357 33.739278848974 5
91.3940632644425 35.0403883589349 2
93.5504547309397 36.3404369178346 2
95.7078428271632 37.6390539504519 2
97.8663788160534 38.9359631278342 2
100.026093899135 40.2309372191564 2
102.186918486387 41.5237753325203 2
104.348722432179 42.8143053048459 2
106.511354042273 44.1024029318677 4
108.67466235318 45.3880108303593 4
110.838498126564 46.6711481706282 4
113.002700184759 47.9519120074679 4
115.167078648084 49.2304754866903 4
117.331403723685 50.5070865244014 4
119.49540272598 51.7820662654086 4
121.658763849929 53.0558041933791 0
123.821144464961 54.3287474505518 0
32.6615816643158 55.6013841485144 3
34.820914783865 56.8742224597825 3
36.9781982790364 58.1477678043076 3
39.1331369291069 59.4224985175266 3
41.2855164675845 60.6988414394744 3
43.4352297623038 61.9771490295116 3
45.5822868215695 63.2576781809316 3
47.7268019060357 64.5405708688757 1
49.868960853638 65.8258390936227 1
52.0089836118434 67.1133590286859 1
54.1471018045861 68.4028778442079 1
56.2835625292533 69.6940307293521 1
58.4186510448379 70.9863616931492 1
60.5527079350604 72.2793477237319 1
62.6861291753232 73.572425656484 1
64.8193510406765 74.8650216601316 1
66.9528278039674 76.1565808714301 1
69.0870100631376 77.4465905065007 1
71.2223271226026 78.7345930417942 3
73.3591743986091 80.0201945133989 3
28.8375994842014 0.485067433815125 3
30.978489943703 1.76502059427111 0
33.1217560874553 3.0419530260802 0
35.2675239810679 4.31591198042564 0
37.4158301539813 5.58707397939404 0
39.5666232462784 6.85572119145131 0
41.7197725450097 8.12221056876864 0
43.8750822923629 9.38694549401333 0
46.0323089477273 10.6503552341481 0
48.1911781895915 11.9128830639457 0
50.3513992970249 13.1749813304681 0
52.5126758458607 14.4371109116255 0
54.6747129287962 15.6997425550794 0
56.8372219010164 16.9633579040033 0
58.9999239348441 18.228448416113 0
61.1625536560361 19.4955106744888 0
63.324864214879 20.7650361926373 0
65.4866349081857 22.0374921335997 0
67.647680514557 23.3132920400449 0
69.8078602732385 24.5927594220297 0
71.9670841848244 25.8760881612213 0
74.1253148359939 27.1633056800232 0
76.2825649882486 28.454246129697 0
78.4388937685049 29.7485409681947 0
80.5944056673672 31.045633055525 4
82.7492553376603 32.3448169248809 4
84.9036563249999 33.6453022454451 5
87.0578854043149 34.9462908808795 2
89.2122708625377 36.2470527880843 2
91.3671579124655 37.5469857713673 2
93.52285709919 38.8456419177107 2
95.6795940786672 40.1427118358772 2
97.8374806131517 41.4379794614519 2
99.9965149458101 42.7312779978071 2
102.15660993241 44.0224686626699 2
104.317633521755 45.3114422027216 2
106.479441858218 46.5981316636548 2
108.641892959242 47.8825230601651 4
110.804840624877 49.1646618792427 4
112.968118266412 50.4446581548314 4
115.131523755722 51.7226927078108 4
117.294811598847 52.999023271516 4
119.457693199479 54.273986214026 4
121.61984331838 55.5479901119784 3
123.780911128063 56.8215003797403 3
125.940535454524 58.0950172356793 3
34.7777632157835 59.3690503110593 3
36.9334822429787 60.6440915369115 3
39.086843476682 61.9205882783554 3
41.2376956350646 63.198918946982 3
43.3860005842667 64.4793719182054 1
45.5318303664004 65.7621277227346 1
47.6753426507365 67.0472454875514 1
49.8167435143012 68.3346569248811 1
51.9562554421858 69.6241708990948 1
54.0941077553163 70.9154864904917 1
56.2305524991137 72.2082077995168 1
58.3658866531422 73.501859302131 1
60.5004637359995 74.795902566738 1
62.6346891014717 76.0897580252328 1
64.769001997564 77.3828343157238 1
66.9038530306194 78.6745596053421 1
69.0396843355824 79.9644069701045 3
24.5166140964788 0.433901338504325 3
26.6556226094919 1.71868561586988 3
28.7967287978795 3.00047533417991 0
30.9401741378597 4.2791281761884 0
33.086108339073 5.55464435781104 0
35.2345833686141 6.82716144479006 0
37.3855562581017 8.09693294951521 0
39.5389000833243 9.36429763392025 0
41.6944207368173 10.6296487941926 0
43.8518759946667 11.8934101161541 0
46.0109934848732 13.1560203039732 0
48.1714853082022 14.41792559927 0
50.3330584506407 15.6795779527 0
52.4954213119951 16.9414363597712 0
54.6582874524073 18.2039690273261 0
56.8213779023095 19.4676544090218 0
58.984423327987 20.7329794825482 0
61.1471671652427 22.0004338333674 0
63.3093709968918 23.2704972132272 0
65.4708228281356 24.5436172966629 0
67.6313470882922 25.8201783317089 0
69.7908145436682 27.1004635742716 0
71.9491500690818 28.3846157109061 0
74.1063366919432 29.6726013994369 0
76.2624157854635 30.9641873295078 0
78.417484924537 32.2589356243844 4
80.5716961680382 33.5562249395379 4
82.7252567060288 34.8552993523159 4
84.8784300478504 36.1553402804832 2
87.0315308187096 37.4555492057664 2
89.1849042411242 38.7552240419442 2
91.3388869559668 40.0538127138986 2
93.4937579799787 41.3509289843995 2
95.6496988125687 42.6463271543562 2
97.8067786073941 43.9398534845494 2
99.9649667024453 45.2314038439318 2
102.124165684206 46.5209021623347 2
104.284248299628 47.8082976425612 2
106.445082127851 49.093569680532 2
108.60653422757 50.3767345376753 2
110.768459905383 51.657854852161 2
112.930686289113 52.9370527548577 4
115.092999884504 54.2145242013557 4
117.25514212686 55.4905488369674 4
119.416812784383 56.7654898299495 4
121.577679293589 58.0397819417195 3
123.737390631532 59.3139100241694 3
125.895595556958 60.5883819979206 3
128.051967052157 61.8636991331346 3
36.8856301570045 63.1403264132683 1
39.0375968615449 64.4186658418857 1
41.1871779878677 65.6990342935099 1
43.3343947031861 66.9816461235756 1
45.4793629252653 68.266600843954 1
47.6222629536266 69.5538779251454 1
49.7633048479742 70.8433411688878 1
51.9027067084146 72.1347504823902 1
54.0406977009172 73.42777278805 1
56.1775373379154 74.7219890529362 1
58.3135343573726 76.0169004492546 1
60.4490534207775 77.311940447486 1
62.5845053350919 78.6065001400849 1
64.7203268937791 79.8999633967265 1
20.1966597144449 0.37372961005359 1
22.3345364879358 1.66328816765033 3
24.4740582381766 2.95017525459596 3
26.6155738239246 4.23404820628555 0
28.7593557261635 5.51469941964807 0
30.9055815798151 6.79207088581578 0
33.0543250027669 8.06625148845829 0
35.2055575496029 9.33745774219516 0
37.3591607885377 10.6060040525914 0
39.5149450886289 11.8722703183052 0
41.6726707067914 13.1366742053756 0
43.8320672759785 14.3996517702334 0
45.9928492765644 15.6616466203706 0
48.1547266900409 16.9231058761279 0
50.3174112420741 18.1844805771809 0
52.4806194274863 19.4462281248127 0
54.6440737536824 20.7088146308047 0
56.8075035998741 21.9727154122834 0
58.9706468145502 23.2384122062877 0
61.1332530029308 24.5063856958024 0
63.2950897792009 25.7771004892764 0
65.4559521357344 27.0509802925297 0
67.615673716431 28.3283749885179 0
69.7741383968196 29.609522433752 0
71.931290225814 30.894509396636 0
74.0871400156133 32.1832379173827 0
76.2417675351031 33.4754049461766 0
78.3953195780736 34.7705036058708 4
80.5480053952584 36.0678524504038 4
82.7000907759708 37.3666535812267 4
84.8518896129549 38.6660723228479 2
87.0037481666659 39.9653234480066 2
89.1560164502395 41.2637451503601 2
91.3090073698386 42.5608443212047 2
93.4629550792789 43.8563015177351 2
95.6179900814821 45.1499371172155 2
97.7741402049729 46.4416604047656 2
99.9313528268383 47.7314283345415 2
102.089528260446 49.0192214425658 2
104.2485497471 50.3050352385267 2
106.408298125181 51.5888809652591 2
108.568648700808 52.8707949111631 2
110.729457227689 54.1508558423473 2
112.890544741307 55.4292065517912 2
115.051688305829 56.7060721635015 5
117.212620124597 57.981767734302 5
119.373033905941 59.2566918411588 5
121.532596769599 60.5313076233571 5
123.690965923454 61.8061155931466 5
125.847811168881 63.0816220856499 1
128.00284211756 64.3583069853438 1
130.15583599684 65.636594192576 1
38.9860586795654 66.9168272943455 1
41.1346817015124 68.1992513746127 1
43.2811682827109 69.4840010136627 1
45.4256588181289 70.7710956395251 1
47.5683393818969 72.0604445188446 1
49.7094143984891 73.3518599146208 1
51.849096316758 74.6450685692099 1
53.9876154262846 75.9397131173178 1
56.125239562561 77.2353470738053 1
58.2622896595416 78.5314351936801 1
60.3991394486939 79.8273716368742 1
15.8758997506377 0.304503633215626 1
18.0136019398767 1.59821773137148 1
20.1523772626363 2.88990533009782 3
22.2926397299702 4.17904151367854 3
24.4347603213145 5.46520605040635 3
26.5790396374403 6.74811351682059 0
28.7256846552826 8.02763312022815 0
30.8747952821675 9.30379125016258 0
33.0263636233902 10.5767557283638 0
35.180285391272 11.8468071556253 0
37.3363796932757 13.1143056501551 0
39.494411881567 14.379659912262 0
41.6541147967104 15.6433034917681 0
43.8152055571218 16.9056798195022 0
45.9773969566053 18.1672350322032 0
48.1404038857759 19.4284165059706 0
50.3039459800571 20.689674726576 0
52.4677480654798 21.9514661596278 0
54.6315399402817 23.2142551862838 0
56.7950567269476 24.4785136449215 0
58.9580405810946 25.7447168040157 0
61.1202447468385 27.013334056763 0
63.2814412291709 28.2848111299626 0
65.4414317888064 29.5595431034046 0
67.6000611341345 30.8378402853311 0
69.7572307465818 32.1198897814191 0
71.9129113041392 33.4057173751091 0
74.0671513627996 34.695156386442 0
76.2200802863808 35.9878319657866 0
78.3719045238529 37.2831696234736 4
80.522897747578 38.5804338405074 4
82.6733860851905 39.8787955107563 2
84.8237285892751 41.1774178665294 2
86.9742909553632 42.4755435316197 2
89.1254110886166 43.7725633883074 2
91.2773613669423 45.0680519382148 2
93.4303202866353 46.3617611078299 2
95.5843659987683 47.6535780743903 2
97.7394912278279 48.9434723374868 2
99.8956305196782 50.2314540249387 2
102.052689938595 51.5175466561193 2
104.210567427878 52.8017760279357 2
106.369157711983 54.084173721546 2
108.52834346801 55.3647944542297 2
110.687980393792 56.643742055341 2
112.847884555288 57.9211949558718 2
115.007826691762 59.1974220328716 5
117.167534311299 60.4727833185137 5
119.326700616486 61.7477156565036 5
121.484999359941 63.0227072167033 5
123.642105640856 64.2982654678629 1
125.797721181157 65.5748829574315 1
127.951600716267 66.8530048596718 1
130.103574734688 68.1330015503912 1
132.253563406283 69.4151481750274 1
41.0809764643612 70.6996117546095 1
43.2271074882891 71.9864463464104 1
45.3715029405983 73.2755979983225 1
47.5143428516322 74.566919583668 1
49.6558211639215 75.8601870444505 1
51.7961440833011 77.1551023833885 1
53.9355447407587 78.4512797897674 1
56.0743032042773 79.7482314811564 1
11.5524534167747 0.227363428400333 1
13.6909764053945 1.52405371494856 1
15.8299797689675 2.81962537003128 1
17.9698843474584 4.11343260616788 3
20.1111045638113 5.40488541290881 3
22.2540233767461 6.69348556262963 3
24.3989630336344 7.97886167163301 0
26.546157871788 9.26079623749327 0
28.6957361646143 10.539236427754 0
30.847715403838 11.8142852027411 0
33.0020112948085 13.086176076599 0
35.1584569699742 14.3552393933819 0
37.3168267867436 15.6218686150819 0
39.4768591933643 16.8864922754335 0
41.6382750933377 18.1495542621243 0
43.8007904019356 19.411502576755 0
45.9641230699562 20.6727850096055 0
48.1279957684586 21.9338494920569 0
50.292135921109 23.1951466994824 0
52.4562747083831 24.4571327370771 0
54.6201464014237 25.7202702567904 0
56.7834888616311 26.9850268893865 0
58.9460458456246 28.2518698573731 0
61.1075725307682 29.5212543874018 0
63.2678452100667 30.7936031688537 0
65.4266745078889 32.069277588825 0
67.5839210076862 33.3485427068285 0
69.7395115887457 34.6315289708606 0
71.8934539411962 35.9181956480717 0
74.0458461691954 37.2083031903031 0
76.1968785113694 38.5014036555663 4
78.346825299532 39.796858097021 4
80.496027274403 41.0938853725771 4
82.6448661840322 42.3916382273153 2
84.7937338321822 43.6892933202562 2
86.9429971148257 44.98613640199 2
89.0929622389112 46.2816237280413 2
91.2438463501776 47.5754058007174 2
93.3957676667929 48.867308602469 2
95.5487573276694 50.157282953774 2
97.702783219986 51.4453500618826 2
99.8577777194066 52.7315583160923 2
102.013659928743 54.015956780958 2
104.170345497776 55.298588476622 2
106.327743144648 56.5795026139266 2
108.485742255244 57.8587807265546 2
110.644198967679 59.1365665404092 2
112.802926332991 60.4130889400611 5
114.961691541298 61.6886704035241 5
117.120220938854 62.9637189316291 5
119.278212409748 64.2387063377892 5
121.435354244911 65.5141375632235 5
123.591348592877 66.7905157946086 1
125.745936473018 68.06830764002 1
127.898920245326 69.3479121942121 1
130.050179108882 70.629637004827 1
132.199674416869 71.9136826000087 1
134.347444138017 73.20013630874 1
43.1729868646145 74.4889763948525 1
45.3176481908142 75.7800870239129 1
47.4609929320353 77.0732788677165 1
49.6032019177018 78.3683005577281 1
51.7444772698638 79.66482622041 1
7.22476217238675 0.144415264902069 1
9.36495645568254 1.44255012093349 1
11.5051072876133 2.74059080544374 1
13.6455969808958 4.03786367962664 1
15.786827068933 5.33369278324863 1
17.9292010670501 6.62743794343269 3
20.0731018411029 7.9185315526293 3
22.2188632634645 9.20651641658107 3
24.3667411023631 10.4910797555893 0
26.5168907119097 11.7720742017271 0
28.6693575291995 13.0495192523597 0
30.8240821790683 14.3235832969224 0
32.9809174687367 15.5945523858038 0
35.1396517318222 16.8627945308122 0
37.3000326251338 18.1287272584716 0
39.4617870157921 19.392792821751 0
41.6246349475175 20.6554421071468 0
43.7882976139879 21.9171264380279 0
45.9525005615295 23.1782953302045 0
48.1169737665563 24.4393979270388 0
50.2814502023129 25.7008857856953 0
52.4456643836432 26.9632149268671 0
54.6093519061461 28.22684592654 0
56.7722504940014 29.4922411930734 0
58.9341035881198 30.7598578919189 0
61.0946681695083 32.0301335699049 0
63.2537270573832 33.3034631216678 0
65.4111048350813 34.5801685113867 0
67.5666861477791 35.8604631411638 0
69.7204341842768 37.14441422777 0
71.8724061708452 38.4319086542645 0
74.0227619888149 39.7226302251641 0
76.171762080427 41.0160579928018 4
78.3197523070527 42.3114939781513 4
80.4671363162014 43.6081224089905 4
82.614338867964 44.9050930846597 2
84.7617650050546 46.201613146141 2
86.9097605970114 47.4970278131584 2
89.0585816423134 48.7908717225931 2
91.20838160975 50.0828781807524 2
93.3592221626788 51.3729454639202 2
95.5110985713655 52.6610790314876 2
97.6639673186813 53.9473364732075 2
99.817769728806 55.2317860269314 2
101.972444361657 56.5144878117866 2
104.127926849213 57.7954978604776 2
106.284140116339 59.0748901425247 2
108.440980453417 60.3527869779849 2
110.598304813849 61.6293864000476 2
112.755923617714 62.9049773216647 5
114.913601568195 64.179938464249 5
117.071066865689 65.4547221547895 5
119.228027639865 66.7298270391318 5
121.384193477226 68.0057643192195 1
123.539299091886 69.2830218272579 1
125.693126427333 70.5620299707287 1
127.845521229741 71.8431333090468 1
129.996401100713 73.1265707649158 1
132.145754225505 74.4124663349828 1
134.293630255071 75.700831318338 1
136.440126025508 76.9915781932995 1
45.2647682742082 78.2845427751645 1
47.4089085541815 79.5795032624965 1
2.89181455873919 0.0581679193545719 1
5.03429690331073 1.35619114313636 1
7.17632064753024 2.65507523426266 1
9.31820537465825 3.95422677620285 1
11.4603094370109 5.25298329187557 1
13.6030130618784 6.55065798622984 1
15.7467017594684 7.84657932601662 3
17.8917471962957 9.14012657271904 3
20.0384827224583 10.4307667884441 3
22.1871756483327 11.7180927092759 0
24.3380028933477 13.0018533804073 0
26.4910370505512 14.2819682303437 0
28.6462465403862 15.5585204045711 0
30.8035087554325 16.8317322868664 0
32.9626313960384 18.1019310208733 0
35.1233759819096 19.3695128123016 0
37.2854786528283 20.6349126325279 0
39.4486654644831 21.8985825509468 0
41.6126616110053 23.1609787248101 0
43.7771955979892 24.4225554699755 0
45.9419998154222 25.6837644588517 0
48.1068090672996 26.9450567388742 0
50.271358608335 28.2068852134054 0
52.4353829414871 29.469705758576 0
54.5986159293232 30.7339762676468 0
56.7607929856912 32.0001525725342 0
58.9216569241896 33.2686790734176 0
61.0809687968508 34.5399713380327 0
63.2385232456163 35.8143908971179 0
65.3941673547258 37.0922136702527 0
67.5478212518827 38.373594133288 0
69.6994976559076 39.6585290622091 0
71.8493164837396 40.9468270059476 0
73.9975098559122 42.2380921943493 4
76.1444132220409 43.531732659022 4
78.2904406579248 44.8269993991262 4
80.4360462864341 46.1230556966379 2
82.5816775440316 47.4190660936802 2
84.7277283342579 48.7142875002867 2
86.8745014140384 50.0081423843872 2
89.0221898671522 51.3002558325981 2
91.1708843609074 52.5904459292208 2
93.3206014442636 53.8786744018185 2
95.4713160000841 55.1649853913928 2
97.6229884226168 56.449453154605 2
99.7755798934515 57.7321503461541 2
101.929054150392 59.0131426984608 2
104.083368959985 60.2925050574608 2
106.238461644047 61.5703491650391 2
108.394233999876 62.8468519128026 2
110.550541542274 64.1222747145363 5
112.707190400697 65.3969686111521 5
114.863943068822 66.6713643905134 5
117.020532130648 67.9459503788873 5
119.176679741757 69.2212418175225 5
121.332119903052 70.4977457157502 1
123.486620093675 71.7759249961206 1
125.639998706245 73.056165929738 1
127.792135427994 74.3387529231226 1
129.942973443128 75.6238541460908 1
132.092514370874 76.9115201207809 1
134.240808019649 78.2016953415322 1
136.387939538672 79.4942398777937 1
