x           y           stackinginfo
0.0 0.0 2
2.1621704070456 1.26638894958156 2
4.32421961144376 2.53291114729219 2
6.4859166839587 3.79995972375307 2
8.64703166888464 5.06792495495274 2
10.8073395933551 6.33718805105216 2
12.9666268653893 7.60811155930981 2
15.1246999438353 8.88102644165982 2
17.2813960847411 10.156215971937 2
19.4365952134341 11.4338973419901 2
21.5902313111807 12.7142030229388 2
23.7423012765443 13.9971647670351 2
25.8928691875888 15.2827035690673 2
28.0420644168499 16.5706285622206 5
30.1900732464347 17.8606463449697 5
32.3371253540311 19.1523796371557 5
34.4834779944165 20.4453916120361 1
36.629400628183 21.7392118584015 1
38.7751608701492 23.0333624490437 1
40.9210108733914 24.327385203115 1
43.067174187558 25.620869666247 1
45.2138353242795 26.9134759591162 1
47.3611369273494 28.2049436030196 1
49.5091857063962 29.4950837408173 1
51.6580608102248 30.7837633740478 1
53.807819731031 32.070891832867 1
55.9585024363556 33.3564111831332 1
58.1101291673682 34.6402984481912 1
60.2626925371679 35.9225787807803 1
62.4161479812874 37.2033420773176 3
64.570407155778 38.4827544875906 3
66.7253378831974 39.7610585214906 3
68.8807717809307 41.0385599393147 3
71.0365180306773 42.3156041386392 0
73.1923801407063 43.5925472893563 0
75.34817227076 44.8697277426823 0
77.5037322219066 46.1474423016456 0
79.6589290644639 47.425930733129 0
81.813664474363 48.7053705694088 0
83.9678681652099 49.9858825320013 0
86.1214890948992 51.2675448704568 0
88.2744850077233 52.550413062902 0
90.4268131488639 53.8345398183098 0
92.5784254632626 55.1199890633754 0
94.729273918125 56.4068358713063 0
96.8793317843418 57.6951387869477 0
99.0286252699119 58.9848846607563 0
101.177261133995 60.2759307658296 0
103.32543647113 61.5679738434545 0
105.473425327698 62.8605606954975 0
107.621548312849 64.1531331192138 0
109.77013577304 65.4450911907382 0
111.919493213288 66.7358578767529 4
114.069874758286 68.0249319848209 4
116.221467704668 69.3119219319132 4
118.374388197101 70.5965590222289 2
120.528685299657 71.8786945692096 2
122.68434947001 73.1582880313136 2
124.841322036635 74.4353925226301 2
126.99950385367 75.7101411095926 2
129.158762698504 76.982734541525 2
131.318939554307 78.253429821938 2
133.479853871626 79.5225291275806 2
135.641308185789 80.7903691165179 2
91.1427913036932 1.23930002592184 2
93.3046841847869 2.50572431752862 2
95.4664593996674 3.77201987284753 2
4.30728545641607 5.03857990595656 2
6.46813495847255 6.30579630542842 2
8.62817909637991 7.57405487271855 2
10.7871995223472 8.84372810221539 2
12.9449951112596 10.1151646625465 2
15.101392407591 11.3886755770932 2
17.2562575053117 12.664517507441 2
19.409507936989 13.9428742889873 2
21.5611226991232 15.2238390472174 2
23.7111483656104 16.5074000773356 2
25.8596994752964 17.7934338762596 5
28.0069522308771 19.0817079623441 5
30.1531320628429 20.3718940539423 5
32.2984974144173 21.6635893312207 1
34.4433230574837 22.9563417447224 1
36.5878852845951 24.2496764508438 1
38.7324491583714 25.5431233617873 1
40.8772568923558 26.8362463481668 1
43.0225167987243 28.1286707028942 1
45.168398535861 29.4200990033647 1
47.3150376067447 30.7103098286472 1
49.4625433336727 31.9991454962947 1
51.6110033897413 33.2864988295132 1
53.7604866550952 34.572301482311 1
55.9110421987475 35.8565200090878 1
58.0626921333758 37.1391639550813 1
60.2154216818003 38.4203003379072 1
62.3691707373736 39.7000670710893 3
64.5238307274688 40.9786781783417 3
66.6792488986884 42.2564167305872 3
68.8352396398017 43.5336159206232 0
70.9916003494541 44.810632256145 0
73.1481284554464 46.087816262459 0
75.3046363816143 47.3654857727231 0
77.4609620182936 48.6439058800214 0
79.6169732801967 49.9232784224357 0
81.7725665901716 51.203742314677 0
83.9276604922678 52.4853839923076 0
86.082186716625 53.768255098244 0
88.2360811607039 55.0523930936567 0
90.3892788053395 56.3378389505336 0
92.541717112375 57.6246457679129 0
94.6933515944734 58.9128700978955 0
96.8441828780076 60.2025350916821 0
98.9942843664699 61.493572353055 0
101.143817474143 62.7857707896543 0
103.293024991756 64.0787612392218 0
105.44220528985 65.3720423217458 0
107.591677119524 66.6650336904846 0
109.741744755485 67.9571402178798 4
111.892669622821 69.2478118811011 4
114.044651900043 70.5365886553947 4
116.197823197604 71.8231255207163 2
118.352248685196 73.1071988346154 2
120.507934994626 74.3886999012593 2
122.66483993869 75.667622697318 2
124.822881373023 76.9440506668541 2
126.981944252696 78.2181444171707 2
129.141885937478 79.4901301323612 2
131.30254024121 80.7602879913752 2
86.8034205804451 1.21092867824516 2
88.9649263014561 2.47842846342874 2
91.1265421758371 3.7451500504038 2
93.2880446461624 5.01148084682676 2
95.4492049161295 6.27781421374423 2
97.6097923489248 7.54454369632824 2
6.44897656397879 8.81205844476264 2
8.60773885385405 10.0807377089725 2
10.7652710087027 11.3509424573828 2
12.9213913244708 12.6230038428382 2
15.0759545768217 13.8972084469794 2
17.228863908933 15.1737810969295 2
19.3800814101955 16.4528668125799 2
21.5296354584301 17.7345144025609 2
23.6776230627872 19.0186652233211 5
25.8242059354575 20.3051503730533 5
27.9696001605908 21.5936981439387 5
30.1140610249057 22.883950872854 5
32.2578660840167 24.1754878031771 1
34.4012995784921 25.4678503649468 1
36.5446395286131 26.7605687365679 1
38.6881461718431 28.0531906705676 1
40.8320499448264 29.3453113171963 1
42.9765450699944 30.6365953381116 1
45.1217926576739 31.9267831983524 1
47.2679288571076 33.2156840124425 1
49.4150698419975 34.5031649748417 1
51.5633132767807 35.789141004222 1
53.7127377078527 37.0735666409911 1
55.8633956643658 38.3564381872894 1
58.0153030921809 39.6378046093365 1
60.1684292789479 40.9177803352958 3
62.3226912074278 42.19655333634 3
64.4779549210096 43.4743833833509 3
66.6340443367151 44.7515885749027 3
68.7907557537266 46.0285221810133 0
70.9478749499192 47.3055443664822 0
73.1051935484315 48.5829939568954 0
75.2625219206297 49.8611648061484 0
77.419696833659 51.1402902608372 0
79.5765831738619 52.420537821534 0
81.7330703433369 53.7020142200075 0
83.8890649044877 54.9847789787515 0
86.0444817244518 56.2688629168886 0
88.1992381013327 57.5542866204445 0
90.3532550389888 58.8410737418689 0
92.50646875084 60.1292548197426 0
94.6588531041558 61.4188533502431 0
96.8104470202751 62.7098450894496 0
98.9613747764797 64.0021007942032 0
101.111846363852 65.295344993686 0
103.262136307118 66.5891544407745 0
105.412549981072 67.8829951469889 0
107.563387967474 69.1762800319172 0
109.714916102758 70.4684310594657 4
111.867344838695 71.7589327134535 4
114.020819305534 73.0473684767659 4
116.175419355382 74.3334380578405 2
118.331166615588 75.6169587444353 2
120.488034440347 76.8978573583311 2
122.6459572812 78.1761588145448 2
124.804837749244 79.4519745297138 2
126.964551017353 80.7254913094868 2
82.4646467489966 1.17894831884964 2
84.6255542330116 2.44867104223633 2
86.7867815077908 3.7169887564566 2
88.9481214279284 4.98426916802586 2
91.1093547838954 6.25089698985933 2
93.2702545046904 7.51726563721814 2
95.4305898338961 8.78377056200736 2
97.5901305257863 10.0508041429125 2
99.7486521458662 11.3187509062737 2
8.58534211954002 12.5879807842834 2
10.7412153181552 13.8588395784395 2
12.8955159402215 15.1316363101675 2
15.0481350227993 16.4066276012663 2
17.1990195217042 17.6840003866211 2
19.3481802964337 18.9638550149524 2
21.4956958056531 20.2461914282541 2
23.641710281992 21.5309021291534 5
25.7864258667728 22.817774606935 5
27.9300895262787 24.1065035207014 5
30.0729771674969 25.3967100799005 1
32.2153781266235 26.6879648622986 1
34.3575820800783 27.9798120804204 1
36.4998667753105 29.2717964583952 1
38.6424845388744 30.5634929266427 1
40.7856536791733 31.8545324051608 1
42.9295591181793 33.1446156083783 1
45.0743601632328 34.433512513677 1
47.220197278381 35.721056006503 1
49.3671938933162 37.0071352265475 1
51.5154562998346 38.2916870372815 1
53.6650671736383 39.5746932953164 1
55.8160738869622 40.8561865887546 1
57.9684764949842 42.1362608171841 1
60.1222195896878 43.4150802282271 3
62.2771909752381 44.6928812493415 3
64.4332281270387 45.9699641997295 3
66.5901311954348 47.2466748052268 0
68.7476797673606 48.5233785830412 0
70.9056500873309 49.8004327652942 0
73.0638298387858 51.0781604812448 0
75.2220284544167 52.3568311159213 0
77.380081935478 53.6366495305211 0
79.5378522172947 54.9177551465768 0
81.6952216755194 56.2002300394762 0
83.8520850656547 57.4841131076071 0
86.008342925358 58.7694162928619 0
88.1639001983094 60.056139249202 0
90.3186737495724 61.3442788249661 0
92.4726101772314 62.6338309041937 0
94.6257114224519 63.9247749560818 0
96.7780597175492 65.2170319964109 0
98.9298272433681 66.5104116665426 0
101.081261493884 67.8045816827115 0
103.23265312862 69.0990775299748 0
105.384298775742 70.3933471177372 0
107.536468262845 71.6868097335983 4
109.689381412011 72.9789138290648 4
111.843195761196 74.2691829765252 4
113.998004652006 75.5572442092936 2
116.153843325042 76.8428389490665 2
118.310699118886 78.125821320297 2
120.468521718424 79.406150085533 2
122.627230799194 80.683878743403 2
78.1264193000566 1.14113399578616 2
80.2865571296334 2.41415167171563 2
82.4471880238503 3.68519485651804 2
84.6081339116262 4.95458661949752 2
86.769197237451 6.22268461114845 2
88.9301647955128 7.48986904862785 2
91.0908122681799 8.75653276630231 2
93.2509091543601 10.0230731915512 2
95.4102238662097 11.289886237247 2
97.5685294232935 12.5573613714663 2
99.7256108942169 13.8258758524824 2
101.881274711099 15.0957866824031 2
10.7147576333913 16.3674198613558 2
12.8671436988445 17.6410566091752 2
15.0177653459984 18.9169171610486 2
17.1666175035477 20.1951440881999 2
19.3137605246508 21.4757876949149 2
21.4593198616285 22.7587962672061 5
23.6034804442619 24.0440146257119 5
25.746476104789 25.3311922131908 5
27.888575746751 26.619998891424 1
30.0300690207472 27.9100446744029 1
32.1712537506296 29.2009007338502 1
34.3124231329882 30.4921229294565 1
36.4538507695336 31.7832791112055 1
38.5957795651416 33.0739756453868 1
40.7384187457171 34.3638766568431 1
42.8819492261566 35.652711268911 1
45.0265315920829 36.9402722738107 1
47.1723101092957 38.2264141833144 1
49.3194142935258 39.5110479497936 1
51.4679542354341 40.7941361772017 1
53.6180082066469 42.0756943436904 1
55.7696081016236 43.3557970590164 1
57.9227282553974 44.6345859966808 5
60.0772812228494 45.9122741278571 3
62.2331218412779 47.1891415199481 3
64.3900586937621 48.4655216760518 3
66.5478703580704 49.7417797835613 0
68.7063231366607 51.018286436345 0
70.8651872494329 52.295391248866 0
73.0242493037774 53.5734004339293 0
75.1833198269991 54.8525614176344 0
77.3422353945393 56.1330561409599 0
79.5008553382501 57.4150031244847 0
81.6590552667944 58.6984659840479 0
83.8167203983777 59.983465342315 0
85.9737419259654 61.2699915074808 0
88.130020057006 62.5580158273697 0
90.2854767100141 63.8474987157301 0
92.4400773334471 65.1383925589024 0
94.5938573760392 66.4306260599633 0
96.7469421108219 67.7240625105946 0
98.8995435003468 69.0184538119906 0
101.051932972697 70.3134200287542 0
103.204402480358 71.6084679449251 0
105.357227368163 72.9030403149819 0
107.510638625489 74.1965734853741 4
109.664807313145 75.4885490345823 4
111.819840503417 76.7785317319735 4
113.975786356916 78.0661906301408 2
116.132644620593 79.3513054818452 2
118.290378157952 80.6337638260781 2
73.7886212879324 1.09554239128343 2
75.9478866980328 2.37274555727025 2
78.1077614697184 3.64752695431044 2
80.2681085372534 4.92012477916208 2
82.4287658617149 6.19083661524635 2
84.5895481647638 7.46000450325394 2
86.7502504489132 8.72800061446882 2
88.9106527079524 9.99521526455042 2
91.0705255360472 11.2620471643916 2
93.2296361851809 12.5288958665804 2
95.387755045609 13.7961559674246 2
97.544663306282 15.0642115500308 2
99.7001623060866 16.3334290403731 2
101.854083772357 17.6041479159193 2
104.006300235699 18.8766687006983 2
12.8361331649588 20.1512382481619 2
14.984766691444 21.428033567261 2
17.1316430943767 22.7071469432237 2
19.2768693434666 23.9885751905041 2
21.4206115813457 25.2722155584379 5
23.5630868862281 26.5578706406021 5
25.7045519614132 27.8452611744848 5
27.8452909138459 29.1340428992499 1
29.9856041613456 30.4238240232653 1
32.125795922117 31.7141844612696 1
34.2661584145835 33.0046988885752 1
36.4069586335448 34.2949612475178 1
38.5484313827466 35.584606586368 1
40.6907803345953 36.8733252450483 1
42.8341847288415 38.1608683805066 1
44.9788056269451 39.4470502095695 1
47.1247902226383 40.7317478234141 1
49.2722706819073 42.0148976516341 1
51.421352971154 43.2964942858022 5
53.5721003686185 44.576592759506 5
55.7245185964557 45.8553131069522 5
57.8785478838337 47.1328444214699 5
60.0340641803019 48.4094441637558 5
62.1908888402381 49.6854289668915 4
64.3488041994906 50.9611572334063 4
66.5075716330343 52.2370059555829 4
68.666948881556 53.5133453672254 0
70.8267042980989 54.7905152932324 0
72.9866266588205 56.068806415689 0
75.1465296352609 57.3484486597168 0
77.3062509152346 58.6296073202461 0
79.4656477857761 59.9123854764022 0
81.624591225526 61.1968305251067 0
83.7829610301371 62.4829428004494 0
85.9406450800404 63.7706852037585 0
88.09754621787 65.0599931787366 0
90.253598708342 66.3507839981645 0
92.4087922112768 67.6429619042283 0
94.5631976777654 68.9364015829064 0
96.7169786167258 70.2309093068625 0
98.8703758160434 71.5261848158423 0
101.023671025366 72.821810175067 0
103.177145084545 74.1172751262979 0
105.331043473109 75.4120283361069 0
107.485554775645 76.7055314392194 4
109.640802820596 77.9973032889257 4
111.796850058862 79.2869500872844 2
113.953708197094 80.5741806036535 2
69.4510506735047 1.04079830305 2
71.6094264740652 2.32274503006131 2
73.7684620811246 3.60202625874823 2
75.9280638345045 4.8787512298902 2
78.0881143798914 6.15311229639902 2
80.2484701789146 7.42537249399243 2
82.408961218313 8.69585055104858 2
84.569393454994 9.96490505572656 2
86.7295534079211 11.2329201297276 2
88.8892141771167 12.5002937332937 2
91.0481424041697 13.7674283218857 2
93.2061057739755 15.034723627535 2
95.362881292112 16.3025705416814 2
97.5182649734664 17.571344240593 2
99.6720821894754 18.8413957693147 2
101.824197833971 20.1130414878571 2
103.974525496709 21.3865499320403 2
106.123034627337 22.6621266657579 2
14.9491532052498 23.9398992250644 2
17.0941743641694 25.2199057302005 4
19.2376441353207 26.5020896934717 4
21.3797609283199 27.7863026417519 5
23.5207650955981 29.0723147138061 3
25.6609292673156 30.3598294282809 3
27.8005495707049 31.6484981369088 3
29.939934492328 32.9379347476119 1
32.0793893845611 34.2277332851359 1
34.2192022513697 35.5174880244083 1
36.359633468016 36.8068150736294 1
38.5009117680432 38.0953713422887 1
40.6432368810633 39.3828676896995 1
42.7867856679542 40.6690765516354 1
44.9317190626369 41.95383597694 1
47.0781853229161 43.2370497244182 5
49.2263124313563 44.518686186627 5
51.3761917605099 45.7987782376469 5
53.5278602182101 47.077424404136 5
55.6812879345435 48.3547905843304 5
57.8363755723886 49.631110004963 5
59.9929615375014 50.9066781998907 4
62.1508365117054 52.1818403293755 4
64.3097616127635 53.4569718114049 4
66.4694866808592 54.7324553379939 4
68.62976608098 56.0086575632656 4
70.7903704288302 57.2859085584276 4
72.9510930751251 58.5644865544857 0
75.1117516259411 59.8446088466698 0
77.2721857357784 61.1264283417037 0
79.4322525927023 62.4100344030864 0
81.5918219215029 63.6954564707869 0
83.7507728842456 64.9826697831747 0
85.908995945273 66.2716036654602 0
88.066402774342 67.562152463296 0
90.2229450257342 68.8541876792762 0
92.3786399727232 70.1475636695881 0
94.5335926365345 71.4421010158691 0
96.6879971430182 72.7375521421277 0
98.842111573881 74.0335714165264 0
100.996216237521 75.3297125251717 0
103.150571927548 76.625458698978 0
105.305389740591 77.920273596943 4
107.460816171116 79.2136499781127 4
109.616932536199 80.505146026322 4
65.1134639987339 0.976396852128041 2
67.2709967261845 2.26317186215879 2
69.4291879985595 3.5473077357729 2
71.5879776898082 4.82875342465346 2
73.7472886491818 6.10755543967581 2
75.9070229253808 7.38385167965146 2
78.0670570123618 8.65786116321783 2
80.22723896502 9.92987010088774 2
82.3873888477128 11.2002158236803 2
84.5473024879479 12.469270645784 2
86.7067575627698 13.7374279809894 2
88.8655212316865 15.0050910854444 2
91.0233587052101 16.272664037786 2
93.1800424698922 17.5405443781419 2
95.335362640401 18.8091158265453 2
97.4891378123775 20.0787401149777 2
99.6412253602916 21.3497474063662 2
101.791530402538 22.6224245845125 2
103.940012517924 23.8970014078907 2
106.08668936648 25.1736358653271 2
108.23163675552 26.4524018472935 4
17.0543838477223 27.7332831758321 4
19.1963133415853 29.0161751884595 4
21.3370451851732 30.3008937611052 3
23.4768354268909 31.5871888833285 3
25.6159686995173 32.8747571941591 3
27.75474946033 34.1632527778393 3
29.8934881091185 35.4522987587178 3
32.032487368207 36.7415012748036 3
34.1720302929939 38.0304681974888 1
36.3123717947281 39.3188304870136 1
38.4537356793461 40.6062619204357 1
40.5963172424333 41.8924940913061 1
42.7402906613466 43.1773245174121 1
44.8858161756373 44.4606200686329 5
47.0330375284781 45.7423180404288 5
49.1820684141239 47.0224254894655 5
51.3329737672284 48.3010180246309 5
53.4857537511505 49.5782388247602 5
55.6403364757345 50.8542972993373 5
57.7965815211329 52.1294654274816 2
59.9542925363226 53.4040694569559 4
62.1132350413235 54.6784753345412 4
64.2731554183864 55.9530689730964 4
66.4337980882146 57.2282345977852 4
68.5949188809872 58.5043339915944 4
70.7562933898504 59.7816890644066 4
72.9177207285939 61.0605687771515 4
75.079023492875 62.341180630299 0
77.240044967457 63.6236661090945 0
79.4006448771103 64.9080990962581 0
81.5606953623986 66.1944867980903 0
83.7200795228607 67.4827739803034 0
85.8786954642185 68.7728520252068 0
88.0364682572828 70.0645725810108 0
90.1933707993261 71.3577614930247 0
92.3494494198951 72.6522237243868 0
94.5048393428531 73.9477279738493 0
96.6597568501519 75.2439775462179 0
98.8144670733555 76.5405889235434 0
100.969240031231 77.837096735453 0
103.124311124997 79.1329869659486 0
105.279856050139 80.4277453977921 4
60.7756818076132 0.902888097955677 4
62.9324352665562 2.19403641619034 4
65.0898138445318 3.48286467923803 2
67.2477849267701 4.76915483093137 2
69.40629815582 6.05278764993775 2
71.5652896361647 7.3337432896433 2
73.7246788512867 8.61209863210894 2
75.884362411699 9.88802004561364 2
78.0442084278923 11.1617516194758 2
80.2040541964763 12.4336000812048 2
82.3637080978722 13.7039182903677 2
84.5229551154977 14.9730894101961 2
86.681564770469 16.2415136446085 2
88.8393005985914 17.5095973001202 2
90.9959304986651 18.7777436879298 2
93.1512380548882 20.0463447536229 2
95.305034278632 21.3157724924016 2
97.4571684861532 22.586369756116 2
99.6075374672675 23.8584396424143 2
101.756092033182 25.1322330130019 2
103.902840125187 26.4079347366046 4
106.047846094057 27.6856509459469 4
108.191226549157 28.965401418447 4
110.333144083408 30.2471205767827 4
19.1531991164463 31.530665792924 3
21.292830570814 32.8158303543679 3
23.4317035579077 34.1023552997523 3
25.5701097624644 35.3899375134451 3
27.7083548702938 36.6782357263256 3
29.8467472005119 37.9668772319965 3
31.9855861151088 39.2554714720803 3
34.1251508292171 40.5436314187643 3
36.2656919282107 41.8309983682633 1
38.4074279725047 43.1172645312166 1
40.5505496609854 44.4021875567671 5
42.695228713365 45.6855961544102 5
44.8416202138989 46.9673933888679 5
46.9898537697666 48.2475571472376 5
49.1400167040278 49.5261379686233 5
51.2921363800154 50.8032558999719 5
53.4461688835497 52.0790972300021 2
55.6019981250769 53.3539104780092 2
57.7594452281424 54.6279999810621 2
59.9182849630635 55.9017155261565 2
62.0782649077026 57.17543725556 2
64.2391237044374 58.4495567394191 4
66.4006058447214 59.7244573608568 4
68.5624718036532 61.0004962041407 4
70.7245038443864 62.2779885238621 4
72.8865080300635 63.5571954339395 4
75.0483132646576 64.8383147661808 4
77.2097683310031 66.1214746267302 0
79.370738082785 67.4067294222931 0
81.5311004021406 68.6940591569357 0
83.6907462242023 69.9833740022516 0
85.8495852315543 71.2745259202686 0
88.0075595605733 72.5673249795082 0
90.1646666343789 73.8615528418387 0
92.3209814573657 75.1569673372741 0
94.4766646876727 76.4532889518574 0
96.6319471059539 77.7501776745878 0
98.7870930152154 79.047220040627 0
100.942356410074 80.3439404990065 0
56.4376443568396 0.821824134037445 3
58.5936999852198 2.11640744783652 4
60.7502964942265 3.40924370999998 4
62.9074513024568 4.69997098554627 2
65.0651435173308 5.98831343076404 2
67.2233311448732 7.27408816484502 2
69.3819601598513 8.55720943830086 2
71.5409641852044 9.83768981718658 2
73.7002583206075 11.1156365575441 2
75.8597313493875 12.3912429151196 2
78.0192402851687 13.664775240062 2
80.1786094820411 14.936557481596 2
82.3376345458585 16.2069549419203 2
84.4960899878531 17.4763590674557 2
86.6537392583641 18.7451746019395 2
88.8103461773569 20.0138085452066 2
90.9656874453489 21.2826601193929 2
93.119565592927 22.5521110880417 2
95.2718208728918 23.8225162852723 2
97.4223411175476 25.0941936171608 2
99.5710685616961 26.3674128124125 4
101.718002727123 27.6423828704486 4
103.863198931679 28.9192395754216 4
106.00676287653 30.1980364305595 4
108.148842959409 31.4787436552538 4
110.289622849977 32.7612564582952 0
112.429316727559 34.0454079036102 0
21.2475667059217 35.3309809120748 3
23.3858466288223 36.6177151306503 3
25.5238457370838 37.9053084639949 3
27.6618670776257 39.193416236581 3
29.8002169485157 40.481657781645 3
31.9391933509336 41.7696355215326 3
34.0790733958086 43.056963194907 3
36.2201031979808 44.3432955131545 5
38.3624956189095 45.6283504533356 5
40.5064371830153 46.9119190609296 5
42.6520934174797 48.1938692006344 5
44.7996051025181 49.4741474671341 5
46.9490756198268 50.7527773114713 2
49.1005543165571 52.0298547118044 2
51.2540229468157 53.3055431441212 2
53.4093907257421 54.5800684240236 2
55.5664997367248 55.8537126845535 2
57.7251387494126 57.1268061741123 2
59.885061508609 58.3997159389598 2
62.0460054581985 59.6728311701769 2
64.2077076478481 60.9465459857534 2
66.3699164658057 62.2212419187176 4
68.5323992771808 63.4972714588429 4
70.6949463303742 64.7749434272721 4
72.8573716174524 66.054510461184 4
75.0195114747236 67.3361585397455 4
77.181221753679 68.6199985618264 4
79.342374603506 69.9060607207383 0
81.5028564278469 71.1942936450617 0
83.6625691683722 72.4845709914049 0
85.8214373086657 73.7767063497239 0
87.9794240578273 75.0704702328713 0
90.1365536549639 76.3656026383037 0
92.2929285827654 77.6618175426529 0
94.4487305325697 78.958791883011 0
96.6041988707582 80.256148998092 0
52.0992911244701 0.735442115913871 3
54.2548434692202 2.03221704895762 3
56.410735140605 3.32797632216967 3
58.5670770584328 4.62226479788295 5
60.7239150133282 5.9146860401521 5
62.8812458297088 7.2049180371596 5
65.0390374778718 8.49272294557601 2
67.1972437618199 9.77795405724957 2
69.3558087798509 11.060560482581 2
71.5146630251024 12.3405872895533 2
73.6737148897146 13.6181704444598 2
75.8328423870632 14.8935270682444 2
77.9918888659215 16.1669422440517 2
80.1506642624127 17.4387539178138 2
82.3089514666604 18.7093372899631 2
84.466516371532 19.9790900161598 2
86.6231201036154 21.248419201836 2
88.778532770592 22.5177293592054 2
90.9325478157279 23.7874110144662 2
93.0849952689493 25.0578302459626 2
95.23575276202 26.3293186704953 4
97.384753155815 27.6021630935155 4
99.5319876906948 28.8765942900804 4
101.677504040041 30.1527753869614 4
103.821399626565 31.430792158953 4
105.963811978369 32.710649504257 0
108.104909268834 33.992278072283 0
110.244884534474 35.2755478891438 0
112.383955564162 36.5602809860411 0
114.522365822595 37.8462582890214 0
23.3397801046141 39.1332182679611 3
25.4776878951445 40.4208490955658 3
27.615789725202 41.7087869410956 3
29.7543937279783 42.9966304447223 3
31.8937995596674 44.283970517792 3
34.0342823548112 45.5704263428879 3
36.1760825088491 46.8556758030442 5
38.3194071210281 48.1394717117005 5
40.4644349922774 49.4216470402271 5
42.6113166263214 50.7021163795907 5
44.7601665956959 51.9808747829071 2
46.9110503128876 53.2579931574021 2
49.0639706880701 54.5336120741965 2
51.2188605969789 55.807935353041 2
53.3755844894954 57.0812235672606 2
55.5339488224624 58.3537867068738 2
57.6937183285592 59.6259750523455 2
59.8546342157217 60.8981677945265 2
62.0164306054415 62.1707596746859 2
64.1788475103708 63.4441455078655 2
66.3416400178679 64.7187040701047 2
68.5045838663351 65.9947826054445 4
70.6674780071223 67.272682331144 4
72.830144845913 68.5526450938821 4
74.9924288215966 69.8348413721261 4
77.1541939958824 71.1193603284792 4
79.3153215889911 72.4062036532902 4
81.4757089229551 73.6952860307555 0
83.6352717160747 74.9864448512385 0
85.7939531834537 76.2794572259064 0
87.9517416133687 77.5740564987079 0
90.1086897516469 78.8699440657498 0
92.2649264003072 80.166793938953 0
47.7603502816723 0.646233395531892 3
49.9158066396505 1.94387974171095 3
52.0712436881971 3.24127291999956 3
54.2268757649548 4.53794147059375 3
56.3828558486241 5.83342276176179 3
58.5392673970131 7.12729654150866 5
60.6961337882815 8.41920639368208 5
62.8534381339567 9.70887064993512 5
65.0111427243017 10.9960904806525 5
67.1691994849303 12.2807568148679 2
69.3275505776475 13.5628536795946 2
71.4861213925863 14.8424567709126 2
73.6448106608151 16.1197274369086 2
75.8034827809819 17.3949028792785 2
77.9619655980321 18.6682836169959 2
80.1200543823936 19.9402192017797 2
82.2775209564761 21.211093016287 2
84.4341262386615 22.4813071528289 2
86.589635040755 23.7512681603296 2
88.7438318332667 25.0213734992704 2
90.8965355382462 26.2919993964018 4
93.0476120632155 27.5634900805544 4
95.1969832443874 28.8361477955303 4
97.3446308658432 30.1102228025685 4
99.490594840438 31.3859030835937 4
101.634965641363 32.6633049154014 4
103.777872666774 33.9424675991996 0
105.919471999066 35.2233568322578 0
108.059938008214 36.5058779169795 0
110.199462309828 37.7898899174558 0
112.338256877744 39.0752132767974 0
114.476555769963 40.3616271859465 0
116.614618302002 41.648856012274 0
25.432129060683 42.9365587541049 3
27.5705987210654 44.2243367740666 3
29.7097407227926 45.5117629693636 3
31.849856962967 46.7984230022712 3
33.9912181666811 48.0839540063906 5
36.1340577785425 49.3680683506456 5
38.2785731629491 50.6505631185147 5
40.4249266177974 51.9313208898447 2
42.5732420046419 53.2103077485075 2
44.723596119216 54.4875687746839 2
46.876007830729 55.7632212915262 2
49.0304300447971 57.0374474978108 2
51.1867486218852 58.3104872173468 2
53.3447894543769 59.5826305779094 2
55.5043319940795 60.8542099644832 2
57.6651259393423 62.1255906818212 2
59.8269073801373 63.3971604003144 2
61.9894123571134 64.6693170575355 2
64.1523871616414 65.9424546174758 2
66.3155952629981 67.2169479005824 2
68.4788213342401 68.4931374454033 2
70.6418730340872 69.771314590649 4
72.8045811378182 71.0517070367851 4
74.9667984979851 72.3344655429859 4
77.1283983381716 73.6196532418422 4
79.2892726772891 74.9072401663412 4
81.4493321577325 76.1971062235233 4
83.6085098182301 77.4890537590408 0
85.7667724763092 78.7828252157521 0
87.9241372531788 80.0781193159717 0
43.4203863213712 0.556590506231395 3
45.5762753768563 1.85390044076522 3
47.731718546946 3.15164461753306 3
49.886961677239 4.44939591136968 3
52.0422422601839 5.74670107280699 3
54.1977533101006 7.04310194695145 3
56.3536219502878 8.338164432443 5
58.5099074658635 9.63150628360335 5
60.6666160821429 10.9228125927941 5
62.8237224644564 12.2118432062739 5
64.9811859878266 13.498439759136 5
67.1389573597318 14.7825307235042 2
69.2969754780317 16.0641328078984 2
71.4551579516994 17.3433485757199 2
73.6133909073781 18.6203606667589 2
75.7715229878271 19.8954230556005 2
77.92936597482 21.168849635336 2
80.0867019180951 22.4410004038362 2
82.2432951589632 23.7122657756629 2
84.3989077801521 24.983049805048 2
86.5533165265277 26.2537540826682 4
88.7063290987603 27.5247633334541 4
90.8577983729291 28.7964331228131 4
93.0076330411693 30.0690795122757 4
95.1558030897143 31.3429698967123 4
97.3023388489806 32.6183142122964 4
99.4473232904504 33.8952566208762 0
101.590878898481 35.1738696738304 0
103.733152548913 36.4541548284014 0
105.874303468915 37.7360525509591 0
108.014499210789 39.0194578338763 0
110.15391902755 40.3042293986608 0
112.292759504825 41.5901869661813 0
114.431244015749 42.8770936116477 0
116.569631688917 44.1646366646591 0
118.70821839467 45.4524269980255 0
27.5267234422916 46.7400250888829 3
29.6666728810759 48.0269857575144 3
31.8077655088147 49.3129048285 4
33.9502646869916 50.5974513484416 4
36.0943919005518 51.8803830353408 2
38.2403257223704 53.1615491147754 2
40.3882006126498 54.4408862711603 2
42.5381026384713 55.7184131881403 2
44.6900624284633 56.9942234782306 2
46.8440486329063 58.2684777044737 2
48.9999658103383 59.5413954644315 2
51.157658940933 60.8132477172721 2
53.3169241455959 62.0843490349349 2
55.4775232456246 63.3550493511173 2
57.6391988421715 64.6257252071979 2
59.8016877031311 65.8967700808906 2
61.9647315259483 67.1685831921827 2
64.1280847546611 68.4415561466937 2
66.2915197266941 69.7160582483748 2
68.4548297305348 70.9924212372581 2
70.6178305785727 72.2709236358639 2
72.7803611219293 73.5517752457287 4
74.9422829774497 74.8351030268079 4
77.1034797684895 76.1209405912431 4
79.2638564704375 77.4092244955357 4
81.4233402853099 78.6998000979563 4
83.5818867216618 79.9924357301326 0
39.079190660183 0.468829288257367 3
41.2359030093238 1.76467054889231 3
43.3918375669679 3.06158202021729 3
45.5471738206626 4.35917152747357 3
47.7021401411708 5.65702138930366 3
49.8569819694874 6.95469175442249 3
52.0119233175009 8.25173313128708 3
54.1671347583066 9.54770788719803 1
56.322718318765 10.8422156533224 1
58.4787122722603 12.1349153236687 5
60.6351102460806 13.4255352223791 5
62.7918815222012 14.7138781522131 5
64.9489839805971 15.9998258945881 5
67.1063666889219 17.2833417197436 5
69.2639631979303 18.5644706733362 5
71.4216805322161 19.8433377067656 2
73.5793898729007 21.120143465438 2
75.7369232255884 22.3951571277722 2
77.8940774927308 23.6687056213049 2
80.0506250231701 24.9411590769602 2
82.2063290192386 26.2129130352814 4
84.3609611365464 27.4843694413576 4
86.5143189629463 28.7559192441074 4
88.6662418330379 30.0279278381676 4
90.8166233153282 31.300723517257 4
92.9654185829543 32.5745884831052 4
95.1126450671651 33.8497513861703 0
97.2583755876022 35.1263806699949 0
99.4027247167242 36.4045794004133 0
101.545831377437 37.6843842595017 0
103.687842905958 38.965772062443 0
105.828906596428 40.2486735851461 0
107.969170808513 41.5329852923149 0
110.108792719585 42.8185674906791 0
112.247953667957 44.1052242148877 0
114.386876441382 45.392676532846 0
116.525834202192 46.680552332046 0
118.665143184567 47.9684067516108 0
120.805139493604 49.2557680612323 0
29.6255474424714 50.5421911864084 4
31.7678637091747 51.8272989656479 4
33.9117362244538 53.1108050476753 2
36.0573648218921 54.392520977765 2
38.2048981499008 55.6723522843625 2
40.3544322486395 56.9502903627124 2
42.506007442337 58.2264044303253 2
44.6596046052626 59.5008330286942 2
46.8151436704469 60.7737755864541 2
48.9724868339104 62.0454843472431 2
51.1314470079101 63.3162565312175 2
53.291800150704 64.5864264681734 2
55.4532988226049 65.8563577829974 2
57.6156847456149 67.1264353537936 2
59.7786994207459 68.3970562707008 2
61.9420922224915 69.6686193506503 2
64.1056261940835 70.9415122617038 2
66.2690820103792 72.2160969264484 2
68.4322606825363 73.4926938154102 2
70.5949854834364 74.7715654537138 2
72.757103307618 76.0529000903651 2
74.9184854862593 77.3367973805927 4
77.0790281016714 78.6232589386181 4
79.2386522602 79.9121870643689 4
34.7370062281608 0.385381146094313 4
36.8946753059499 1.67859953229726 3
39.0513882157095 2.9735087685833 3
41.2072303732166 4.26974566496841 3
43.3623489788544 5.56691606681852 3
45.5169476936442 6.86460271918519 3
47.6712660768594 8.16237076736705 3
49.8255459930912 9.45977651800411 1
51.9799949136644 10.756382971048 1
54.1347592594744 12.0517803406138 1
56.2899167930528 13.3456071802869 1
58.4454881711624 14.637566445305 5
60.6014576730519 15.9274313634468 5
62.7577913923619 17.21504721864 5
64.9144464205732 18.5003326078215 5
67.071369026551 19.7832805285504 5
69.2284850361246 21.0639593783949 5
71.3856884914167 22.3425132111951 5
73.5428344104066 23.6191597110459 2
75.6997389662756 24.8941839666326 2
77.8561875569785 26.1679267127271 4
80.011949318904 27.4407670485622 4
82.1667947426796 28.7131019841394 4
84.3205138445889 29.9853257704716 4
86.4729331956128 31.2578119193053 4
88.623930099885 32.5308995247706 4
90.7734420109751 33.8048835507705 0
92.921469322797 35.0800081432189 0
95.0680702844649 36.356461746122 0
97.213348127992 37.63437356501 0
99.3574326314127 38.9138126252535 0
101.500460903716 40.1947919937569 0
103.642563999097 41.4772791341727 0
105.783863698122 42.7612080201353 0
107.924479474749 44.0464798895361 0
110.064548087994 45.3329420452029 0
112.204249215628 46.6203548793235 0
114.343823673215 47.908371767399 0
116.483572556796 49.1965515662117 0
118.623835562999 50.4844027713686 0
120.76495741406 51.7714419279087 4
122.907259336306 53.0572437726962 4
31.730418350712 54.3414729373169 4
33.8758623375874 55.6238971274162 2
36.0231568861199 56.90438583981 2
38.1724107701855 58.1829009482685 2
40.323674308722 59.4594859423012 2
42.4769387890631 60.7342564655687 2
44.6321367594202 62.007391319093 2
46.7891452106319 63.2791239991349 2
48.9477926756755 64.5497346450603 2
51.1078696884087 65.8195421922826 2
53.2691407472389 67.0888968238561 2
55.4313556893804 68.3581728266625 2
57.5942596535393 69.6277609918939 2
59.7576010041001 70.8980601443797 2
61.9211372045048 72.1694670970721 2
64.0846392196339 73.4423638924843 2
66.247894945101 74.7171030067327 2
68.4107121720701 75.9939910206328 2
70.5729213877869 77.273271339471 2
72.7343783636624 78.5551073970564 2
74.8949662466506 79.8395687847387 2
30.394296259471 0.308611953240515 4
32.5529121092258 1.59812756793427 4
34.7104904072552 2.88988060583418 4
36.8670498189641 4.18357378471749 3
39.0226582486659 5.4788554292144 3
41.1774393332763 6.77533510098226 3
43.3315728871391 8.07259443528863 3
45.4852843156274 9.37019720785763 3
47.6388202455667 10.6676995376428 1
49.7924141117657 11.9646631873145 1
51.9462527522451 13.2606726826334 1
54.1004568669823 14.5553534462551 1
56.2550818478147 15.8483876235687 1
58.4101340709721 17.1395246211434 1
60.5655914903807 18.4285822424449 5
62.721419063043 19.7154444450567 5
64.8775732011309 21.0000607923754 5
67.0339957542616 22.2824484066205 5
69.1906025630015 23.5626956723583 5
71.3472731322978 24.8409653981957 5
73.5038465828916 26.1174941917406 4
75.6601263488495 27.3925850697044 4
77.8158927367189 28.6665923710177 4
79.9709198009145 29.9399011390358 4
82.1249936864287 31.2129043816877 4
84.2779303866613 32.4859816547462 4
86.429591172075 33.7594817161104 0
88.5798938293497 35.0337108562145 0
90.7288177691827 36.3089260601711 0
92.8764013959488 37.5853314887458 0
95.0227312196288 38.8630770350062 0
97.1679240030837 40.1422588431802 0
99.3121057519429 41.4229230666216 0
101.455393915875 42.7050737188138 0
103.597888942118 43.9886822738707 0
105.73967759095 45.2736908908845 0
107.880853576296 46.5599923149329 0
110.021550219327 47.8473920202987 0
112.161968543092 49.1355783365388 0
114.302384656096 50.4241250562336 0
116.443131724201 51.7125307444326 0
118.584565004703 53.0002792458553 4
120.727028061854 54.2868975733006 4
122.870826912569 55.5719972209054 4
125.016213063254 56.8552953465894 2
33.8427740291384 58.1366181881115 2
35.9918378472292 59.4158928679461 2
38.1428653897966 60.6931344410533 2
40.2958584590079 61.9684339266697 2
42.4507607951419 63.2419483933284 2
44.6074621780793 64.5138919793731 2
46.7658051224683 65.7845275507312 2
48.9255941071676 67.0541587226594 2
51.0866061832823 68.3231222233295 2
53.2486011695547 69.5917809932171 2
55.4113306567906 70.8605174202831 2
57.5745454335078 72.1297261318321 2
59.7380011249935 73.39980599168 2
61.9014625007322 74.6711501966588 2
64.0647071797113 75.9441333676861 2
66.2275291792335 77.2190963574744 2
68.3897427151669 78.496329232649 2
70.5511863160106 79.7760533693646 2
26.0514262197716 0.240393011524736 2
28.2109623367734 1.52540885474843 2
30.3694269764569 2.81302258916409 2
32.5267908973966 4.103066063293 4
34.6830667080498 5.39528148529286 5
36.8383134235915 6.68933999515839 3
38.9926408405855 7.98486174573124 3
41.1462112900012 9.28143185891412 3
43.2992347514245 10.5786122733619 1
45.4519534411618 11.8759544714892 1
47.604614585381 13.1730142669184 1
49.7574368355704 14.4693686652286 1
51.9105823793681 15.7646328824455 1
54.0641462889853 17.0584742016978 1
56.2181648163297 18.3506219094559 1
58.3726339503169 19.6408721685399 1
60.5275289145458 20.9290834273654 1
62.6828152701107 22.21517182191 1
64.8384482761847 23.4991116349096 5
66.9943635125099 24.78094057054 5
69.1504649968028 26.0607671907589 5
71.306617292629 27.338776111793 5
73.4626462512594 28.6152261689572 4
75.6183484966682 29.8904392705848 4
77.773506633906 31.1647811820082 4
79.92790717082 32.4386377382793 4
82.0813586308205 33.712390780664 0
84.2337078190331 34.9863973996543 0
86.3848524139988 36.2609746402329 0
88.5347480952047 37.5363908043566 0
90.6834085639014 38.812862356241 0
92.8308974553788 40.0905543761668 0
94.9773125951886 41.369583379305 0
97.1227651834422 42.6500223776717 0
99.2673592132944 43.9319081925948 0
101.411178025412 45.2152488957233 0
103.554282482765 46.500026577448 0
105.696728701859 47.7861805956902 0
107.838604583177 49.0735668984274 0
109.980067038271 50.3619188726439 0
112.121358877908 51.6508384572514 0
114.262796678388 52.939827389759 0
116.404736779464 54.228346396032 0
118.547537969475 55.515878659635 4
120.691529821965 56.8019806325009 4
122.83698982757 58.0863127922251 4
124.984130810374 59.3686500355829 2
127.133097060447 60.6488768228347 2
35.963364307395 61.9269743037038 2
38.1161494511877 63.2030057503817 2
40.2708060020545 64.477104431959 2
42.4272355668448 65.7494637936148 2
44.5852933280507 67.0203286482402 2
46.7447967116444 68.2899869377712 2
48.9055350464761 69.5587618748459 2
51.0672788537304 70.8270048404593 2
53.229787869447 72.0950889337646 2
55.3928177680065 73.3634024302135 2
57.5561254207701 74.632341941026 2
59.7194728787002 75.9023047444485 2
61.8826308572191 77.1736787434005 2
64.0453824315873 78.4468292385231 2
66.2075273265291 79.7220832067201 2
21.7085863928182 0.181700009979851 2
23.8690099373165 1.46189953390729 2
26.0283793060816 2.74477612848522 2
28.1866141196357 4.03033349809851 2
30.3436758562575 5.31846885725386 2
32.4995712564701 6.60897785480002 5
34.6543546617367 7.90156860983347 5
36.8081294720612 9.19588178706977 5
38.9610482561238 10.4915113552494 1
41.1133095264257 11.7880212433745 1
43.2651478522912 13.0849587570338 1
45.4168144933592 14.3818704629709 1
47.5685489614838 15.6783213094392 1
49.7205487369517 16.9739136631385 1
51.8729493619662 18.268301863113 1
54.0258229894674 19.5611999265514 1
56.1791914299277 20.8523855622424 1
58.3330454762219 22.1416981528799 1
60.4873613096658 23.4290299506427 1
62.6421061888623 24.7143224821734 1
64.7972331362616 25.9975709746937 1
66.9526694973997 27.2788343034048 5
69.108306389014 28.5582452654312 3
71.2639953854567 29.8360148163104 3
73.4195539803332 31.1124263132875 3
75.5747781180661 32.3878194165206 0
77.72945895208 33.6625666772579 0
79.8834008930126 34.9370476117838 0
82.036438486509 36.2116248260945 0
84.188450091038 37.4866253640831 0
86.3393665853908 38.7623287541504 0
88.4891736514931 40.0389620807016 0
90.6379066480878 41.3167013214281 0
92.7856379388741 42.5956765183455 0
94.9324581334726 43.875979333305 0
97.0784550621616 45.1576718749376 0
99.2236968205879 46.4407941249908 0
101.368224745493 47.7253657186678 0
103.512065462179 49.0113715604554 0
105.655266558103 50.2987218737626 0
107.797940386863 51.5872048818901 0
109.940290616477 52.8764652063736 0
112.082608018007 54.1660238407519 0
114.225240086344 55.4553321625474 0
116.368552357532 56.7438378994308 4
118.512892150371 58.0310441953727 4
120.658560219074 59.3165507397443 4
122.805793245235 60.6000733127142 2
124.954756706492 61.8814447160311 2
127.10554524618 63.1606039597059 2
129.258187018442 64.4375809344996 2
38.092048059358 65.7124816435527 2
40.2482450296302 66.9854764662053 2
42.4060437675153 68.2567905972628 2
44.5652739250847 69.5266953615231 2
46.7257365861415 70.7955000296735 2
48.8872129751546 72.0635442564805 2
51.0494717425037 73.3311915214358 2
53.2122749444453 74.5988228251609 2
55.3753828420905 75.8668303495419 2
57.5385575840842 77.1356109651012 2
59.7015662460996 78.4055587295727 2
61.864184237397 79.6770544749383 2
17.365898991922 0.132440550062208 2
19.5271181697768 1.40805091147979 2
21.6873725146731 2.68612324490042 2
23.8465257987399 3.96682703850132 2
26.0044810293188 5.25023626380901 2
28.1611865718744 6.53631902356684 2
30.3166405128797 7.82493527407456 5
32.4708924833076 9.11584421972137 5
34.6240430359912 10.4087205798921 5
36.7762410586924 11.7031760978412 1
38.9276792550073 12.9987810509896 1
41.0785862372726 14.2950820285896 1
43.2292124912901 15.5916175973458 1
45.3798085743356 16.8879377939142 1
47.5305978975065 18.1836268443303 1
49.6817526058216 19.4783221038033 1
51.8333831670455 20.7717232672876 1
53.9855440189032 22.0635931483829 1
56.138249119853 23.3537552252188 1
58.2914897852538 24.6420852480677 1
60.4452461519491 25.9285020867107 1
62.5994872331258 27.2129686323142 1
64.7541619831307 28.4955018801133 1
66.9091879310493 29.7761866628456 3
69.0644443590841 31.0551856563077 3
71.2197732288886 32.3327398651736 3
73.3749880648909 33.6091572257703 3
75.5298886724667 34.8847912403301 0
77.6842785930719 36.1600144153599 0
79.8379823685395 37.4351918013182 0
81.9908602238167 38.7106588295755 0
84.1428182525581 39.9867059753652 0
86.2938126327157 41.263571138861 0
88.4438469859334 42.5414393217315 0
90.5929628310083 43.8204488765478 0
92.7412239912243 45.1007018256597 0
94.8886973387658 46.3822756290584 0
97.0354347384982 47.6652330167811 0
99.1814621340896 48.9496249860084 0
101.326785021957 50.2354781213137 0
103.471418909751 51.5227573583639 0
105.615435160352 52.8113135135418 0
107.758995755236 54.1008484025109 0
109.902358224971 55.3909204724936 0
112.045851517066 56.6809894099341 0
114.189838557594 57.9704807704425 0
116.334677141636 59.2588509597187 4
118.480686872147 60.5456384206344 4
120.628126684563 61.8304938795573 4
122.777183808767 63.1131895941295 2
124.927972057213 64.3936129859076 2
127.080535895244 65.6717522491455 2
129.234857130734 66.9476803255879 2
131.390862532576 68.2215407529277 2
40.2278305222286 69.4935364569515 2
42.3868059364454 70.7639203752426 2
44.5469998456224 72.0329867744666 2
46.7082039748309 73.3010631239915 2
48.8701961297012 74.5685030200286 2
51.0327455448131 75.8356798678973 2
53.1956171677308 77.1029805645979 2
55.3585750995917 78.3707993414791 2
57.5213853881597 79.6395316543418 2
13.0235182365505 0.0915550172897342 2
15.1853546491602 1.36326449193291 2
17.346388066856 2.63698888156387 2
19.5064342257883 3.91302019560847 2
21.6653389922611 5.19158341751829 2
23.8229871373638 6.47281836188707 2
25.9793106470491 7.75676466596963 2
28.1342950171611 9.04335300728712 2
30.2879821388683 10.3324051852763 5
32.4404692300782 11.6236441363382 5
34.5919042302512 12.9167124121918 5
36.7424787361682 14.2111950303652 1
38.8924191344699 15.5066418274151 1
41.0419749164562 16.8025868855588 1
43.1914019375863 18.0985672511815 1
45.3409403394842 19.3941460266456 1
47.4907914123932 20.6889369126313 1
49.6411019414164 21.982619759437 1
51.7919624369551 23.2749423883513 1
53.9434172010177 24.5657143503301 1
56.095479761468 25.8547985384915 1
58.2481469164296 27.1420994732108 1
60.4014041621596 28.4275582328619 1
62.555220846307 29.7111598732478 1
64.7095400482215 30.9929483258249 3
66.864269483206 32.273040980828 3
69.0192780661968 33.5516354934666 3
71.1744004369801 34.8290042799939 3
73.3294486855005 36.1054768937407 0
75.4842285177697 37.3814143767686 0
77.6385566022697 38.6571812070466 0
79.7922762296274 39.9331198910832 0
81.9452690377163 41.2095317533166 0
84.0974611720375 42.4866658616602 0
86.248822954991 43.76471651448 0
88.3993619813788 45.0438283571157 0
90.5491105845354 46.324107706567 0
92.6981095660341 47.6056375400006 0
94.8463913880875 48.8884913260803 0
96.9939677309408 50.1727400458888 0
99.1408292203006 51.4584437813518 0
101.286968373302 52.7456178268288 0
103.432422294798 54.0341790222212 0
105.577312267219 55.3238986812667 0
107.721857797455 56.6143913429694 0
109.866360875581 57.9051456045289 0
112.011172421027 59.1955829286359 0
114.156652479566 60.4851251207446 4
116.303133678453 61.7732539972668 4
118.45089409646 63.0595528375502 4
120.600141921145 64.3437260728834 2
122.7510108798 65.6256000336208 2
124.903563210414 66.9051116564993 2
127.057796554515 68.1822925408133 2
129.21365224386 69.4572533799327 2
131.371023909499 70.7301707460468 2
133.529766236553 72.0012762901373 2
42.3691021501049 73.2708473589961 2
44.5300369822813 74.5391981965249 2
46.691756253588 75.8066719935947 2
48.8540367470153 77.0736342199837 2
51.0166488119316 78.3404662480661 2
53.1793596065603 79.6075589427554 2
8.68163522099369 0.0572951965076166 2
10.8438457813008 1.32609061435118 2
13.0054649441957 2.59631595102089 2
15.1662777521947 3.8683319866789 2
17.3260871751865 5.14246312942024 2
19.4847230926337 6.41897989831629 2
21.6420523375365 7.69808010538201 2
23.7979888677318 8.97987097891432 2
25.9525022107657 10.2643552797483 2
28.1056223429466 11.551424551056 5
30.2574397232545 12.840861874795 5
32.4081002528645 14.1323546571787 5
34.5577962359607 15.4255152646167 1
36.7067551898354 16.7199051016316 1
38.8552276533784 18.0150579753105 1
41.0034731798529 19.3105017964683 1
43.151742790802 20.6057809999963 1
45.3002590819856 21.9004821603279 1
47.4491996623464 23.1942571601793 1
49.5986903731665 24.4868321090034 1
51.7488096864965 25.7780012655305 1
53.8996002584923 27.0676149954953 1
56.0510814841651 28.3555676958018 1
58.2032582934188 29.6417874200451 1
60.3561208471287 30.9262377730019 1
62.5096371229938 32.2089311326924 1
64.6637431651396 33.4899456960233 3
66.8183362399944 34.7694377547516 3
68.9732748751745 36.0476426417043 3
71.128386785273 37.3248623424698 3
73.283482892749 38.6014424771828 0
75.4383742369519 39.8777440362342 0
77.5928884832766 41.1541154860297 0
79.7468833146125 42.4308696937011 0
81.9002547243325 43.7082686291845 0
84.0529390667741 44.9865173348599 0
86.2049087134267 46.2657671326272 0
88.3561622102923 47.5461265548918 0
90.5067107584143 48.8276773688735 0
92.656563796155 50.1104922586445 0
94.8057172661451 51.3946475170616 0
96.9541499741011 52.6802223334414 0
99.1018385357446 53.9672720959329 0
101.248793550313 55.2557762509153 0
103.39509957619 56.5455828226878 0
105.54093665494 57.8363790849042 0
107.686573847754 59.127704379858 0
109.832341686851 60.4189980506004 0
111.978593991144 61.7096650297076 0
114.125669543041 62.9991411504124 4
116.273861114213 64.286944990944 4
118.423395760678 65.57270922082 4
120.5744267867 66.8561909563751 2
122.727034877183 68.137266162475 2
124.881234614559 69.4159156281008 2
127.036983126861 70.6922089742469 2
129.194189049878 71.9662901425119 2
131.352721212559 73.2383650794876 2
133.512416964857 74.5086911013195 2
135.673089942102 75.7775672766029 2
44.5139352402196 77.0453254617962 2
46.6759404556114 78.3123226290098 2
48.8382802323335 79.5789342522963 2
4.34042475041071 0.0275360921462794 2
6.50274375634187 1.29454423967519 2
8.6647050835452 2.56234021852476 2
10.8260800768278 3.83131173930011 2
12.9866476203663 5.10183240474451 2
15.1462010236844 6.37424952374513 2
17.3045569795284 7.6488686654248 2
19.4615662122541 8.92593566017968 2
21.6171248487965 10.2056176813122 2
23.771184655249 11.4879860584197 2
25.9237600934044 12.7730040132227 2
28.0749303757723 14.0605224171554 5
30.2248355328149 15.3502856073372 5
32.3736669286705 16.6419470903182 5
34.5216541902177 17.9350921996738 1
36.6690510642677 19.229263241498 1
38.8161214555196 20.52398410489 1
40.9631248032163 21.8187847398935 1
43.1102998233022 23.1132271400095 1
45.2578490761734 24.4069311092871 1
47.405929915849 25.6995920417585 1
49.5546545554418 26.9909814912404 1
51.7040980154887 28.2809341054393 1
53.8543081487961 29.5693331720416 1
56.0053140279536 30.8560981644936 1
58.1571290404985 32.1411798932257 1
60.3097464748405 33.4245691077074 1
62.4631304835086 34.706313120804 3
64.6172072731619 35.9865316521159 3
66.7718612690098 37.2654238390521 3
68.9269388952823 38.5432620665691 3
71.082259630962 39.8203732564603 0
73.2376317347468 41.0971120531771 0
75.3928692079284 42.373831655119 0
77.5478068253506 43.6508574375153 0
79.7023107842055 44.9284672224361 0
81.8562834200708 46.206880706923 0
84.0096615375612 47.4862590874018 0
86.1624091339788 48.7667141812018 0
88.3145063620095 50.04832460559 0
90.4659372466626 51.3311551053222 0
92.6166794050887 52.6152738192763 0
94.7666994647822 53.9007603240243 0
96.9159617316421 55.1876919974975 0
99.0644566657731 56.4760990462361 0
101.212237416559 57.7659050881809 0
103.359445995887 59.0568813460899 0
105.506315652228 60.3486383055585 0
107.653150344472 61.6406573151189 0
109.800290042855 62.9323489547939 0
111.948072485478 64.2231199580101 4
114.096799674443 65.5124332340497 4
116.246714262696 66.7998507960392 4
118.397987729807 68.0850555166041 2
120.550719013332 69.36785387178 2
122.704940083932 70.648166193082 2
124.860624658454 71.926011733387 2
127.017697433825 73.2014935895556 2
129.176042726782 74.4747854013122 2
131.335512336217 75.7461196679566 2
133.495932660172 77.0157770073587 2
135.657110874405 78.2840761144208 2
137.818839915229 79.5513646396864 2
