x           y           stackinginfo
0.0 0.0 0
2.18156235738602 1.23248575550025 0
4.36368920135159 2.46405241410435 0
6.54652910243608 3.69445295565693 0
8.73021728291281 4.92346216546419 0
10.9148618641068 6.15089882461188 0
13.1005287656579 7.37665034218027 0
15.2872285374226 8.60069429312253 0
17.4749086183137 9.82311098635199 0
19.6634535584978 11.0440826547098 0
21.852693505834 12.2638788790427 0
24.0424190465776 13.4828317721453 3
26.2323992213067 14.7013064642736 3
28.4223993732787 15.9196724971836 3
30.6121962418793 17.1382803906669 1
32.8015891339424 18.357445230951 1
34.9904075785091 19.5774363138818 1
37.1785167670932 20.7984701116806 1
39.3658217769434 22.0207042794894 1
41.5522704704252 23.244232542034 1
43.7378541327272 24.4690820283187 1
45.9226049721322 25.6952147787523 1
48.1065902196722 26.9225351520846 1
50.2899041188682 28.1509016181095 1
52.4726599625039 29.3801393161138 1
54.6549838913502 30.6100500333352 1
56.8370104693929 31.8404192650516 1
59.0188798338708 33.0710209190262 1
61.2007365959663 34.3016192856093 1
63.3827298939934 35.5319691107526 1
65.5650138138378 36.7618150970692 1
67.7477473865668 37.9908921892726 1
69.9310933418666 39.2189280808377 1
72.1152147989148 40.4456494412311 1
74.3002692337699 41.6707932124946 1
76.4863995268819 42.8941236585731 5
78.6737227464317 44.1154543713086 5
80.8623183858171 45.3346721564291 5
83.052218485819 46.5517574194268 2
85.2434017072541 47.7667950200994 2
87.4357917477779 48.9799721865788 2
89.6292583802153 50.1915655809819 2
91.8236183460983 51.4019245084082 2
94.0186349447314 52.6114575993088 2
96.2140213194909 53.8206239562242 2
98.409457120305 55.0299208843862 2
100.604615284214 56.2398653108983 2
102.799187824402 57.4509715683456 2
104.992907784382 58.6637178187738 2
107.185565039414 59.8785012053016 4
109.377015285916 61.0955962171871 4
111.567182535789 62.3151329975379 4
113.756054938052 63.5371028549578 0
115.943674508835 64.7613849836997 0
118.13012334343 65.9877815494783 0
120.315509808477 67.2160501933173 0
122.499957226657 68.4459286895642 0
124.683595900145 69.6771510897627 0
126.866558192973 70.9094568066955 0
129.048976015191 72.1425945057829 0
131.230980086671 73.3763223928091 0
133.412700490289 74.6104061035039 0
135.594268111064 75.8446151281492 0
137.775816671196 77.0787184754058 3
46.6368834522082 78.3124803042901 0
48.8188167865808 79.5456570334935 0
51.0011662466452 80.7779981101644 3
6.5237835684512 1.19124096080996 0
8.70741506808099 2.42117049620823 0
10.8918851040081 3.64956891603753 0
13.0772834836058 4.87628601713251 0
15.2636499324931 6.10125142842923 0
17.4509631707256 7.32449242024941 0
19.6391369361018 8.5461400853405 0
21.828024535913 9.76642139491937 0
24.01743108888 10.9856389129489 3
26.2071307394216 12.2041430000674 3
28.3968854013365 13.4223023130415 3
30.5864619168646 14.6404776945186 1
32.7756456671759 15.8590025966073 1
34.9642502674925 17.0781703805366 1
37.1521242954927 18.2982263113437 1
39.3391562745217 19.5193613697089 1
41.5252783081718 20.7417065229756 1
43.7104675820919 21.9653281282389 1
45.8947445896333 23.1902262431637 1
48.0781681168326 24.4163388559338 1
50.2608277520332 25.6435517980057 1
52.4428355095839 26.871711296713 1
54.6243185249034 28.1006353110624 1
56.8054137898159 29.3301219350727 1
58.9862647064126 30.5599555313618 1
61.1670195160606 31.7899103204332 1
63.3478312828364 33.0197515379625 1
65.5288586718989 34.249235379802 1
67.7102667282527 35.4781090233167 1
69.8922268170059 36.7061120452859 1
72.0749148294889 37.9329806202904 1
74.2585067807009 39.158455858503 1
76.4431711750077 40.3822973033474 5
78.6290581595513 41.6043016646057 5
80.8162865401667 42.8243251190576 5
83.0049308843786 44.0423052382733 2
85.1950114794167 45.2582769127372 2
87.3864891578111 46.4723772779942 2
89.5792649548219 47.6848385435954 2
91.7731823085762 48.8959728672314 2
93.9680290115162 50.1061563250155 2
96.1635391934149 51.3158181367724 2
98.3594028836711 52.5254319432272 2
100.555288891233 53.7354998828431 2
102.750870866729 54.9465323394948 2
104.945850005512 56.1590217265199 2
107.139974167518 57.3734023278117 4
109.333050475008 58.5900047940123 4
111.524951349019 59.8090225720383 4
113.7156145052 61.0305036112476 0
115.905036638329 62.2543680966368 0
118.093262042755 63.4804416733332 0
120.280369285747 64.7084911094264 0
122.466459078271 65.9382538257814 0
124.651645005951 67.1694584379529 0
126.83604730702 68.4018370161218 0
129.019789172392 69.6351310077624 0
131.202994946049 70.8690927379065 0
133.385789737173 72.1034839801425 0
135.56830007933 73.338072699447 3
44.4300538111096 74.57262882393 0
46.6123880451796 75.8069196924355 0
48.7948419703269 77.0407061733876 0
50.9775634810556 78.2737412610246 0
53.1607053785482 79.5057733098451 0
55.3444188133005 80.7365555464125 3
10.868541572679 1.14785071546271 0
13.0537860173565 2.37549958368752 0
15.2399190863084 3.60137607521238 0
17.4269511449586 4.82545557031524 0
19.6148274558545 6.04781591697497 0
21.8034284111937 7.2686365991037 0
23.9925783323016 8.48818414130424 0
26.1820609524672 9.70678735871185 3
28.3716382910719 10.924808087945 3
30.5610694447765 12.1426130718127 3
32.7501266182634 13.3605512587706 1
34.9386071941575 14.5789382452779 1
37.1263422141676 15.7980466608101 1
39.3132024645256 17.0180995318424 1
41.4991029728529 18.2392642266824 1
43.684005492533 19.4616464104402 1
45.8679177439348 20.685285381876 1
48.0508890894862 21.910155109675 1
50.2330033728829 23.1361717886658 1
52.4143703564919 24.3632055660741 1
54.595117543698 25.5910926746362 1
56.775383811392 26.8196453146982 1
58.9553151491681 28.0486591993957 1
61.1350624584714 29.277918822838 1
63.314781238363 30.5071999383383 1
65.4946324802913 31.7362702287132 1
67.6747839981704 32.9648894003106 1
69.8554113793889 34.1928099201019 1
72.0366976634773 35.4197796461113 1
74.2188307856754 36.6455476211526 1
76.4019978839397 37.8698741622195 1
78.5863759401762 39.0925458526092 5
80.772119063347 40.3133948873839 5
82.9593439633812 41.5323203951548 5
85.1481163390187 42.7493073842546 2
87.3384411954456 43.9644381354127 2
89.530258841727 45.1778925471919 2
91.723445839537 46.3899379175023 2
93.9178183502322 47.6009131398778 2
96.1131359256007 48.8112156195623 2
98.3091073594194 50.0212930717456 2
100.505406860907 51.2316308131847 2
102.701699049254 52.4427309694279 2
104.897662039198 53.6550897820388 2
107.093007525665 54.8691652394302 2
109.287497846983 56.08533335053 4
111.480956756112 57.3038473038962 4
113.673273010122 58.5248161544396 4
115.864397662195 59.7482104716976 0
118.054335486115 60.9738896405062 0
120.24313275425 62.2016380467734 0
122.43086468576 63.4311986839275 0
124.617625033298 64.6622983921076 0
126.803518648704 65.8946639078718 0
128.988656743631 67.1280303521266 0
131.17315420849 68.3621443091282 0
133.35712843604 69.5967633219854 3
42.2200977587825 70.8316531416062 0
44.4033882860625 72.0665837036918 0
46.5865262226784 73.3013246135563 0
48.7696457105616 74.5356408040124 0
50.9528886943429 75.7692896289392 0
53.1364044464526 77.0020213215911 0
55.3203455600845 78.2335848412028 0
57.504859180774 79.4637405044144 0
59.6900736014868 80.6922794159554 3
15.2157812063078 1.1010361427428 0
17.4026248823616 2.32595971732073 0
19.5902823167235 3.54906231636613 0
21.7786644984858 4.77047197189529 0
23.9676197248777 5.99041301106388 0
26.1569463521323 7.20918570185572 3
28.346410887112 8.42713849300306 3
30.5357677949133 9.64463880819837 3
32.7247777455338 10.8620475627646 1
34.9132222570771 12.0797004654196 1
37.1009143591082 13.2978961718238 1
39.2877061850411 14.5168887524695 1
41.4734945520575 15.73688136589 1
43.6582245124297 16.9580191895143 1
45.8418897073643 18.1803820601596 1
48.0245289356817 19.4039821706474 1
50.2062193564106 20.6287688931059 1
52.3870676899698 21.8546391197735 1
54.5672012632213 23.0814495833079 1
56.7467605178273 24.3090280329538 1
58.9258937158806 25.5371822903702 1
61.1047539307234 26.7657072515935 1
63.2834982252232 27.9943888776118 1
65.4622884148284 29.2230058287184 1
67.6412926729461 30.4513299243782 1
69.8206872096685 31.6791265723946 1
72.000657186035 32.9061562979479 1
74.1813959207079 34.1321785147485 1
76.3631013789302 35.3569586381133 1
78.5459690565303 36.5802793885871 5
80.7301808845642 37.8019564662263 5
82.9158908131058 39.0218575295512 5
85.1032091241553 40.2399217118925 2
87.2921886428164 41.4561754441434 2
89.4828158857125 42.670740157516 2
91.6750083574716 43.8838292173326 2
93.86861693321 45.0957361749324 2
96.0634309912431 46.3068220215258 2
98.2591847051313 47.5175054188905 2
100.455567361168 48.7282519989595 2
102.652244129053 49.9395539251294 2
104.84887964992 51.1519058095393 2
107.045158569236 52.3657781882057 2
109.240803916963 53.5815802328197 2
111.43559308372 54.7996174812733 4
113.629367405719 56.0200603483028 4
115.822032982742 57.2429368763795 0
118.013554796622 58.4681504506746 0
120.203945953742 59.6955129008871 0
122.393255046653 60.9247802975318 0
124.581554654776 62.1556826052745 0
126.768932604244 63.3879440255253 0
128.955486142839 64.6212946901315 0
131.141318453866 65.8554758192798 3
40.0059353373211 67.0902404688669 0
42.1906506455423 68.3253515035808 0
44.3749775079124 69.5605779475078 0
46.559035331876 70.7956905690608 0
48.7429496894012 72.0304574363824 0
50.9268539360258 73.264640177832 0
53.1108899807191 74.497992409957 0
55.295206604919 75.7302623239781 0
57.4799536079819 76.9612014017455 0
59.6652707525688 78.1905803838368 0
61.8512721466534 79.4182117587687 0
64.0380286150468 80.6439754287637 3
19.5652515255756 1.04982999646053 0
21.7534865353982 2.27187243139177 0
23.9423098210344 3.49226768565511 0
26.1315397647276 4.71128043485508 0
28.3209525253277 5.92923862448635 3
30.5103020298682 7.14650430956261 3
32.6993400148112 8.36344601956013 3
34.887833269709 9.58041690941579 1
37.0755768364013 10.7977401685508 1
39.2624035414126 12.0157000306636 1
41.4481909614872 13.2345350090599 1
43.6328661932856 14.4544300942995 1
45.8164074313902 15.6755069945463 1
47.9988415784738 16.8978184149927 1
50.1802379848057 18.1213497233793 1
52.3606995038198 19.3460273632643 1
54.5403527781677 20.5717308537535 1
56.7193396092243 21.7983049614615 1
58.8978104917276 23.0255703080247 1
61.0759206237314 24.2533321931788 1
63.2538283879597 25.4813862665122 1
65.4316957615224 26.7095213271095 1
67.6096899294228 27.937520392049 1
69.7879853749406 29.1651611301553 1
71.9667656825973 30.3922167026747 1
74.1462241940983 31.6184580293858 1
76.3265625353773 32.8436584797677 3
78.507985985127 34.0676018865493 3
80.6906948601284 35.2900944492692 3
82.8748717609356 36.510980374174 4
85.0606657430909 37.7301599120827 4
87.2481759640411 38.9476070207675 4
89.4374382576914 40.1633825923201 4
91.6284174410999 41.3776388767975 2
93.8210063147973 42.5906146923291 2
96.0150299915387 43.8026264906494 2
98.2102531452525 45.0140586238737 2
100.406389038705 46.2253521987144 2
102.603113947354 47.4369865486566 2
104.800089170938 48.649452390156 2
106.996982310228 49.8632262139257 2
109.193486408099 51.0787392011374 5
111.38933760023 52.296339099236 5
113.584330528781 53.5162541330107 4
115.778326339223 54.7385735628096 3
117.97125003109 55.9632537045629 0
120.163081244999 57.1901442543581 0
122.35384177763 58.4190233653241 0
124.543583048944 59.6496305291771 0
126.732375857275 60.8816913090611 0
128.920303207446 62.1149328523519 3
37.7868543588244 63.3490917524706 0
39.9733284348926 64.5839165026704 0
42.1592242969337 65.8191664827088 0
44.3446464932091 67.0546088814914 0
46.5297043719147 68.2900145325837 0
48.714513207278 69.5251534362943 0
50.899195593845 70.7597907048342 0
53.0838828240874 71.9936837530391 0
55.2687149641272 73.2265823662056 0
57.4538378605617 74.4582337381971 0
59.6393953374737 75.6883943868633 0
61.825515847242 76.9168495858871 0
64.0122949192654 78.1434384368405 0
66.1997769835398 79.3680796822056 0
68.3879414738503 80.5907912825645 3
23.9163970070981 0.993685735621026 0
26.1055887281667 2.21300850375611 0
28.2950075966006 3.43104790378558 3
30.4844120854797 4.64815375514757 3
32.6735486657823 5.86469690075641 3
34.8621714482807 7.0810444976482 1
37.0500581408226 8.29754235599272 1
39.2370219401072 9.51450389998965 1
41.4229202482836 10.732202613399 1
43.6076608836375 11.950863633755 1
45.7912050457729 13.1706518687468 1
47.9735661522483 14.3916628387313 1
50.1548043286349 15.613920795267 1
52.3350174948254 16.8373846321452 1
54.5143309715942 18.0619590410622 1
56.6928876983392 19.2875073594791 1
58.8708404936784 20.5138637154177 1
61.0483469382424 21.7408437835378 1
63.2255669939617 22.9682522955188 1
65.4026628699184 24.1958871823622 1
67.5798004143222 25.4235414496352 1
69.7571513271032 26.6510038635725 1
71.9348954915989 27.8780594384773 1
74.1132226666858 29.1044906482442 3
76.2923326610728 30.3300802482087 3
78.4724329832027 31.5546165516581 3
80.6537329489271 32.7779018771757 3
82.8364335358615 33.9997645503977 3
85.0207131112079 35.220074184327 4
87.2067105503593 36.4387589054165 4
89.3945087483858 37.6558215633021 4
91.5841220888178 38.8713502976978 4
93.7754906253759 40.0855216923526 4
95.9684813490473 41.2985983253282 2
98.162894703749 42.5109221152895 2
100.358474084572 43.7229033189224 2
102.554917505632 44.9350025674355 2
104.751894288874 46.1477037925903 2
106.949065979706 47.3614859020934 5
109.146106209306 48.5767946703784 5
111.342719315578 49.7940096265753 5
113.53865787784 51.0134093062397 5
115.733737207655 52.2351444117571 3
117.927840749999 53.4592307410227 3
120.120913576557 54.6855657941058 3
122.312950257913 55.9139598171928 0
124.50398137966 57.1441697823943 0
126.694061604949 58.3759279120551 3
35.5626592665974 59.6089613602748 0
37.7510566494149 60.8430034257093 0
39.938737642254 62.0777982888704 0
42.1257922089391 63.3131014121307 0
44.3123144360119 64.548677287778 0
46.4984028763743 65.7842957114986 0
48.6841614647915 67.0197274206991 0
50.8697007816788 68.2547398332166 0
53.055139393511 69.4890936692089 0
55.2406049214087 70.7225413828297 0
57.4262333470936 71.9548292173221 0
59.6121646152309 73.185705082872 0
61.7985328245834 74.4149339593467 0
63.9854507092599 75.6423206496281 0
66.1729906418762 76.8677365566125 0
68.3611667624185 78.0911441019677 0
70.5499236566959 79.3126113859335 0
72.7391355405742 80.5323119658698 3
28.2683149207566 0.932498451592609 0
30.4578321124402 2.14952403963439 3
32.6471324982122 3.36574396035083 3
34.8359606680482 4.58153493942565 1
37.0240784862858 5.79726279278496 1
39.2112796842805 7.01326880827325 1
41.3974007241398 8.22986091481596 1
43.5823287395783 9.44730463266562 1
45.7660061143763 10.6658093006294 1
47.9484307933916 11.8855155171937 1
50.1296518092782 13.1064893722229 1
52.3097606591752 14.328725262753 1
54.4888803875542 15.5521556280176 1
56.6671546781441 16.7766641075141 1
58.8447387535564 18.0020991599181 1
61.0217929885667 19.2282868782638 1
63.198479513165 20.4550404914501 1
65.3749613662803 21.6821660130348 1
67.5514034748067 22.9094650906103 1
69.7279747504872 24.1367361385149 3
71.9048506395367 25.3637747317923 3
74.0822154525399 26.5903741271514 3
76.260263719234 27.8163267018984 3
78.4391996731213 29.0414270655457 3
80.6192338475728 30.2654775692284 3
82.8005758065993 31.4882968525645 0
84.9834224641052 32.7097318273626 0
87.1679424675562 33.9296729098368 4
89.3542586772189 35.1480708336261 4
91.5424321670837 36.3649512059707 4
93.7324515274131 37.5804248273567 4
95.924229649543 38.7946928521379 4
98.1176076050788 40.0080457028124 4
100.312363489594 41.2208547017271 2
102.508224149498 42.4335545829392 2
104.704878506449 43.6466165790444 5
106.901994215453 44.8605183393099 5
109.099237376502 46.0757153711103 5
111.29629170681 47.2926110548789 5
113.492877157876 48.5115250719046 5
115.68876717871 49.7326649134798 5
117.883801262788 50.9561093570341 3
120.077886903199 52.1818122189142 3
122.270989497832 53.4096260684687 3
124.463118173972 54.6393345978859 3
33.3337105721569 55.8706835338109 0
35.5240279010584 57.1034043306684 0
37.7135383018105 58.3372292274799 0
39.9023183438379 59.5718988971664 0
42.0904491686125 60.8071647718808 0
44.2780155930839 62.0427879601775 0
46.4651061496651 63.2785361818831 0
48.6518137674764 64.5141797113401 0
50.8382369010701 65.7494870802128 0
53.0244808610462 66.9842212851617 0
55.2106590135268 68.2181373802437 0
57.396893452424 69.4509825032641 0
59.5833134537045 70.682500328799 0
61.7700496047204 71.9124421751538 0
63.9572220293113 73.1405860153593 0
66.1449230177985 74.3667620525288 0
68.3331972952181 75.5908799121994 0
70.5220254334423 76.8129499387821 0
72.7113159975069 78.0330915988355 0
74.9009094870924 79.2515259178595 0
77.0905919920624 80.4685549331596 3
32.619814440705 0.866522541996448 3
34.8089176664397 2.08183266179372 3
36.9973496324065 3.29685590944588 1
39.1848855060846 4.51195944919707 1
41.3713403816914 5.72748472902491 1
43.5565792879429 6.94373758504775 1
45.7405236718075 8.16097275965098 1
47.9231535086523 9.37937803938592 1
50.1045042491102 10.5990643311551 1
52.284658858255 11.8200647817161 1
54.4637366314319 13.0423424398196 1
56.6418812477957 14.2658032754869 1
58.8192502425026 15.4903111443722 1
60.9960071979492 16.7157027790425 1
63.1723171600893 17.9417994336856 1
65.348344911088 19.1684141998585 1
67.524255365593 20.3953559826373 3
69.7002153607952 21.622431240233 3
71.876396181185 22.8494444874319 3
74.0529762010375 24.0761984124428 3
76.2301429958156 25.3024943356719 3
78.4080941631799 26.5281336776588 3
80.5870359391483 27.7529211043449 0
82.7671785858335 28.9766700643741 0
84.9487276399682 30.1992114752247 0
87.131870701512 31.420406138448 0
89.3167607117255 32.6401603684406 0
91.5034983771819 33.8584423376842 4
93.6921176418186 35.0752977576641 4
95.8825777096115 36.2908623248771 4
98.0747629873194 37.5053675373593 4
100.268489811605 38.7191371172996 4
102.463517638245 39.932571990655 5
104.659562443237 41.1461235132449 5
106.856309923696 42.3602621357255 5
109.053431353557 43.5754483417748 5
111.250602412371 44.7921032518186 5
113.447522021894 46.0105795758384 5
115.643930932772 47.2311340276651 1
117.839627866791 48.4539064255401 1
120.034479073107 49.6789129352457 3
122.228416613267 50.9060581075818 3
31.1008240032231 52.1351623597042 3
33.2929270550191 53.3659932284295 3
35.4841715324687 54.598292269722 3
37.6746193406862 55.831794105571 0
39.8643406640453 57.0662375424331 0
42.0534104174821 58.3013704033977 0
44.2419066251753 59.5369500575729 0
46.4299100218897 60.7727413085156 0
48.6175044281556 62.0085128435413 0
50.8047776449733 63.2440331010356 0
52.991822683039 64.4790662717017 0
55.1787390490799 65.713369238582 0
57.365633675952 66.9466904835788 0
59.5526210785319 68.1787721335934 0
61.7398208704328 69.4093572619603 0
63.9273504085122 70.6382045311156 0
66.1153112445505 71.8651106501578 0
68.3037704552583 73.0899378318669 0
70.4927410930938 74.312639751939 0
72.6821679078266 75.5332780395234 0
74.8719237013906 76.752023610675 0
77.0618181320806 77.9691422871223 0
79.2516151581295 79.1849700745365 3
81.4410550547025 80.3998848526675 3
36.969576519041 0.796268807258218 1
39.1575394337221 2.0105352060082 1
41.3444370573529 3.22504575940237 1
43.5301110554043 4.44014596905358 1
45.7144595811007 5.65613645221462 1
47.8974415903886 6.87325394978963 1
50.0790757058679 8.09165708494309 1
52.2594334333835 9.31142120016393 1
54.4386281067644 10.5325432001873 1
56.6168020852109 11.7549538523976 1
58.7941147675196 12.9785338643787 1
60.9707331960963 14.2031311239512 1
63.1468260800176 15.4285746335109 1
65.3225609898106 16.6546836617875 3
67.4981039978986 17.8812730033296 3
69.6736209977627 19.1081554743492 3
71.8492800192127 20.3351426964605 3
74.0252539423374 21.5620450400248 3
76.2017230343103 22.7886714303576 3
78.3788766704237 24.0148296184471 0
80.5569134625308 25.2403275085693 0
82.7360388501964 26.4649762327822 0
84.916459125344 27.6885958626028 0
87.0983710890287 28.9110247646112 0
89.2819473826952 30.132132937652 0
91.4673191176317 31.3518383017855 0
93.654559110025 32.5701255845185 0
95.8436697897112 33.7870647401951 4
98.0345787140302 35.0028238706334 4
100.227142042273 36.2176718445012 4
102.4211541335 37.431967549484 4
104.616360741979 38.6461351912958 5
106.812472802164 39.8606313899442 5
109.009178469546 41.0759153585876 5
111.206158200032 42.2924200777943 5
113.403102804894 43.5105241037779 1
115.599732002912 44.7305254327738 1
117.795812371404 45.9526191291108 1
119.991171299178 47.1768841355325 1
28.8651014498804 48.4032847667405 1
31.0587618300018 49.631688293473 3
33.2515542124773 50.8618935161334 3
35.4435138768068 52.0936594361648 3
37.6346956957451 53.3267279393566 3
39.8251654644606 54.5608387193024 3
42.0149946119615 55.7957371865741 0
44.2042574414798 57.031177133967 0
46.3930300362347 58.2669199574632 0
48.5813901886351 59.5027318599291 0
50.7694179596721 60.7383800688128 0
52.9571966443308 61.9736288490553 0
55.1448139580649 63.2082360459472 0
57.3323631281608 64.4419510710649 0
59.5199433838209 65.6745155450615 0
61.7076594434098 66.9056678604044 0
63.8956180259338 68.135153767375 0
66.0839191033294 69.3627446653242 0
68.272640977167 70.5882629395197 0
70.461821106726 71.8116098933697 0
72.651437808342 73.0327886397526 0
74.8413992500542 74.2519144452346 0
77.0315444982264 75.4692088898697 0
79.2216569048633 76.6849798451558 3
81.4114844425446 77.8995944378213 3
83.6007627204337 79.1134517933029 3
85.7892371090234 80.3269605579799 1
41.3163808700027 0.722511560053997 1
43.5026128262837 1.9365115897579 1
45.6875047821111 3.15129518102103 1
47.8709911361749 4.36714917179667 1
50.0530696184143 5.58428253209816 1
52.2337963623665 6.80281639154286 1
54.4132755559139 8.02278521695605 1
56.5916461087614 9.24414762888333 1
58.7690682497089 10.466803197565 1
60.9457123788195 11.6906119110598 1
63.1217514473369 12.9154105248459 3
65.2973568292 14.1410237367786 3
67.4726970038248 15.3672709110628 3
69.6479382421785 16.5939694932756 3
71.823246563357 17.8209362389283 3
73.9987903468951 19.0479871828136 3
76.1747430580621 20.2749370635595 0
78.3512855342268 21.5015987695631 0
80.5286071838923 22.7277833310515 0
82.7069052829163 23.9533010809382 0
84.8863813748255 25.1779648718541 0
87.067233766641 26.4015965223251 0
89.2496455472038 27.6240373586639 0
91.4337687595219 28.8451631141105 0
93.6197070439909 30.064903954071 0
95.8075006339329 31.2832670078047 0
97.9971176412664 32.5003556716848 0
100.188453593085 33.7163790532013 4
102.381338468839 34.9316468631927 4
104.575548871759 36.1465484906658 4
106.770822341463 37.3615206099189 5
108.966870356072 38.5770148650481 5
111.163389090642 39.793469451881 1
113.360073702795 41.011281821726 1
115.556635653959 42.2307833388895 1
117.752820668939 43.4522169493367 1
26.627823629439 44.6757203970641 1
28.8227055432569 45.9013200993762 1
31.0167868481053 47.1289389913213 1
33.2100460035531 48.3584172256497 1
35.4025028579658 49.5895399711122 3
37.5942039523082 50.8220628067693 3
39.7852112571049 52.0557304143961 3
41.9755946476652 53.2902880063071 3
44.1654275107141 54.525486679516 3
46.3547845826315 55.7610844345703 0
48.5437412057639 56.9968444575221 0
50.7323734255469 58.2325319012869 0
52.920758580547 59.4679100865737 0
55.1089761806012 60.7027368861312 0
57.2971088802055 61.9367620990963 0
59.485243188455 63.1697268781542 0
61.6734693155007 64.4013666197169 0
63.8618798261687 65.6314185817931 0
66.0505651401451 66.8596360843915 0
68.2396036487249 68.0858102319 0
70.4290460601294 69.3097970642254 0
72.6188967391912 70.5315441767793 0
74.8090977539101 71.7511088035351 0
76.9995218923763 72.9686612826309 0
79.1899784912046 74.1844726512892 0
81.3802306299132 75.398890590119 3
83.5700170808916 76.6123119646538 3
85.7590750830727 77.8251581445258 1
87.9471611717229 79.0378564578826 1
90.1340688304009 80.2508256385114 1
45.6593420856275 0.646444171292228 1
47.8434882933432 1.8610723485175 1
50.0261788259132 3.07695994732852 1
52.2074494586153 4.29427747094973 1
54.3873908627292 5.51310113148933 1
56.5661352744496 6.73342118438414 1
58.7438418497281 7.95515880971212 1
60.920683639957 9.1781876269526 1
63.0968380466601 10.402352537696 3
65.2724810658671 11.6274831329145 3
67.4477847612424 12.8534021065917 3
69.6229171308684 14.079929790769 3
71.7980435639464 15.3068860115609 3
73.9733292192942 16.5340902761878 0
76.1489417746405 17.7613610505988 0
78.325054040713 18.9885146909784 0
80.501845889844 20.215364508222 0
82.6795048155367 21.4417205141132 0
84.858224241244 22.6673906650248 0
87.0381985505487 23.8921847731708 0
89.219613936858 25.115922206179 0
91.4026349256893 26.338444595191 0
93.5873878149219 27.5596352937354 0
95.7739441745576 28.7794439818697 0
97.9623086337849 29.997910927163 0
100.152414245335 31.2151831068264 0
102.344126141177 32.431515652927 0
104.537251819185 33.647256072737 3
106.731555206732 34.8628143603435 3
108.926771006048 36.0786294515587 5
111.12261646238 37.2951386122092 1
113.31880088343 38.5127510779029 1
115.515039151466 39.7318237690135 1
24.3904667353786 40.9526393510267 1
26.5860625196551 42.175387968178 1
28.7810537262823 43.4001559237983 1
30.9753294473529 44.6269255818015 1
33.1688383019597 45.8555876805481 1
35.3615793878771 47.0859632423631 1
37.5535873980302 48.3178294456008 3
39.7449190076794 49.5509415553309 3
41.9356428746041 50.7850480415475 3
44.1258331818806 52.01989911057 3
46.3155659860683 53.2552500410613 3
48.5049174902948 54.4908609557905 3
50.6939634970752 55.7264944456472 0
52.8827795239282 56.9619121454994 0
55.071441268403 58.1968711316142 0
57.2600252269416 59.4311209446608 0
59.4486092610302 60.6644021659917 0
61.6372727128665 61.8964477828272 0
63.8260953951898 63.1269889116099 0
66.0151552759309 64.3557659809471 0
68.2045230867564 65.5825466368469 0
70.3942517855603 66.8071502105695 0
72.5843610607032 68.0294751108758 0
74.7748203079367 69.2495221742772 0
76.9655359651608 70.4674065982998 0
79.156348881941 71.6833545045891 0
81.3470444536422 72.8976850950229 3
83.5373722609027 74.1107843471215 3
85.7270680934292 75.3230789060208 5
87.9158755119638 76.5350150181685 1
90.10356554509 77.7470419167687 1
92.2899538758757 78.9595904279449 1
94.4749145977563 80.1730465822602 1
49.9980881139239 0.569713650872211 1
52.1800851697889 1.785838014054 1
54.3606765768237 3.00353059361952 1
56.5399832990724 4.2228178720253 1
58.7181603068401 5.44364629974048 1
60.895381667322 6.66590542528358 3
63.0718288009124 7.8894492154449 3
65.2476827433807 9.11411191846706 3
67.4231200928704 10.3397184506391 3
69.5983118224929 11.5660903116007 3
71.7734240751175 12.7930482904813 0
73.9486201862252 14.0204130752636 0
76.1240633349669 15.2480046016934 0
78.2999193213317 16.4756407351657 0
80.4763589788417 17.7031357471455 0
82.6535596483431 18.9302990743342 0
84.8317049629476 20.1569350817454 0
87.0109820010483 21.382844904901 0
89.1915747959746 22.60783155151 0
91.3736535437852 23.831710076252 0
93.5573598245561 25.0543252617573 0
95.7427899712078 26.2755763988337 0
97.9299804453055 27.4954446551385 0
100.118899270668 28.7140149823634 0
102.309445725783 29.9314844634107 0
104.501457845653 31.1481527903678 3
106.69472537432 32.3643965066352 3
108.889004750516 33.5806360472078 3
111.084032819961 34.7973032755214 1
113.279537190546 36.0148130628553 1
22.1546431460838 37.23354033017 1
24.3502924915755 38.4537991596364 1
26.5456499943058 39.6758242329442 1
28.7405243793908 40.8997566109249 1
30.9347777832548 42.12563747403 1
33.128329805959 43.3534128707923 1
35.3211540930056 44.5829488554832 1
37.5132684792788 45.814053244554 1
39.7047209430208 47.0464989503064 1
41.8955773530345 48.2800425493016 3
44.085912764203 49.5144362874437 3
46.2758059383318 50.7494342285336 3
48.4653363061012 51.9847939930888 3
50.6545825434488 53.2202755889434 3
52.8436220896524 54.4556386058615 3
55.032531142031 55.6906387946655 0
57.2213848374552 56.9250249103759 0
59.4102574262095 58.1585367188045 0
61.5992222181761 59.3909052523638 0
63.7883508831709 60.6218567121987 0
65.9777114038825 61.8511216335053 0
68.1673647511951 63.0784499938896 0
70.3573589196733 64.3036325109332 0
72.5477184741516 65.5265266041231 0
74.7384302731805 66.7470820517243 0
76.929429111841 67.9653592286613 0
79.1205888510004 69.1815341439595 4
81.311723811682 70.395888675504 4
83.5026020388447 71.6087887008649 4
85.692965566134 72.8206574355217 5
87.8825512304881 74.0319522834379 5
90.071111131666 75.2431463287583 5
92.2584322899536 76.454705891693 1
94.4443541475814 77.667062734449 1
96.6287816536545 78.8805847935642 1
98.8116912783023 80.095550442876 1
54.3328276853593 0.494121611492928 1
56.5128957055747 1.7123895953689 1
58.6917407878166 2.9323192246957 3
60.8695350496964 4.15381923799997 3
63.046462501851 5.37675429162871 3
65.222708958688 6.60096348886331 3
67.3984560776983 7.8262730839416 3
69.5738788134736 9.05250411342255 0
71.7491453388021 10.2794762342776 0
73.9244185689372 11.5070089920498 0
76.0998586024358 12.7349214613685 0
78.2756255392774 13.9630309154726 0
80.4518822047845 15.1911509991245 0
82.6287962793638 16.4190898554474 0
84.8065412033698 17.6466488370421 0
86.9852950391369 18.8736227448773 0
89.165236305918 20.0998027188424 0
91.3465358583935 21.3249838695441 0
93.5293444414195 22.5489804675827 0
95.7137770425132 23.7716493760083 0
97.8998970919635 24.9929185831618 0
100.087704660303 26.2128134098471 0
102.277132000943 27.4314714323067 0
104.468047453935 28.6491399611819 0
106.660266314907 29.8661558017788 3
108.853565591788 31.0829145851236 3
111.04769912408 32.2998377571938 3
19.921808738671 33.517341762267 1
22.1168392132313 34.7358132659176 1
24.3119367764191 35.9555899091083 1
26.5068672629972 37.1769425847873 1
28.7014287681442 38.4000600540252 1
30.8954642032967 39.6250386385087 1
33.0888689587653 40.8518804598894 1
35.2815918083169 42.0805018747764 1
37.47362956538 43.3107501078915 1
39.6650170363523 44.5424239558353 1
41.8558141788399 45.7752943318725 1
44.0460953354579 47.0091197093553 1
46.2359418003392 48.2436554448085 3
48.4254372321845 49.4786579611993 3
50.614665130252 50.7138852174061 3
52.8037076123625 51.9490948446484 3
54.9926448882465 53.1840411247442 3
57.181555002903 54.418471810396 3
59.3705135727493 55.6521257356671 0
61.5595933172471 56.8847322591994 0
63.7488631651442 58.1160137958754 0
65.9383865418175 59.3456929242118 0
68.1282182004571 60.5735055193668 0
70.3184000206149 61.7992198225365 0
72.5089550369986 63.0226602488122 0
74.6998780151852 64.2437330114551 0
76.8911234156947 65.4624478730236 4
79.0825943023337 66.6789298024689 4
81.2741370220221 67.8934169987183 4
83.465545501625 69.1062458145895 4
85.6565759150701 70.3178265790948 5
87.8469659494782 71.5286186938852 5
90.0364544620667 72.7391104883515 5
92.2248023892252 73.9497962974665 5
94.4118136256386 75.161148064797 5
96.5973529052994 76.3735842397888 1
98.7813571937596 77.5874395250457 1
100.963837871119 78.8029427761724 1
103.144873303105 80.0202096289919 3
58.6642935525554 0.421240716384865 3
60.8428653741887 1.64199159365603 3
63.020471843244 2.86432855408997 3
65.197302236722 4.08809637880067 3
67.3735430910737 5.31312214227424 0
69.5493739147912 6.53922497871111 0
71.7249659487405 7.76622140921346 0
73.9004829969684 8.99392755491074 0
76.0760835235701 10.2221593094886 0
78.2519234000145 11.4507312239889 0
80.4281588099626 12.6794546220151 0
82.6049488466257 13.9081353844995 0
84.7824572609676 15.1365719614595 0
86.9608526669653 16.3645544205297 0
89.1403063135431 17.5918655437209 0
91.3209864003091 18.8182861043019 0
93.5030481460083 20.0436072613566 0
95.6866198856427 21.2676515911845 0
97.8717872605721 22.4903010432865 0
100.058579192417 23.7115256494656 0
102.246959572942 24.9314040402722 0
104.436827055374 26.1501281288342 0
106.628022873555 27.3679895000669 0
108.820344349556 28.5853526259794 3
17.6929591031362 29.8026227333191 3
19.8868257535965 31.0202134815624 1
22.0810962200056 32.2385194210687 1
24.275529362393 33.4578953655312 1
26.4698964340976 34.6786405046317 1
28.6639924382032 35.9009834278411 1
30.8576485973683 37.1250697329668 1
33.0507421408017 38.3509554327838 1
35.243200676617 39.5786090517246 1
37.4350003966715 40.8079226952405 1
39.6261594162771 42.0387291652338 1
41.8167279752557 43.2708210628239 1
44.006776983055 44.5039685156088 1
46.1963887614393 45.7379317793527 1
48.3856508238382 46.9724682537794 1
50.5746521021554 48.2073350364747 3
52.7634808605465 49.4422883894273 3
54.952223597746 50.6770814056678 3
57.1409643832686 51.9114610054542 3
59.329784226415 53.1451653008777 3
61.518760203089 54.3779224000152 3
63.7079641441328 55.6094518657067 0
65.8974606970088 56.8394702186051 0
68.0873044741005 58.0677018992152 0
70.2775358480206 59.2938966348092 0
72.4681762371739 60.5178519626448 0
74.6592229012754 61.7394379719975 4
76.8506414920651 62.9586202793317 4
79.0423568754704 64.1754757848701 4
81.2342451049889 65.3901968506114 4
83.4261305172933 66.6030828365417 4
85.6177912871589 67.8145212630616 2
87.8089739567876 69.0249636114423 5
89.999411578815 70.2349034182886 5
92.1888442054019 71.4448534653273 5
94.3770419806651 72.6553177977397 5
96.5638274838464 73.8667601648583 5
98.7490928496524 75.0795705078518 5
100.932807761317 76.2940361560917 5
103.115016635855 77.5103263188754 3
105.295826453072 78.7284958354871 3
107.475389178434 79.9485063726696 3
62.9935828218272 0.352241199099719 3
65.1711985929384 1.57557568550923 0
67.3481259800267 2.80032617768786 0
69.5245488995468 4.0263088133322 0
71.7006422653704 5.25333517777068 0
73.8765718528791 6.48121581527063 0
76.0524958654426 7.70976121168764 0
78.2285674768052 8.93878112948315 0
80.4049377954441 10.1680828883386 0
82.5817587807458 11.3974690466652 0
84.7591856203769 12.6267349929998 0
86.9373779748578 13.8556671417168 0
89.1164993103393 15.0840426159486 0
91.2967133123669 16.3116324435194 0
93.478176380157 17.5382111410283 0
95.6610258699404 18.7635747432003 0
97.8453652083694 19.98756682854 0
100.031248765473 21.2101079269317 0
102.218670413941 22.4312201653284 0
104.407559142919 23.6510387328817 0
106.597783071732 24.8698055918709 0
15.4685591383135 26.0878480046073 3
17.6608744660865 27.3055487519152 3
19.8538932646669 28.5233134734847 3
22.0473766188652 29.7415407964604 1
24.2410909154791 30.9605988992197 1
26.4348143421633 32.1808088146001 1
28.6283434499565 33.4024312931464 1
30.8215036057077 34.6256542059701 1
33.0141594529004 35.8505830171831 1
35.2062217635839 37.0772376492677 1
37.3976487433603 38.3055577715981 1
39.5884420475863 39.5354155994753 1
41.7786393254766 40.7666327495903 1
43.9683049576572 41.9989974395417 1
46.1575200408901 43.2322794944322 1
48.3463745952446 44.4662403915582 1
50.5349624782865 45.7006382886942 1
52.723378352766 46.9352292290088 1
54.9117159773036 48.1697658446404 1
57.1000671717311 49.4039947916685 3
59.2885209352221 50.6376540551097 3
61.4771623229067 51.8704712580498 3
63.66607080112 53.1021642099243 3
65.8553179035939 54.3324450727097 3
68.0449640955859 55.5610295531936 3
70.2350547867582 56.7876521808575 0
72.4256154035312 58.0120876680667 4
74.6166467332286 59.2341756196259 4
76.8081212555806 60.4538439297303 4
78.9999782313186 61.6711265720425 4
81.1921172000526 62.8861717048237 4
83.3843919029995 64.0992382876036 4
85.5766081596774 65.3106825240944 2
87.7685294198851 66.5209376351658 2
89.9598911335455 67.7304917554146 2
92.1504199626723 68.9398651491106 5
94.3398572883625 70.1495835841283 5
96.5279848226683 71.360147925979 5
98.7146471095118 72.5719992352777 5
100.899765762381 73.7854842655378 5
103.083342418611 75.0008310514202 3
105.265450665526 76.2181444051074 3
107.446220110527 77.4374223340239 3
109.625817311476 78.6585818429043 0
111.804427940315 79.8814853577669 0
67.3219422499968 0.287951004644028 3
69.4991486153759 1.51381459908876 0
71.6759248454218 2.74086974603606 0
73.8524393366257 3.96891950508547 0
76.0288511893108 5.19776691087602 0
78.2053123568322 6.42721501580539 0
80.3819705219935 7.65706555093556 0
82.5589721872715 8.88711670604184 0
84.7364655012257 10.1171605174304 0
86.9146022926094 11.3469804717714 0
89.0935386315034 12.5763500879623 0
91.2734329774132 13.8050343170328 0
93.4544408535563 15.0327964691965 0
95.6367053422052 16.2594130048149 0
97.8203437509952 17.4846967232018 0
100.005432421599 18.7085253010873 0
102.191993135921 19.9308683812024 0
104.379984945083 21.1518048228445 0
13.2487024872135 22.3715238805384 3
15.4391899976565 23.5903101826882 0
17.6306460936259 24.8085177487854 3
19.8228461783241 26.0265383105464 3
22.0155565494048 27.2447699586373 1
24.2085468785416 28.463590862552 1
26.4015987423996 29.6833400519275 1
28.5945112989905 30.9043040528192 1
30.7871075511924 32.12670590292 1
32.9792436844916 33.3506946936504 1
35.1708172836613 34.5763388156908 1
37.3617712636376 35.8036259778294 1
39.552092462137 37.0324710382358 1
41.7418059829771 38.2627297813399 1
43.9309673761757 39.4942149842123 1
46.1196540912122 40.7267115743045 1
48.3079568746231 41.9599890792683 1
50.4959733604973 43.1938093862101 1
52.6838040310774 44.4279300635853 1
54.8715498548764 45.6621044735455 1
57.0593108999926 46.8960799615002 1
59.2471853069719 48.1295953451982 1
61.4352681106674 49.3623789053559 3
63.6236495073825 50.5941481537808 3
65.8124122841265 51.8246127878099 3
68.0016282890421 53.0534822966014 3
70.1913540380168 54.2804794187768 3
72.3816257637992 55.5053597517722 4
74.5724542784971 56.7279360897139 4
76.763820986044 57.9481031818842 4
78.9556761289933 59.1658570251246 4
81.1479362063682 60.381305184481 4
83.3404791026346 61.594666512068 2
85.5331384368319 62.8062613235336 2
87.7257010933827 64.0164952900726 2
89.9179131986919 65.2258404852312 2
92.1094966713071 66.4348133979407 2
94.3001719518723 67.6439497018024 2
96.4896849072593 68.8537764438981 5
98.6778334559978 70.0647781121453 5
100.86448770276 71.2773584996401 5
103.049599219732 72.4918077308766 4
105.233198471578 73.7082877167417 3
107.415382387695 74.9268408648765 3
109.596296178142 76.1474130288324 0
111.776114108715 77.3698812840854 0
113.95502296828 78.5940792237154 0
116.133210123396 79.8198162202788 0
71.6505556813425 0.228878633547124 3
73.8278318783499 1.45708373789797 0
76.004898772983 2.686213762076 0
78.181908355358 3.91606335298011 0
80.3590064749953 5.14642723095651 0
82.53633592815 6.37709824753197 0
84.714039552315 7.60786474122515 0
86.8922628328076 8.83850774772383 0
89.0711554123216 10.0687987252375 0
91.2508706355814 11.2984994152214 0
93.4315620907594 12.5273663436836 0
95.6133762585033 13.7551623915923 0
97.7964410673783 14.9816766518803 0
99.980851463141 16.206750898559 0
102.16665469812 17.4303074625961 0
11.0332376020906 18.6523708716119 3
13.2217283212216 19.8730760603757 0
15.411391345971 21.0926605159339 0
17.6020449237577 22.3114434146817 3
19.7934752782098 23.5297963066883 3
21.98545332424 24.7481113867273 3
24.1777494135516 25.9667728323921 1
26.3701443442965 27.1861346070085 1
28.5624366378133 28.4065051045177 1
30.7544476572193 29.6281364005769 1
32.946027554749 30.8512149537308 1
35.1370632511243 32.0758531708701 1
37.327484262572 33.3020853438989 1
39.5172638611323 34.5298704789297 1
41.7064153791505 35.7591020621579 1
43.8949853710565 36.9896222008962 1
46.0830457870894 38.221236530433 1
48.2706862495607 39.453727301858 1
50.4580068007319 40.6868634758778 1
52.6451127817616 41.9204064564151 1
54.8321117484815 43.154111973306 1
57.0191117102074 44.3877293676552 1
59.2062200102148 45.6209995565777 1
61.3935422451985 46.8536529349843 1
63.581180703884 48.0854085264835 1
65.7692319017779 49.315975822162 3
67.9577829424886 50.5450608421858 3
70.1469067034046 51.772377796415 3
72.3366562371356 52.9976669865363 4
74.5270591634042 54.2207180286968 4
76.7181128667644 55.4413952318145 4
78.9097815459545 56.659659568894 4
81.1019960277161 57.8755811897363 2
83.2946525385028 59.0893409383337 2
85.4876081460999 60.3012224218054 2
87.6806746194761 61.5115983207471 2
89.8736161208576 62.7209149599899 2
92.0661584916406 63.9296742621935 2
94.2580105053583 65.1384099622757 2
96.4488904139868 66.3476626072732 2
98.6385545930452 67.5579489642152 2
100.826822308184 68.7697232831985 5
103.013591031596 69.9833376297905 4
105.198840096025 71.1990165931915 4
107.382623400896 72.4168553745659 0
109.565054129113 73.6368368459202 0
111.746285786399 74.8588588522184 0
113.926493873204 76.0827624564477 0
116.105861202659 77.3083552609323 0
118.284568005234 78.5354279498861 0
120.462786503467 79.7637646757205 0
75.9803783176325 0.175137148411578 3
78.1580975661663 1.40535344102153 0
80.335788942176 2.63618845403432 0
82.513593180687 3.86742884057381 0
84.6916495495436 5.09885887029865 0
86.8700988102552 6.33025740495565 0
89.0490854377919 7.56139496400534 0
91.228758280026 8.79203226514658 0
93.4092686513703 10.0219225473529 0
95.5907649181231 11.2508200897234 0
97.7733830431852 12.4784965677059 0
99.9572334846886 13.7047646494125 0
8.8217847971661 14.9295052175105 3
11.0082563273462 16.152691820536 0
13.1960011376292 17.3744049720839 0
15.3849119956059 18.5948316591741 0
17.57482793037 19.8142506670553 0
19.7655483164762 21.0330069902721 3
21.9568497647055 22.251480982665 3
24.1485025460729 23.4700581320987 1
26.3402840587322 24.6891039325119 1
28.5319883296217 25.9089457778665 1
30.7234322753958 27.1298608617668 1
32.9144604627936 28.3520673600603 1
35.1049506056525 29.5757165187555 1
37.2948199328619 30.8008862188137 1
39.4840285646795 32.0275795100262 1
41.6725781459728 33.255729882032 1
43.860506311548 34.485212405936 1
46.0478791232534 35.7158577407609 1
48.2347835418706 36.9474656326644 1
50.4213205925922 38.1798159907043 1
52.6075993987558 39.4126768421501 1
54.7937332564928 40.6458083019479 1
56.9798374186923 41.8789632988021 1
59.166027864895 43.1118863345868 1
61.3524203849277 44.3443115727142 1
63.539129366223 45.5759615886771 1
65.7262657389269 46.8065482295362 1
67.9139336377719 48.0357771565219 1
70.1022255613696 49.2633576004739 5
72.2912162247656 50.4890183325667 5
74.4809558837401 51.7125295169792 5
76.6714643819166 52.9337279339495 5
78.862727009001 54.1525407170476 2
81.0546925523881 55.3690015818936 2
83.2472737094684 56.5832547973293 2
85.440346072842 57.7955481891776 2
87.6337432041101 59.0062199789597 2
89.8272504817843 60.2156847808933 2
92.0206057191653 61.4244202075712 2
94.2135151176071 62.6329473390987 2
96.4056790891457 63.8418075599527 2
98.5968208679595 65.0515364296487 2
100.786713829622 66.2626277889171 2
102.975201650003 67.4754908587462 4
105.162208007772 68.6904152738346 4
107.347735332104 69.9075564869839 4
109.531854235543 71.1269434668232 0
111.714686857949 72.3485027069331 0
113.89638826506 73.5720881655069 0
116.077129741803 74.7975086479675 0
118.257086248593 76.0245486625632 0
120.436428524297 77.2529823632148 0
122.615319190768 78.48258182736 0
124.793911831784 79.7131211799577 0
80.3120514178712 0.126366178509608 3
82.4904792288098 1.35811975907064 0
84.669031848038 2.5901501220689 0
86.8478468394032 3.82223403568642 0
89.0270647850242 5.05414182017878 0
91.2068308409731 6.28563477191789 0
93.3872941335938 7.51646553890493 0
95.5686040157188 8.74638381664063 0
97.7509025098202 9.9751492587685 0
6.61371135275259 11.2025517569934 3
8.7983237367911 12.4284368784265 0
10.984180707855 13.6527315707141 0
13.1712661828022 14.8754632502229 0
15.3595013177348 16.0967663398872 0
17.5487487248412 17.3168744798914 0
19.7388239961353 18.5360999141767 3
21.9295118076857 19.754804840754 3
24.1205832561822 20.9733706766503 3
26.3118114317787 22.1921704636253 1
28.5029833647559 23.4115476756666 1
30.6939081337952 24.6318018716818 1
32.8844223770505 25.8531791333846 1
35.0743947882786 27.0758646113376 1
37.2637309274638 28.2999758596096 1
39.4523777326608 29.5255584343515 1
41.6403244569832 30.7525869055473 1
43.8275990717542 31.980972178593 1
46.0142613365134 33.2105734954425 1
48.20039493929 34.4412119130269 1
50.3861005416702 35.6726822694608 1
52.5714898802704 36.9047623600518 1
54.7566810413659 38.1372189807008 1
56.9417956478097 39.3698104211914 1
59.1269574308482 40.6022863504621 1
61.3122914586193 41.8343863972533 1
63.497923342056 43.065838766856 1
65.6839777799477 44.2963603232953 1
67.8705758600119 45.5256597024546 1
70.0578306726021 46.7534450708393 1
72.24584112289 47.9794378350935 5
74.4346844168038 49.2033925826631 5
76.6244084291078 50.4251215823821 5
78.8150255856655 51.6445196605051 2
81.0065093755511 52.8615834589801 2
83.1987931372634 54.076419711353 2
85.3917701554595 55.2892405337736 2
87.5852922570166 56.5003500268784 2
89.7791648988994 57.7101294556547 2
91.9731430638915 58.9190256830566 2
94.1669387034742 60.127537914411 2
96.3602437438353 61.3361974513108 2
98.5527580454549 62.5455448722268 2
100.744217071961 63.7560995104036 2
102.934415177217 64.9683179360442 4
105.123220355058 66.1825524886959 4
107.310578881345 67.3990237178858 4
109.496510450352 68.6178155740299 0
111.681095674579 69.8388924588748 0
113.864459132662 71.0621285597546 0
116.046751961444 72.2873386448707 0
118.228137242766 73.5143035840817 0
120.408779677889 74.7427885203814 0
122.588839500296 75.9725543526765 0
124.76846981017 77.2033640544537 0
126.947816365526 78.4349852591698 0
129.12701899636 79.6671901979862 0
84.6459133341189 0.0817421930723088 3
86.8252362751085 1.31443900319746 0
89.0048249182217 2.54703949841427 0
91.1848214129732 3.77930662438611 0
93.3653728446707 5.01099445173698 0
95.5466289739174 6.24185127308456 0
4.40813489427655 7.47162923396007 3
6.59122734161292 8.70010114088734 0
8.77541244026797 9.92708331744754 0
10.9607569075576 11.1524611713939 0
13.1472733295737 12.3762115925506 0
15.3349123511903 13.5984157202472 0
17.5235627893525 14.8192582936979 0
19.713059853006 16.0390130450011 0
21.9031995271683 17.2580175643707 3
24.0937559673187 18.4766432535282 3
26.2844986139121 19.695266042439 3
28.4752064890026 20.9142421910413 1
30.6656785603783 22.1338910730475 1
32.8557406845047 23.3544840201968 1
35.0452505992036 24.5762365717952 1
37.2341021179134 25.799301970822 1
39.4222289405384 27.0237657441639 1
41.6096070871871 28.2496433992462 1
43.7962534549381 29.4768837422731 1
45.9822202786809 30.7053777772246 1
48.1675872532222 31.9349711599373 1
50.3524538664691 33.1654769662721 1
52.5369332511219 34.3966860205397 1
54.7211472290663 35.6283742894846 1
56.9052227992779 36.8603072775232 1
59.0892903629423 38.0922413693624 1
61.2734830073488 39.323923225299 1
63.4579361105777 40.5550885665996 1
65.6427865606618 41.7854617468232 1
67.828170902879 43.014757622138 1
70.0142217916836 44.2426873366231 1
72.2010623326981 45.4689695163208 1
74.3887983751111 46.6933476844373 5
76.5775095819998 47.9156131460661 5
78.7672409145171 49.1356301847142 5
80.9579964084744 50.3533580328373 2
83.1497362001229 51.5688634487765 2
85.3423758789071 52.7823203371535 2
87.5357861653385 53.99399799614 2
89.7297911674498 55.2042447233527 2
91.9241646621436 56.413474742588 2
94.1186311965119 57.6221588460179 2
96.3128822368585 58.8308095915825 2
98.5066031811778 60.0399606520717 2
100.699500626988 61.2501419195142 2
102.891326951375 62.4618436925831 2
105.081898549769 63.6754733305679 4
107.271105363297 64.891316953427 4
109.458911637695 66.1095204960586 4
111.645348657945 67.3300959518553 0
113.830501234837 68.5529467158868 0
116.01449127129 69.7779001732169 0
118.197462146774 71.0047377486911 0
120.379566418026 72.2332178507077 0
122.560957589392 73.4630912042639 0
124.741785534013 74.6941098759479 0
126.92219472448 75.9260316007645 0
129.102324447983 77.1586207538467 0
131.282310333961 78.3916469832554 0
133.462286662325 79.6248823078879 0
88.9820883934142 0.0400857149304275 3
91.1624563555223 1.27304554518676 0
93.3432348239633 2.50550708902993 0
2.20397180107315 3.73721971663777 3
4.38602017891461 4.96793179770835 0
6.56892062695904 6.19740404640404 0
8.75279577626951 7.42542932790214 0
10.9377342242985 8.65185695301022 0
13.1237760396392 9.8766168774007 0
15.3109018702244 11.0997375491877 0
17.4990289781078 12.3213521894434 0
19.6880156190504 13.5416909123524 0
21.8776728507514 14.7610603366372 3
24.0677810961363 15.9798155042359 3
26.2581081020531 17.1983299058408 3
28.448425259555 18.4169687164463 1
30.6385203702032 19.6360684330701 1
32.8282065352144 20.8559233644344 1
35.0173282154988 22.0767769422485 1
37.2057658433707 23.2988151171455 1
39.3934395341621 24.5221605707515 1
41.5803115373294 25.7468686549451 1
43.7663863642727 26.9729271926844 1
45.9517069716433 28.200261672713 1
48.1363476823387 29.4287455549304 1
50.3204059867577 30.6582130946216 1
52.5039954950656 31.8884709985317 1
54.6872406520389 33.1193069697042 1
56.8702727599572 34.3504955938808 1
59.0532276853903 35.5818013926006 1
61.2362450488456 36.812979358042 1
63.4194681345338 38.0437742257108 1
65.6030437638612 39.273919846691 1
67.7871213780102 40.5031400950444 1
69.9718505795902 41.7311528568378 1
72.1573764783091 42.9576786518402 1
74.3438325028795 44.1824550653191 5
76.5313309941877 45.4052570682852 5
78.7199528244516 46.6259212842477 5
80.9097380873847 47.8443697131804 2
83.1006798752926 49.0606266965343 2
85.2927218491206 50.2748238693132 2
87.4857582649155 51.4871922211359 2
89.6796339378216 52.6980462244446 2
91.8741427486207 53.9077680597546 2
94.069026634365 55.1167975481406 2
96.2639841487837 56.3256221588703 2
98.4586937205668 57.5347600405528 2
100.652841321862 58.7447388433057 2
102.846145474744 59.9560675768939 2
105.038377496457 61.1691963308947 4
107.229374569648 62.3844718085257 4
109.419045194688 63.6021051711428 4
111.60736720356 64.8221646123872 0
113.794378810825 66.044592650389 0
115.980164728678 67.2692377044935 0
118.164840856064 68.4958877153439 0
120.348540784773 69.7242980762808 0
122.53140577517 70.9542114168835 0
124.713578344975 72.1853698933215 0
126.895198861222 73.4175216575626 0
129.076404378847 74.6504231278573 0
131.257329074044 75.8838383384932 0
133.438105750473 77.1175363493944 0
135.618868005028 78.3512874971761 0
137.799752720572 79.5848590874561 0
