0.00  0.00     -110408.057306405  -110422.614624563  -110422.614624563
 
0.00  0.03     -110408.057306545  -110423.441280141  -110423.441280141
 
0.00  0.06      -110408.05730654  -110423.808731771  -110423.808731771
 
0.00  0.09     -110408.057306636  -110424.147308215  -110424.147308215
 
0.00  0.12     -110408.057306744  -110424.454116838  -110424.454116838
 
0.00  0.15     -110408.057306592  -110424.728185128  -110424.728185128
 
0.00  0.18     -110408.057306486  -110424.969098682  -110424.969098682
 
0.00  0.21      -110408.05730665  -110425.175847751  -110425.175847751
 
0.00  0.24     -110408.057306682  -110425.345648735  -110425.345648735
 
0.00  0.27     -110408.057306365  -110425.473557979  -110425.473557979
 
0.00  0.3     -110408.057306507  -110425.554046175  -110425.554046175
 
0.00  0.33      -110408.05730665  -110425.584349904  -110425.584349904
 
0.00  0.36     -110408.057306879  -110425.567496383  -110425.567496383
 
0.00  0.39     -110408.057306533  -110425.513984016  -110425.513984016
 
0.00  0.42      -110408.05730657  -110425.442804234  -110425.442804234
 
0.00  0.45     -110408.057306378  -110425.379797569   -110425.37979757
 
0.00  0.48     -110408.057306534  -110425.350125434  -110425.350125434
 
0.00  0.51     -110408.057306584  -110425.362962718  -110425.362962718
 
0.00  0.54      -110408.05730626  -110425.407555031  -110425.407555031
 
0.00  0.57     -110408.057306865  -110425.465560506  -110425.465560506
 
0.00  0.6     -110408.057306461  -110425.521421845  -110425.521421845
 
0.00  0.63     -110408.057306631  -110425.563728871  -110425.563728871
 
0.00  0.66     -110408.057306806  -110425.583923027  -110425.583923027
 
0.00  0.69      -110408.05730637  -110425.575275387  -110425.575275387
 
0.00  0.72     -110408.057306813  -110425.531975378  -110425.531975378
 
0.00  0.75     -110408.057306423  -110425.449007095  -110425.449007095
 
0.00  0.78     -110408.057306879  -110425.322375314  -110425.322375314
 
0.00  0.81     -110408.057306717   -110425.14922056   -110425.14922056
 
0.00  0.84      -110408.05730656  -110424.928016491  -110424.928016491
 
0.00  0.87     -110408.057306858   -110424.65897225   -110424.65897225
 
0.00  0.9     -110408.057306466  -110424.344455111  -110424.344455111
 
0.00  0.93     -110408.057306688  -110423.989408533  -110423.989408533
 
0.00  0.96     -110408.057306502  -110423.601990906  -110423.601990906
 
0.00  0.99     -110408.057306239  -110423.196431076  -110423.196431076
 
0.00  1.00     -110408.057306405  -110422.614624563  -110422.614624563
 
0.04  0.00     -110408.057306722  -110423.366860927  -110423.366860927
 
0.04  0.03     -110408.057306552  -110423.548451583  -110423.548451583
 
0.04  0.06     -110408.057306411  -110423.869556591  -110423.869556591
 
0.04  0.09     -110408.057306246  -110424.185357436  -110424.185357436
 
0.04  0.12     -110408.057306349  -110424.477412416  -110424.477412416
 
0.04  0.15     -110408.057306414  -110424.741252319  -110424.741252319
 
0.04  0.18     -110408.057306686  -110424.974688959  -110424.974688959
 
0.04  0.21     -110408.057306251  -110425.175589619  -110425.175589619
 
0.04  0.24     -110408.057306481  -110425.340515108  -110425.340515108
 
0.04  0.27     -110408.057306654  -110425.464294769  -110425.464294769
 
0.04  0.3     -110408.057306694  -110425.541386421  -110425.541386421
 
0.04  0.33     -110408.057306527  -110425.568919443  -110425.568919443
 
0.04  0.36     -110408.057306539  -110425.549802129  -110425.549802129
 
0.04  0.39      -110408.05730691    -110425.4945936    -110425.4945936
 
0.04  0.42     -110408.057307031  -110425.422195015  -110425.422195015
 
0.04  0.45     -110408.057306792   -110425.35818257   -110425.35818257
 
0.04  0.48     -110408.057306633  -110425.327899736  -110425.327899736
 
0.04  0.51     -110408.057306487  -110425.341363798  -110425.341363798
 
0.04  0.54     -110408.057306776  -110425.388045638  -110425.388045638
 
0.04  0.57      -110408.05730628  -110425.449003141  -110425.449003141
 
0.04  0.6     -110408.057306487   -110425.50813661   -110425.50813661
 
0.04  0.63      -110408.05730658  -110425.553533135  -110425.553533135
 
0.04  0.66     -110408.057306277   -110425.57621623   -110425.57621623
 
0.04  0.69     -110408.057306869  -110425.569248437  -110425.569248437
 
0.04  0.72     -110408.057306528  -110425.526842362  -110425.526842362
 
0.04  0.75     -110408.057306709  -110425.444109624  -110425.444109624
 
0.04  0.78       -110408.0573066  -110425.317188348  -110425.317188348
 
0.04  0.81     -110408.057306536  -110425.143355017  -110425.143355017
 
0.04  0.84     -110408.057306789  -110424.921219846  -110424.921219846
 
0.04  0.87     -110408.057306436  -110424.651267078  -110424.651267078
 
0.04  0.9     -110408.057306929  -110424.336626234  -110424.336626235
 
0.04  0.93     -110408.057306752     -110423.984738     -110423.984738
 
0.04  0.96     -110408.057306483  -110423.625207264  -110423.625207264
 
0.04  0.99     -110408.057306884  -110423.380429489  -110423.380429489
 
0.04  1.00     -110408.057306722  -110423.366860927  -110423.366860927
 
0.08  0.00     -110408.057306705  -110423.675478624  -110423.675478624
 
0.08  0.03     -110408.057306723  -110423.807352113  -110423.807352113
 
0.08  0.06     -110408.057306788  -110424.023742433  -110424.023742433
 
0.08  0.09     -110408.057306741  -110424.287210064  -110424.287210064
 
0.08  0.12     -110408.057306783   -110424.54601061   -110424.54601061
 
0.08  0.15     -110408.057306364  -110424.784704012  -110424.784704012
 
0.08  0.18      -110408.05730629  -110424.997734702  -110424.997734702
 
0.08  0.21     -110408.057306582  -110425.181367666  -110425.181367666
 
0.08  0.24     -110408.057306358   -110425.33139364   -110425.33139364
 
0.08  0.27     -110408.057306595   -110425.44246215   -110425.44246215
 
0.08  0.3     -110408.057306761   -110425.50914794   -110425.50914794
 
0.08  0.33     -110408.057306952   -110425.52856483   -110425.52856483
 
0.08  0.36     -110408.057306872  -110425.503418369  -110425.503418369
 
0.08  0.39     -110408.057306483  -110425.444137678  -110425.444137678
 
0.08  0.42      -110408.05730646  -110425.369238498  -110425.369238498
 
0.08  0.45     -110408.057306762  -110425.303682256  -110425.303682256
 
0.08  0.48     -110408.057306842  -110425.272948734  -110425.272948734
 
0.08  0.51     -110408.057306862   -110425.28811425   -110425.28811425
 
0.08  0.54     -110408.057306353  -110425.338867964  -110425.338867964
 
0.08  0.57     -110408.057306755  -110425.405390546  -110425.405390546
 
0.08  0.6     -110408.057306671  -110425.470722915  -110425.470722915
 
0.08  0.63     -110408.057306356  -110425.522279706  -110425.522279706
 
0.08  0.66      -110408.05730678  -110425.550659045  -110425.550659045
 
0.08  0.69     -110408.057306258  -110425.548773491  -110425.548773491
 
0.08  0.72     -110408.057306533  -110425.510979855  -110425.510979855
 
0.08  0.75     -110408.057306688  -110425.432679867  -110425.432679867
 
0.08  0.78     -110408.057306601  -110425.310342287  -110425.310342287
 
0.08  0.81     -110408.057307014  -110425.141747364  -110425.141747364
 
0.08  0.84     -110408.057306367  -110424.926427742  -110424.926427742
 
0.08  0.87      -110408.05730676   -110424.66704429   -110424.66704429
 
0.08  0.9     -110408.057306594  -110424.373118847  -110424.373118847
 
0.08  0.93     -110408.057306463   -110424.09064774   -110424.09064774
 
0.08  0.96     -110408.057306784  -110423.828908835  -110423.828908835
 
0.08  0.99     -110408.057306341  -110423.673464811  -110423.673464811
 
0.08  1.00     -110408.057306705  -110423.675478624  -110423.675478624
 
0.12  0.00      -110408.05730639  -110423.967064473  -110423.967064473
 
0.12  0.03     -110408.057306277  -110424.076043929  -110424.076043929
 
0.12  0.06     -110408.057306192  -110424.241675094  -110424.241675094
 
0.12  0.09      -110408.05730648   -110424.44304952   -110424.44304952
 
0.12  0.12     -110408.057306386  -110424.655956975  -110424.655956975
 
0.12  0.15     -110408.057306768  -110424.858414303  -110424.858414303
 
0.12  0.18     -110408.057306741  -110425.040542105  -110425.040542105
 
0.12  0.21     -110408.057306572  -110425.196932596  -110425.196932596
 
0.12  0.24     -110408.057306622  -110425.322850315  -110425.322850315
 
0.12  0.27     -110408.057306583  -110425.413041932  -110425.413041932
 
0.12  0.3     -110408.057306421  -110425.462316196  -110425.462316196
 
0.12  0.33     -110408.057306337  -110425.467908487  -110425.467908487
 
0.12  0.36     -110408.057306498  -110425.432446661  -110425.432446661
 
0.12  0.39     -110408.057306848  -110425.366077704  -110425.366077704
 
0.12  0.42     -110408.057306784  -110425.286605058  -110425.286605058
 
0.12  0.45     -110408.057306717  -110425.218102721  -110425.218102721
 
0.12  0.48     -110408.057306342  -110425.186284298  -110425.186284298
 
0.12  0.51     -110408.057306325  -110425.203741233  -110425.203741233
 
0.12  0.54     -110408.057306481  -110425.260404068  -110425.260404068
 
0.12  0.57     -110408.057306574  -110425.335140426  -110425.335140426
 
0.12  0.6     -110408.057306214  -110425.409640765  -110425.409640765
 
0.12  0.63     -110408.057306728  -110425.470433498  -110425.470433498
 
0.12  0.66     -110408.057306327  -110425.507751554  -110425.507751554
 
0.12  0.69      -110408.05730675  -110425.514501619   -110425.51450162
 
0.12  0.72     -110408.057306772  -110425.485327638  -110425.485327638
 
0.12  0.75     -110408.057306511  -110425.416109027  -110425.416109027
 
0.12  0.78     -110408.057306792  -110425.303935283  -110425.303935283
 
0.12  0.81     -110408.057306437  -110425.147674383  -110425.147674383
 
0.12  0.84     -110408.057306861  -110424.949060228  -110424.949060228
 
0.12  0.87     -110408.057306789  -110424.715639942  -110424.715639942
 
0.12  0.9     -110408.057306652  -110424.479565392  -110424.479565392
 
0.12  0.93     -110408.057306896  -110424.243481735  -110424.243481735
 
0.12  0.96     -110408.057306397  -110424.046680747  -110424.046680747
 
0.12  0.99     -110408.057306771  -110423.964430601  -110423.964430601
 
0.12  1.00      -110408.05730639  -110423.967064473  -110423.967064473
 
0.16  0.00     -110408.057306918  -110424.236804522  -110424.236804522
 
0.16  0.03     -110408.057306763  -110424.330276055  -110424.330276055
 
0.16  0.06     -110408.057306704  -110424.466500147  -110424.466500147
 
0.16  0.09     -110408.057306408  -110424.625727266  -110424.625727266
 
0.16  0.12     -110408.057306522  -110424.794251295  -110424.794251295
 
0.16  0.15     -110408.057306352   -110424.95697823   -110424.95697823
 
0.16  0.18     -110408.057306277   -110425.10298629   -110425.10298629
 
0.16  0.21     -110408.057306396  -110425.225829471  -110425.225829471
 
0.16  0.24     -110408.057306343  -110425.320690874  -110425.320690874
 
0.16  0.27     -110408.057306803   -110425.38290064   -110425.38290064
 
0.16  0.3     -110408.057306757  -110425.408045887  -110425.408045887
 
0.16  0.33     -110408.057306687  -110425.393754169  -110425.393754169
 
0.16  0.36      -110408.05730663  -110425.342836287  -110425.342836287
 
0.16  0.39     -110408.057306584   -110425.26526669   -110425.26526669
 
0.16  0.42     -110408.057306832  -110425.177946443  -110425.177946443
 
0.16  0.45     -110408.057306907  -110425.103918913  -110425.103918913
 
0.16  0.48     -110408.057306913  -110425.069276894  -110425.069276894
 
0.16  0.51     -110408.057306715  -110425.088909639  -110425.088909639
 
0.16  0.54     -110408.057306678  -110425.153236319  -110425.153236319
 
0.16  0.57     -110408.057306332  -110425.238973661  -110425.238973661
 
0.16  0.6     -110408.057306724   -110425.32568941   -110425.32568941
 
0.16  0.63     -110408.057306108  -110425.398837884  -110425.398837884
 
0.16  0.66     -110408.057306493  -110425.448423834  -110425.448423834
 
0.16  0.69     -110408.057306481  -110425.467559389  -110425.467559389
 
0.16  0.72     -110408.057306322  -110425.451361603  -110425.451361603
 
0.16  0.75     -110408.057306835  -110425.396390736  -110425.396390736
 
0.16  0.78     -110408.057306396  -110425.300714278  -110425.300714278
 
0.16  0.81     -110408.057306767  -110425.164912334  -110425.164912334
 
0.16  0.84     -110408.057306554  -110424.993676413  -110424.993676413
 
0.16  0.87     -110408.057306529  -110424.806109456  -110424.806109456
 
0.16  0.9     -110408.057306888  -110424.606805797  -110424.606805797
 
0.16  0.93     -110408.057306376  -110424.421052979  -110424.421052979
 
0.16  0.96     -110408.057306825  -110424.274850548  -110424.274850548
 
0.16  0.99     -110408.057306632  -110424.234343813  -110424.234343813
 
0.16  1.00     -110408.057306918  -110424.236804522  -110424.236804522
 
0.20  0.00     -110408.057306489    -110424.4814966    -110424.4814966
 
0.20  0.03     -110408.057306538  -110424.562898558  -110424.562898558
 
0.20  0.06     -110408.057306664  -110424.677918723  -110424.677918723
 
0.20  0.09     -110408.057306871  -110424.808243218  -110424.808243218
 
0.20  0.12     -110408.057306828  -110424.942182968  -110424.942182968
 
0.20  0.15       -110408.0573066  -110425.069164198  -110425.069164198
 
0.20  0.18     -110408.057306463  -110425.179947485  -110425.179947485
 
0.20  0.21     -110408.057306757  -110425.268140382  -110425.268140382
 
0.20  0.24     -110408.057306671  -110425.329140018  -110425.329140018
 
0.20  0.27     -110408.057306323  -110425.359007151  -110425.359007151
 
0.20  0.3     -110408.057306576  -110425.354470234  -110425.354470234
 
0.20  0.33     -110408.057306639  -110425.314315861  -110425.314315861
 
0.20  0.36     -110408.057306845  -110425.241896271  -110425.241896271
 
0.20  0.39     -110408.057306519  -110425.147453275  -110425.147453275
 
0.20  0.42     -110408.057306471  -110425.047535949  -110425.047535949
 
0.20  0.45     -110408.057306438  -110424.964097023  -110424.964097023
 
0.20  0.48     -110408.057306489  -110424.923656274  -110424.923656274
 
0.20  0.51      -110408.05730668  -110424.944483571  -110424.944483571
 
0.20  0.54     -110408.057306233  -110425.018215861  -110425.018215861
 
0.20  0.57     -110408.057306745   -110425.11800219   -110425.11800219
 
0.20  0.6     -110408.057306387  -110425.220098391  -110425.220098391
 
0.20  0.63     -110408.057306474  -110425.308811163  -110425.308811163
 
0.20  0.66     -110408.057306642  -110425.374143184  -110425.374143184
 
0.20  0.69     -110408.057306247  -110425.409671848  -110425.409671848
 
0.20  0.72     -110408.057306714  -110425.411214598  -110425.411214598
 
0.20  0.75     -110408.057306402  -110425.376229033  -110425.376229033
 
0.20  0.78     -110408.057306699  -110425.304049615  -110425.304049615
 
0.20  0.81     -110408.057306737  -110425.198003595  -110425.198003595
 
0.20  0.84     -110408.057306541   -110425.06352382   -110425.06352382
 
0.20  0.87     -110408.057307003  -110424.910530443  -110424.910530443
 
0.20  0.9     -110408.057306396  -110424.752739084  -110424.752739084
 
0.20  0.93      -110408.05730661  -110424.605866451  -110424.605866451
 
0.20  0.96     -110408.057306686  -110424.498449943  -110424.498449943
 
0.20  0.99     -110408.057306412  -110424.479080057  -110424.479080057
 
0.20  1.00     -110408.057306489    -110424.4814966    -110424.4814966
 
0.24  0.00     -110408.057306917  -110424.698800863  -110424.698800863
 
0.24  0.03     -110408.057306618   -110424.77005678   -110424.77005678
 
0.24  0.06     -110408.057306603  -110424.868587876  -110424.868587876
 
0.24  0.09       -110408.0573063  -110424.977314758  -110424.977314758
 
0.24  0.12     -110408.057306386  -110425.085047447  -110425.085047447
 
0.24  0.15     -110408.057306465  -110425.182983494  -110425.182983494
 
0.24  0.18     -110408.057306609  -110425.263319902  -110425.263319902
 
0.24  0.21     -110408.057306395  -110425.319979505  -110425.319979505
 
0.24  0.24     -110408.057306579  -110425.348575089  -110425.348575089
 
0.24  0.27      -110408.05730687  -110425.345672429  -110425.345672429
 
0.24  0.3     -110408.057306666  -110425.308909418  -110425.308909418
 
0.24  0.33     -110408.057306544  -110425.238203672  -110425.238203672
 
0.24  0.36     -110408.057306472  -110425.137879611  -110425.137879611
 
0.24  0.39     -110408.057306901  -110425.019137183  -110425.019137183
 
0.24  0.42     -110408.057306923  -110424.899994931  -110424.899994931
 
0.24  0.45     -110408.057306798  -110424.801910434  -110424.801910434
 
0.24  0.48      -110408.05730666  -110424.751463084  -110424.751463084
 
0.24  0.51     -110408.057306482  -110424.771565022  -110424.771565022
 
0.24  0.54     -110408.057306819  -110424.856661873  -110424.856661873
 
0.24  0.57     -110408.057306292  -110424.973892439  -110424.973892439
 
0.24  0.6     -110408.057306504  -110425.094655376  -110425.094655376
 
0.24  0.63      -110408.05730628   -110425.20227995   -110425.20227995
 
0.24  0.66     -110408.057306177  -110425.287077019  -110425.287077019
 
0.24  0.69     -110408.057306732  -110425.343372296  -110425.343372297
 
0.24  0.72     -110408.057306338  -110425.367910871  -110425.367910871
 
0.24  0.75     -110408.057306724   -110425.35916358   -110425.35916358
 
0.24  0.78     -110408.057306307  -110425.316653063  -110425.316653062
 
0.24  0.81      -110408.05730658  -110425.244527411  -110425.244527411
 
0.24  0.84     -110408.057306898  -110425.146365597  -110425.146365597
 
0.24  0.87     -110408.057306541  -110425.029613724  -110425.029613724
 
0.24  0.9     -110408.057306775  -110424.904484486  -110424.904484486
 
0.24  0.93     -110408.057306586  -110424.786602948  -110424.786602948
 
0.24  0.96      -110408.05730663  -110424.705886232  -110424.705886232
 
0.24  0.99     -110408.057306899  -110424.696167588  -110424.696167588
 
0.24  1.00     -110408.057306917  -110424.698800863  -110424.698800863
 
0.28  0.00     -110408.057306711  -110424.886985721  -110424.886985721
 
0.28  0.03     -110408.057306968  -110424.949381836  -110424.949381836
 
0.28  0.06     -110408.057306894  -110425.034741442  -110425.034741442
 
0.28  0.09     -110408.057306779  -110425.126753252  -110425.126753252
 
0.28  0.12     -110408.057306817  -110425.214394698  -110425.214394698
 
0.28  0.15     -110408.057306428  -110425.289489989  -110425.289489989
 
0.28  0.18     -110408.057306331  -110425.345101819  -110425.345101819
 
0.28  0.21     -110408.057306546  -110425.375371171  -110425.375371171
 
0.28  0.24     -110408.057306404  -110425.375789354  -110425.375789354
 
0.28  0.27     -110408.057306644  -110425.343107772  -110425.343107772
 
0.28  0.3     -110408.057306747  -110425.275317119  -110425.275317119
 
0.28  0.33      -110408.05730702  -110425.172661124  -110425.172661124
 
0.28  0.36     -110408.057306862  -110425.039600581  -110425.039600581
 
0.28  0.39     -110408.057306496  -110424.888179424  -110424.888179424
 
0.28  0.42     -110408.057306482  -110424.740498373  -110424.740498373
 
0.28  0.45     -110408.057306682  -110424.620868303  -110424.620868303
 
0.28  0.48     -110408.057306746  -110424.555014268  -110424.555014268
 
0.28  0.51     -110408.057306794  -110424.571509064  -110424.571509064
 
0.28  0.54     -110408.057306443  -110424.670640203  -110424.670640203
 
0.28  0.57     -110408.057306363  -110424.809125342  -110424.809125342
 
0.28  0.6     -110408.057306592  -110424.951991417  -110424.951991417
 
0.28  0.63     -110408.057306359  -110425.082116032  -110425.082116032
 
0.28  0.66     -110408.057306617  -110425.190465108  -110425.190465108
 
0.28  0.69     -110408.057306258  -110425.272342769  -110425.272342769
 
0.28  0.72     -110408.057306415  -110425.326163242  -110425.326163242
 
0.28  0.75     -110408.057306571  -110425.349091015  -110425.349091015
 
0.28  0.78     -110408.057306542  -110425.341841827  -110425.341841827
 
0.28  0.81     -110408.057306848  -110425.305046296  -110425.305046296
 
0.28  0.84     -110408.057306429  -110425.240625206  -110425.240625206
 
0.28  0.87     -110408.057306695  -110425.153153542  -110425.153153542
 
0.28  0.9     -110408.057306658  -110425.052093083  -110425.052093083
 
0.28  0.93     -110408.057306427  -110424.954778388  -110424.954778388
 
0.28  0.96     -110408.057307029   -110424.89026474   -110424.89026474
 
0.28  0.99     -110408.057306533  -110424.883936216  -110424.883936216
 
0.28  1.00     -110408.057306711  -110424.886985721  -110424.886985721
 
0.32  0.00      -110408.05730657  -110425.044743844  -110425.044743844
 
0.32  0.03     -110408.057306363  -110425.099374196  -110425.099374196
 
0.32  0.06     -110408.057306337  -110425.174196474  -110425.174196474
 
0.32  0.09     -110408.057306489  -110425.253265748  -110425.253265748
 
0.32  0.12     -110408.057306411  -110425.325554777  -110425.325554777
 
0.32  0.15     -110408.057306883   -110425.38304743  -110425.383047429
 
0.32  0.18     -110408.057306844  -110425.419210976  -110425.419210976
 
0.32  0.21      -110408.05730664  -110425.428414342  -110425.428414342
 
0.32  0.24       -110408.0573068  -110425.405972774  -110425.405972774
 
0.32  0.27     -110408.057306525   -110425.34835492   -110425.34835492
 
0.32  0.3     -110408.057306443  -110425.253441822  -110425.253441822
 
0.32  0.33     -110408.057306457   -110425.12111673   -110425.12111673
 
0.32  0.36     -110408.057306481  -110424.954793349  -110424.954793349
 
0.32  0.39     -110408.057306944  -110424.764841717  -110424.764841717
 
0.32  0.42     -110408.057306838  -110424.576265411  -110424.576265411
 
0.32  0.45     -110408.057306575  -110424.424960696  -110424.424960696
 
0.32  0.48     -110408.057306386  -110424.336923319  -110424.336923319
 
0.32  0.51     -110408.057306314  -110424.345955012  -110424.345955012
 
0.32  0.54     -110408.057306483  -110424.463373249  -110424.463373249
 
0.32  0.57     -110408.057306431  -110424.627334068  -110424.627334068
 
0.32  0.6     -110408.057306194  -110424.796033024  -110424.796033024
 
0.32  0.63     -110408.057306601  -110424.952648502  -110424.952648502
 
0.32  0.66     -110408.057306222  -110425.089062734  -110425.089062734
 
0.32  0.69     -110408.057306692  -110425.205601708  -110425.205601708
 
0.32  0.72     -110408.057306588  -110425.291556568  -110425.291556568
 
0.32  0.75     -110408.057306513  -110425.349672462  -110425.349672462
 
0.32  0.78     -110408.057306634  -110425.377816363  -110425.377816363
 
0.32  0.81     -110408.057306324  -110425.373894214  -110425.373894214
 
0.32  0.84     -110408.057307023  -110425.337337655  -110425.337337655
 
0.32  0.87     -110408.057306618  -110425.271788397  -110425.271788397
 
0.32  0.9     -110408.057306753  -110425.187577437  -110425.187577437
 
0.32  0.93      -110408.05730702  -110425.103650656  -110425.103650656
 
0.32  0.96     -110408.057306466  -110425.047631814  -110425.047631814
 
0.32  0.99      -110408.05730673  -110425.041184026  -110425.041184026
 
0.32  1.00      -110408.05730657  -110425.044743844  -110425.044743844
 
0.36  0.00     -110408.057306669  -110425.171065366  -110425.171065366
 
0.36  0.03     -110408.057306693  -110425.219077296  -110425.219077296
 
0.36  0.06     -110408.057306445  -110425.285685617  -110425.285685617
 
0.36  0.09     -110408.057306412  -110425.355014151  -110425.355014151
 
0.36  0.12     -110408.057306335   -110425.41588303   -110425.41588303
 
0.36  0.15     -110408.057306538  -110425.460227326  -110425.460227326
 
0.36  0.18     -110408.057306541  -110425.481643007  -110425.481643006
 
0.36  0.21     -110408.057306519  -110425.474664035  -110425.474664035
 
0.36  0.24     -110408.057306628  -110425.434501135  -110425.434501135
 
0.36  0.27      -110408.05730689  -110425.357240319  -110425.357240319
 
0.36  0.3     -110408.057306548  -110425.240300547  -110425.240300547
 
0.36  0.33      -110408.05730655    -110425.0829143    -110425.0829143
 
0.36  0.36     -110408.057306466  -110424.887018215  -110424.887018215
 
0.36  0.39     -110408.057306918  -110424.659645802  -110424.659645802
 
0.36  0.42     -110408.057306932  -110424.420443729  -110424.420443729
 
0.36  0.45     -110408.057306788  -110424.219829796  -110424.219829796
 
0.36  0.48     -110408.057306577  -110424.100243349   -110424.10024335
 
0.36  0.51      -110408.05730639  -110424.096927135  -110424.096927135
 
0.36  0.54     -110408.057306624  -110424.239756832  -110424.239756832
 
0.36  0.57     -110408.057306385  -110424.433884302  -110424.433884302
 
0.36  0.6     -110408.057306367  -110424.632758281  -110424.632758281
 
0.36  0.63     -110408.057306446  -110424.820428153  -110424.820428153
 
0.36  0.66     -110408.057306267  -110424.997501119  -110424.997501119
 
0.36  0.69     -110408.057306711  -110425.144266943  -110425.144266943
 
0.36  0.72     -110408.057306389  -110425.265914465  -110425.265914465
 
0.36  0.75     -110408.057306666   -110425.35915389   -110425.35915389
 
0.36  0.78     -110408.057306482  -110425.419456892  -110425.419456892
 
0.36  0.81     -110408.057306513  -110425.442630331  -110425.442630331
 
0.36  0.84     -110408.057306801  -110425.427258113  -110425.427258113
 
0.36  0.87     -110408.057306444  -110425.377288184  -110425.377288184
 
0.36  0.9     -110408.057307003  -110425.304154673  -110425.304154673
 
0.36  0.93     -110408.057306843  -110425.227922792  -110425.227922792
 
0.36  0.96      -110408.05730659  -110425.175362136  -110425.175362136
 
0.36  0.99     -110408.057306943  -110425.166976448  -110425.166976448
 
0.36  1.00     -110408.057306669  -110425.171065366  -110425.171065366
 
0.40  0.00     -110408.057306445  -110425.265106155  -110425.265106155
 
0.40  0.03     -110408.057306711  -110425.307862503  -110425.307862503
 
0.40  0.06     -110408.057306733  -110425.368511139  -110425.368511139
 
0.40  0.09     -110408.057306874  -110425.431018704  -110425.431018704
 
0.40  0.12     -110408.057306745   -110425.48393701   -110425.48393701
 
0.40  0.15     -110408.057306662  -110425.519036392  -110425.519036392
 
0.40  0.18     -110408.057306456  -110425.529920423  -110425.529920423
 
0.40  0.21     -110408.057306885    -110425.5111738    -110425.5111738
 
0.40  0.24     -110408.057306622  -110425.457904083  -110425.457904083
 
0.40  0.27     -110408.057306406  -110425.365920719  -110425.365920719
 
0.40  0.3     -110408.057306499  -110425.232163566  -110425.232163566
 
0.40  0.33     -110408.057306833  -110425.055122017  -110425.055122017
 
0.40  0.36     -110408.057306865   -110424.83545266   -110424.83545266
 
0.40  0.39     -110408.057306441   -110424.57727857   -110424.57727857
 
0.40  0.42     -110408.057306378  -110424.291955554  -110424.291955554
 
0.40  0.45     -110408.057306516  -110424.017888724  -110424.017888723
 
0.40  0.48     -110408.057306573  -110423.849093565  -110423.849093565
 
0.40  0.51     -110408.057306733  -110423.827314496  -110423.827314496
 
0.40  0.54     -110408.057306301  -110424.007147317  -110424.007147317
 
0.40  0.57     -110408.057306708  -110424.237227079  -110424.237227079
 
0.40  0.6     -110408.057306334  -110424.481495204  -110424.481495204
 
0.40  0.63     -110408.057306325   -110424.70652205   -110424.70652205
 
0.40  0.66     -110408.057306674  -110424.912475108  -110424.912475108
 
0.40  0.69     -110408.057306234  -110425.094947979  -110425.094947979
 
0.40  0.72       -110408.0573066  -110425.250112919  -110425.250112919
 
0.40  0.75     -110408.057306375  -110425.373366585  -110425.373366585
 
0.40  0.78     -110408.057306691  -110425.459076126  -110425.459076126
 
0.40  0.81     -110408.057306834  -110425.502427738  -110425.502427738
 
0.40  0.84     -110408.057306509  -110425.502040119  -110425.502040119
 
0.40  0.87     -110408.057306953   -110425.46246062   -110425.46246062
 
0.40  0.9     -110408.057306507   -110425.39599585   -110425.39599585
 
0.40  0.93       -110408.0573066  -110425.323472617  -110425.323472617
 
0.40  0.96      -110408.05730675  -110425.271475776  -110425.271475776
 
0.40  0.99     -110408.057306357  -110425.260510805  -110425.260510805
 
0.40  1.00     -110408.057306445  -110425.265106155  -110425.265106155
 
0.44  0.00     -110408.057306619  -110425.326163394  -110425.326163394
 
0.44  0.03     -110408.057306704  -110425.365303803  -110425.365303803
 
0.44  0.06     -110408.057306512  -110425.422322087  -110425.422322087
 
0.44  0.09     -110408.057306209  -110425.480839531  -110425.480839531
 
0.44  0.12     -110408.057306279  -110425.529049884  -110425.529049884
 
0.44  0.15     -110408.057306541  -110425.558470802  -110425.558470802
 
0.44  0.18     -110408.057306685  -110425.562655044  -110425.562655043
 
0.44  0.21     -110408.057306505  -110425.536149776  -110425.536149776
 
0.44  0.24     -110408.057306447  -110425.473950557  -110425.473950557
 
0.44  0.27     -110408.057306771  -110425.371683742  -110425.371683742
 
0.44  0.3     -110408.057306717  -110425.225952604  -110425.225952604
 
0.44  0.33     -110408.057306686  -110425.034675543  -110425.034675543
 
0.44  0.36     -110408.057306419  -110424.797556837  -110424.797556837
 
0.44  0.39     -110408.057306881   -110424.51678722   -110424.51678722
 
0.44  0.42     -110408.057306776  -110424.198557315  -110424.198557315
 
0.44  0.45     -110408.057306777  -110423.858756006  -110423.858756006
 
0.44  0.48     -110408.057306611  -110423.590919558  -110423.590919558
 
0.44  0.51     -110408.057306404  -110423.545418049  -110423.545418049
 
0.44  0.54     -110408.057306657    -110423.7777243    -110423.7777243
 
0.44  0.57     -110408.057306235  -110424.061785838  -110424.061785838
 
0.44  0.6     -110408.057306357  -110424.342795827  -110424.342795827
 
0.44  0.63     -110408.057306571  -110424.608197659  -110424.608197659
 
0.44  0.66     -110408.057306176  -110424.849353502  -110424.849353502
 
0.44  0.69     -110408.057306655  -110425.061668659  -110425.061668659
 
0.44  0.72     -110408.057306247   -110425.24200819   -110425.24200819
 
0.44  0.75     -110408.057306611  -110425.386372322  -110425.386372322
 
0.44  0.78      -110408.05730651  -110425.489269767  -110425.489269767
 
0.44  0.81     -110408.057306567  -110425.545815359  -110425.545815359
 
0.44  0.84     -110408.057306835  -110425.554858583  -110425.554858583
 
0.44  0.87     -110408.057306465  -110425.521444658  -110425.521444658
 
0.44  0.9     -110408.057306891  -110425.458449804  -110425.458449804
 
0.44  0.93     -110408.057306781  -110425.387227996  -110425.387227996
 
0.44  0.96     -110408.057306545  -110425.334503947  -110425.334503947
 
0.44  0.99     -110408.057306944   -110425.32116769   -110425.32116769
 
0.44  1.00     -110408.057306619  -110425.326163394  -110425.326163394
 
0.48  0.00     -110408.057306499  -110425.353786675  -110425.353786675
 
0.48  0.03     -110408.057306514  -110425.391186269  -110425.391186269
 
0.48  0.06      -110408.05730663  -110425.447017003  -110425.447017003
 
0.48  0.09     -110408.057306931  -110425.504386554  -110425.504386554
 
0.48  0.12     -110408.057306863   -110425.55104926   -110425.55104926
 
0.48  0.15     -110408.057306621  -110425.578195934  -110425.578195934
 
0.48  0.18     -110408.057306546   -110425.57925126   -110425.57925126
 
0.48  0.21     -110408.057306832  -110425.548700761  -110425.548700761
 
0.48  0.24     -110408.057306602  -110425.481466586  -110425.481466586
 
0.48  0.27     -110408.057306448  -110425.373079456  -110425.373079456
 
0.48  0.3     -110408.057306628  -110425.219977655  -110425.219977655
 
0.48  0.33     -110408.057306903   -110425.01975992   -110425.01975992
 
0.48  0.36     -110408.057306973  -110424.771561491  -110424.771561491
 
0.48  0.39     -110408.057306364  -110424.476494153  -110424.476494153
 
0.48  0.42     -110408.057306405  -110424.138249881  -110424.138249881
 
0.48  0.45     -110408.057306439  -110423.764416645  -110423.764416645
 
0.48  0.48     -110408.057306496  -110423.372560031  -110423.372560031
 
0.48  0.51      -110408.05730679    -110423.2777941    -110423.2777941
 
0.48  0.54     -110408.057306166  -110423.588330013  -110423.588330013
 
0.48  0.57      -110408.05730674  -110423.936053806  -110423.936053806
 
0.48  0.6     -110408.057306571  -110424.261567505  -110424.261567505
 
0.48  0.63     -110408.057306461  -110424.555660081  -110424.555660081
 
0.48  0.66     -110408.057306651  -110424.816950409  -110424.816950409
 
0.48  0.69     -110408.057306229  -110425.044886438  -110425.044886438
 
0.48  0.72       -110408.0573065  -110425.238089494  -110425.238089494
 
0.48  0.75     -110408.057306393  -110425.393135852  -110425.393135852
 
0.48  0.78      -110408.05730667  -110425.504648267  -110425.504648267
 
0.48  0.81     -110408.057306833  -110425.567669729  -110425.567669729
 
0.48  0.84     -110408.057306511  -110425.581131912  -110425.581131912
 
0.48  0.87     -110408.057306898  -110425.550358017  -110425.550358017
 
0.48  0.9     -110408.057306473  -110425.488538217  -110425.488538217
 
0.48  0.93     -110408.057306625  -110425.417311683  -110425.417311683
 
0.48  0.96     -110408.057306861  -110425.363560194  -110425.363560194
 
0.48  0.99      -110408.05730623  -110425.348622687  -110425.348622687
 
0.48  1.00     -110408.057306499  -110425.353786675  -110425.353786675
 
0.5  0.00     -110408.057306354  -110425.355008299  -110425.355008299
 
0.5  0.03     -110408.057306491  -110425.392290832  -110425.392290832
 
0.5  0.06     -110408.057306539  -110425.448478564  -110425.448478564
 
0.5  0.09     -110408.057306744   -110425.50635552   -110425.50635552
 
0.5  0.12     -110408.057306704  -110425.553422375  -110425.553422375
 
0.5  0.15     -110408.057306719   -110425.58068411   -110425.58068411
 
0.5  0.18     -110408.057306576  -110425.581466587  -110425.581466587
 
0.5  0.21     -110408.057306883  -110425.550235794  -110425.550235794
 
0.5  0.24      -110408.05730679  -110425.481908371  -110425.481908371
 
0.5  0.27     -110408.057306431  -110425.372012099  -110425.372012099
 
0.5  0.3     -110408.057306574  -110425.216968229  -110425.216968229
 
0.5  0.33     -110408.057306731  -110425.014311983  -110425.014311982
 
0.5  0.36     -110408.057306777  -110424.763048763  -110424.763048763
 
0.5  0.39     -110408.057306515  -110424.464058425  -110424.464058425
 
0.5  0.42     -110408.057306275  -110424.120541432  -110424.120541432
 
0.5  0.45     -110408.057306423  -110423.738629526  -110423.738629526
 
0.5  0.48     -110408.057306532  -110423.329040463  -110423.329040463
 
0.5  0.51     -110408.057306618  -110423.183871486  -110423.183871486
 
0.5  0.54     -110408.057306272  -110423.566642646  -110423.566642646
 
0.5  0.57     -110408.057306871   -110423.92500052   -110423.92500052
 
0.5  0.6     -110408.057306346   -110424.25318011   -110424.25318011
 
0.5  0.63     -110408.057306577  -110424.549132836  -110424.549132836
 
0.5  0.66     -110408.057306687  -110424.812199425  -110424.812199425
 
0.5  0.69     -110408.057306275  -110425.041900966  -110425.041900967
 
0.5  0.72     -110408.057306611  -110425.236758453  -110425.236758453
 
0.5  0.75     -110408.057306361   -110425.39322953   -110425.39322953
 
0.5  0.78      -110408.05730675  -110425.505883589  -110425.505883589
 
0.5  0.81     -110408.057306749  -110425.569714562  -110425.569714562
 
0.5  0.84     -110408.057306519  -110425.583619527  -110425.583619527
 
0.5  0.87     -110408.057306925  -110425.552971105  -110425.552971105
 
0.5  0.9     -110408.057306484  -110425.491046312  -110425.491046312
 
0.5  0.93     -110408.057306833  -110425.419516312  -110425.419516312
 
0.5  0.96     -110408.057306617  -110425.365278323  -110425.365278323
 
0.5  0.99     -110408.057306448  -110425.349890886  -110425.349890886
 
0.5  1.00     -110408.057306354  -110425.355008299  -110425.355008299
 
0.52  0.00     -110408.057306691  -110425.347855832  -110425.347855832
 
0.52  0.03     -110408.057306544  -110425.385526211  -110425.385526211
 
0.52  0.06     -110408.057306468  -110425.442723266  -110425.442723266
 
0.52  0.09     -110408.057306346  -110425.501840588  -110425.501840588
 
0.52  0.12     -110408.057306333  -110425.550098495  -110425.550098495
 
0.52  0.15      -110408.05730653  -110425.578297698  -110425.578297698
 
0.52  0.18     -110408.057306615  -110425.579661516  -110425.579661516
 
0.52  0.21     -110408.057306424  -110425.548635436  -110425.548635436
 
0.52  0.24     -110408.057306568  -110425.480169326  -110425.480169326
 
0.52  0.27     -110408.057306874  -110425.369825967  -110425.369825967
 
0.52  0.3     -110408.057306652  -110425.214058002  -110425.214058002
 
0.52  0.33      -110408.05730651  -110425.010411297  -110425.010411297
 
0.52  0.36     -110408.057306324  -110424.757893209  -110424.757893209
 
0.52  0.39     -110408.057306973  -110424.457433073  -110424.457433073
 
0.52  0.42     -110408.057307023  -110424.112367223  -110424.112367223
 
0.52  0.45     -110408.057306832  -110423.729174642  -110423.729174642
 
0.52  0.48     -110408.057306604  -110423.329577519  -110423.329577519
 
0.52  0.51     -110408.057306313  -110423.259119176  -110423.259119176
 
0.52  0.54      -110408.05730665  -110423.593299272  -110423.593299272
 
0.52  0.57     -110408.057306359  -110423.940429763  -110423.940429763
 
0.52  0.6     -110408.057306419  -110424.261976218  -110424.261976218
 
0.52  0.63     -110408.057306593  -110424.553773307  -110424.553773307
 
0.52  0.66     -110408.057306252  -110424.814172887  -110424.814172887
 
0.52  0.69     -110408.057306699  -110425.042087562  -110425.042087562
 
0.52  0.72      -110408.05730636  -110425.235624746  -110425.235624746
 
0.52  0.75     -110408.057306676  -110425.391007734  -110425.391007734
 
0.52  0.78     -110408.057306417  -110425.502741213  -110425.502741213
 
0.52  0.81     -110408.057306504  -110425.565786915  -110425.565786915
 
0.52  0.84     -110408.057306723  -110425.578977566  -110425.578977566
 
0.52  0.87     -110408.057306486  -110425.547679275  -110425.547679275
 
0.52  0.9     -110408.057306938  -110425.485219193  -110425.485219193
 
0.52  0.93     -110408.057306899  -110425.413219343  -110425.413219343
 
0.52  0.96     -110408.057306561  -110425.358518304  -110425.358518304
 
0.52  0.99     -110408.057306803  -110425.342895746  -110425.342895746
 
0.52  1.00     -110408.057306691  -110425.347855832  -110425.347855832
 
0.56  0.00     -110408.057306937  -110425.308637894  -110425.308637894
 
0.56  0.03     -110408.057306825   -110425.34854925   -110425.34854925
 
0.56  0.06     -110408.057306731  -110425.409736848  -110425.409736849
 
0.56  0.09     -110408.057306437  -110425.473565372  -110425.473565372
 
0.56  0.12     -110408.057306481  -110425.526561154  -110425.526561154
 
0.56  0.15     -110408.057306324  -110425.559089911  -110425.559089911
 
0.56  0.18     -110408.057306347  -110425.564169975  -110425.564169975
 
0.56  0.21     -110408.057306341   -110425.53626046   -110425.53626046
 
0.56  0.24     -110408.057306437  -110425.470491162  -110425.470491162
 
0.56  0.27     -110408.057307028  -110425.362628995  -110425.362628995
 
0.56  0.3     -110408.057307022  -110425.209372656  -110425.209372656
 
0.56  0.33     -110408.057306836  -110425.008632677  -110425.008632677
 
0.56  0.36     -110408.057306594  -110424.760120337  -110424.760120337
 
0.56  0.39     -110408.057306744  -110424.466610707  -110424.466610707
 
0.56  0.42     -110408.057306906  -110424.137728265  -110424.137728265
 
0.56  0.45     -110408.057306946  -110423.830666813  -110423.830666813
 
0.56  0.48     -110408.057306764  -110423.566641038  -110423.566641038
 
0.56  0.51      -110408.05730669  -110423.558649775  -110423.558649775
 
0.56  0.54     -110408.057306777  -110423.748512909  -110423.748512909
 
0.56  0.57     -110408.057306277   -110424.03364278   -110424.03364278
 
0.56  0.6     -110408.057306591  -110424.323525807  -110424.323525807
 
0.56  0.63     -110408.057306338  -110424.593440767  -110424.593440767
 
0.56  0.66     -110408.057306312  -110424.837325945  -110424.837325945
 
0.56  0.69     -110408.057306697  -110425.052052688  -110425.052052688
 
0.56  0.72     -110408.057306362   -110425.23454133   -110425.23454133
 
0.56  0.75      -110408.05730685  -110425.380468666  -110425.380468666
 
0.56  0.78     -110408.057306358  -110425.484260607  -110425.484260607
 
0.56  0.81     -110408.057306577  -110425.540921575  -110425.540921575
 
0.56  0.84      -110408.05730665  -110425.549155408  -110425.549155408
 
0.56  0.87     -110408.057306542  -110425.514173917  -110425.514173917
 
0.56  0.9     -110408.057306949  -110425.449277296  -110425.449277296
 
0.56  0.93     -110408.057306537  -110425.375722894  -110425.375722894
 
0.56  0.96     -110408.057306849  -110425.320007445  -110425.320007445
 
0.56  0.99     -110408.057306817  -110425.304379733  -110425.304379732
 
0.56  1.00     -110408.057306937  -110425.308637894  -110425.308637894
 
0.60  0.00     -110408.057306753  -110425.236764146  -110425.236764146
 
0.60  0.03     -110408.057306878  -110425.280723045  -110425.280723045
 
0.60  0.06     -110408.057306859  -110425.348546365  -110425.348546365
 
0.60  0.09      -110408.05730653  -110425.420099924  -110425.420099924
 
0.60  0.12     -110408.057306655  -110425.480974362  -110425.480974362
 
0.60  0.15     -110408.057306354  -110425.521094619  -110425.521094619
 
0.60  0.18     -110408.057306264  -110425.533352856  -110425.533352856
 
0.60  0.21     -110408.057306568    -110425.5123325    -110425.5123325
 
0.60  0.24     -110408.057306382  -110425.453500352  -110425.453500352
 
0.60  0.27     -110408.057306784  -110425.353035034  -110425.353035034
 
0.60  0.3       -110408.0573069   -110425.20823738   -110425.20823738
 
0.60  0.33     -110408.057306974  -110425.018105263  -110425.018105263
 
0.60  0.36     -110408.057306961  -110424.784696104  -110424.784696104
 
0.60  0.39     -110408.057306458   -110424.51675788   -110424.51675788
 
0.60  0.42     -110408.057306663  -110424.256055447  -110424.256055447
 
0.60  0.45     -110408.057306769  -110424.002659664  -110424.002659664
 
0.60  0.48     -110408.057306809  -110423.821404558  -110423.821404558
 
0.60  0.51     -110408.057306946  -110423.853413201  -110423.853413201
 
0.60  0.54     -110408.057306541  -110423.998740068  -110423.998740068
 
0.60  0.57     -110408.057306583   -110424.20287561   -110424.20287561
 
0.60  0.6     -110408.057306907  -110424.439439605  -110424.439439605
 
0.60  0.63     -110408.057306159  -110424.672422823  -110424.672422823
 
0.60  0.66     -110408.057306627  -110424.886945044  -110424.886945044
 
0.60  0.69     -110408.057306413  -110425.076863245  -110425.076863244
 
0.60  0.72     -110408.057306214  -110425.237809803  -110425.237809803
 
0.60  0.75     -110408.057306811  -110425.364998833  -110425.364998832
 
0.60  0.78     -110408.057306318  -110425.452888212  -110425.452888212
 
0.60  0.81     -110408.057306862  -110425.496639348  -110425.496639348
 
0.60  0.84     -110408.057306481  -110425.494920711  -110425.494920711
 
0.60  0.87     -110408.057306598  -110425.452759435  -110425.452759435
 
0.60  0.9     -110408.057306772  -110425.383165771  -110425.383165771
 
0.60  0.93     -110408.057306497  -110425.306699101  -110425.306699101
 
0.60  0.96     -110408.057306792  -110425.249262231  -110425.249262231
 
0.60  0.99     -110408.057306605  -110425.233763975  -110425.233763975
 
0.60  1.00     -110408.057306753  -110425.236764146  -110425.236764146
 
0.64  0.00     -110408.057306909  -110425.133119515  -110425.133119515
 
0.64  0.03      -110408.05730675  -110425.182745293  -110425.182745293
 
0.64  0.06     -110408.057306612   -110425.25991472   -110425.25991472
 
0.64  0.09     -110408.057306387  -110425.342269686  -110425.342269686
 
0.64  0.12     -110408.057306368  -110425.414173861  -110425.414173861
 
0.64  0.15     -110408.057306263  -110425.465174553  -110425.465174553
 
0.64  0.18     -110408.057306393  -110425.488185974  -110425.488185974
 
0.64  0.21     -110408.057306329  -110425.478079321  -110425.478079321
 
0.64  0.24     -110408.057306307  -110425.430805164  -110425.430805164
 
0.64  0.27     -110408.057306964  -110425.343195587  -110425.343195587
 
0.64  0.3      -110408.05730693  -110425.213576242  -110425.213576242
 
0.64  0.33     -110408.057306867  -110425.042820928  -110425.042820928
 
0.64  0.36     -110408.057306664  -110424.846008705  -110424.846008705
 
0.64  0.39     -110408.057306673  -110424.621940607  -110424.621940607
 
0.64  0.42     -110408.057306736  -110424.398021415  -110424.398021415
 
0.64  0.45     -110408.057306921  -110424.201540659  -110424.201540659
 
0.64  0.48     -110408.057306858  -110424.089410088  -110424.089410088
 
0.64  0.51     -110408.057306795  -110424.130839184  -110424.130839184
 
0.64  0.54     -110408.057306845  -110424.251281538  -110424.251281538
 
0.64  0.57     -110408.057306315  -110424.411900371  -110424.411900371
 
0.64  0.6     -110408.057306702   -110424.59604083   -110424.59604083
 
0.64  0.63      -110408.05730649  -110424.785055409  -110424.785055409
 
0.64  0.66     -110408.057306378   -110424.96235064   -110424.96235064
 
0.64  0.69     -110408.057306654  -110425.119148229  -110425.119148229
 
0.64  0.72     -110408.057306368  -110425.250083638  -110425.250083638
 
0.64  0.75     -110408.057306747  -110425.350328475  -110425.350328475
 
0.64  0.78     -110408.057306432  -110425.414804651  -110425.414804651
 
0.64  0.81     -110408.057306649  -110425.439040456  -110425.439040456
 
0.64  0.84     -110408.057306677  -110425.421852089  -110425.421852089
 
0.64  0.87     -110408.057306522  -110425.368244941  -110425.368244941
 
0.64  0.9     -110408.057306815  -110425.290771538  -110425.290771538
 
0.64  0.93     -110408.057306477  -110425.209001336  -110425.209001336
 
0.64  0.96      -110408.05730682  -110425.148098769  -110425.148098769
 
0.64  0.99     -110408.057306806  -110425.131976535  -110425.131976535
 
0.64  1.00     -110408.057306909  -110425.133119515  -110425.133119515
 
0.68  0.00     -110408.057306744  -110424.998861091  -110424.998861091
 
0.68  0.03     -110408.057306581  -110425.055531289  -110425.055531289
 
0.68  0.06     -110408.057306674   -110425.14495149   -110425.14495149
 
0.68  0.09      -110408.05730655   -110425.24128369   -110425.24128369
 
0.68  0.12     -110408.057306647  -110425.327407994  -110425.327407994
 
0.68  0.15     -110408.057306311  -110425.392649678  -110425.392649678
 
0.68  0.18     -110408.057306241  -110425.430148947  -110425.430148947
 
0.68  0.21     -110408.057306403  -110425.435257226  -110425.435257226
 
0.68  0.24     -110408.057306398  -110425.404565016  -110425.404565016
 
0.68  0.27     -110408.057306634  -110425.335773552  -110425.335773552
 
0.68  0.3     -110408.057306907  -110425.228520665  -110425.228520665
 
0.68  0.33     -110408.057306882  -110425.089842892  -110425.089842892
 
0.68  0.36     -110408.057306786  -110424.921688588  -110424.921688588
 
0.68  0.39     -110408.057306578   -110424.73888881   -110424.73888881
 
0.68  0.42     -110408.057306689  -110424.559947635  -110424.559947635
 
0.68  0.45     -110408.057306819  -110424.409366298  -110424.409366298
 
0.68  0.48      -110408.05730689  -110424.342796806  -110424.342796806
 
0.68  0.51      -110408.05730681  -110424.385520027  -110424.385520027
 
0.68  0.54     -110408.057306532  -110424.488201705  -110424.488201705
 
0.68  0.57     -110408.057306491  -110424.620910057  -110424.620910057
 
0.68  0.6      -110408.05730691  -110424.767978687  -110424.767978688
 
0.68  0.63     -110408.057306286  -110424.917366741  -110424.917366741
 
0.68  0.66     -110408.057306548  -110425.056987193  -110425.056987193
 
0.68  0.69     -110408.057306457  -110425.178010059  -110425.178010059
 
0.68  0.72     -110408.057306436  -110425.274725495  -110425.274725495
 
0.68  0.75     -110408.057306781  -110425.342637736  -110425.342637736
 
0.68  0.78     -110408.057306454  -110425.377528413  -110425.377528414
 
0.68  0.81     -110408.057306829  -110425.375963449  -110425.375963449
 
0.68  0.84     -110408.057306282  -110425.337335043  -110425.337335043
 
0.68  0.87     -110408.057306543  -110425.266895855  -110425.266895855
 
0.68  0.9     -110408.057306693  -110425.176996879  -110425.176996879
 
0.68  0.93     -110408.057306431  -110425.086207276  -110425.086207276
 
0.68  0.96      -110408.05730687  -110425.018854277  -110425.018854277
 
0.68  0.99     -110408.057306573  -110425.000231715  -110425.000231715
 
0.68  1.00     -110408.057306744  -110424.998861091  -110424.998861091
 
0.7  0.00     -110408.057306503   -110424.92069295   -110424.92069295
 
0.7  0.03     -110408.057306311   -110424.98133685   -110424.98133685
 
0.7  0.06     -110408.057306357  -110425.078059865  -110425.078059865
 
0.7  0.09     -110408.057306539  -110425.182607628  -110425.182607628
 
0.7  0.12     -110408.057306352  -110425.277061927  -110425.277061927
 
0.7  0.15     -110408.057306681  -110425.350723247  -110425.350723247
 
0.7  0.18     -110408.057306642   -110425.39693603   -110425.39693603
 
0.7  0.21     -110408.057306673  -110425.411365167  -110425.411365167
 
0.7  0.24     -110408.057306823  -110425.390980352  -110425.390980352
 
0.7  0.27     -110408.057306494  -110425.333963746  -110425.333963746
 
0.7  0.3     -110408.057306477  -110425.241557382  -110425.241557382
 
0.7  0.33     -110408.057306438  -110425.117199026  -110425.117199026
 
0.7  0.36     -110408.057306609  -110424.967115349  -110424.967115349
 
0.7  0.39     -110408.057306719  -110424.803819128  -110424.803819128
 
0.7  0.42     -110408.057306519   -110424.64411302   -110424.64411302
 
0.7  0.45      -110408.05730644  -110424.512724889  -110424.512724889
 
0.7  0.48     -110408.057306375  -110424.461211301  -110424.461211301
 
0.7  0.51     -110408.057306468  -110424.503272758  -110424.503272758
 
0.7  0.54     -110408.057306519  -110424.598620628  -110424.598620628
 
0.7  0.57     -110408.057306769  -110424.720303082  -110424.720303082
 
0.7  0.6     -110408.057306236  -110424.853007631  -110424.853007631
 
0.7  0.63     -110408.057306774  -110424.985794319  -110424.985794319
 
0.7  0.66     -110408.057306609  -110425.108261847  -110425.108261847
 
0.7  0.69     -110408.057306472  -110425.212104416  -110425.212104416
 
0.7  0.72     -110408.057306803  -110425.291697537  -110425.291697537
 
0.7  0.75     -110408.057306426  -110425.342738428  -110425.342738427
 
0.7  0.78     -110408.057306831  -110425.361439217  -110425.361439217
 
0.7  0.81     -110408.057306479  -110425.345001414  -110425.345001414
 
0.7  0.84     -110408.057306625   -110425.29340602  -110425.293406019
 
0.7  0.87     -110408.057306852  -110425.212155967  -110425.212155967
 
0.7  0.9     -110408.057306475  -110425.113791562  -110425.113791562
 
0.7  0.93     -110408.057306904  -110425.016636531  -110425.016636531
 
0.7  0.96     -110408.057306401  -110424.944541729  -110424.944541729
 
0.7  0.99     -110408.057306664   -110424.92358468   -110424.92358468
 
0.7  1.00     -110408.057306503   -110424.92069295   -110424.92069295
 
0.72  0.00     -110408.057306543  -110424.835432327  -110424.835432327
 
0.72  0.03     -110408.057306574  -110424.900342785  -110424.900342785
 
0.72  0.06     -110408.057306688  -110425.005219276  -110425.005219276
 
0.72  0.09     -110408.057306766  -110425.118817447  -110425.118817447
 
0.72  0.12     -110408.057306688  -110425.222429503  -110425.222429503
 
0.72  0.15     -110408.057306308  -110425.305410208  -110425.305410208
 
0.72  0.18     -110408.057306249  -110425.361364568  -110425.361364568
 
0.72  0.21     -110408.057306619  -110425.386319326  -110425.386319326
 
0.72  0.24     -110408.057306559  -110425.377652995  -110425.377652995
 
0.72  0.27     -110408.057306407  -110425.333983011  -110425.333983011
 
0.72  0.3     -110408.057306636  -110425.256463871  -110425.256463871
 
0.72  0.33     -110408.057306701  -110425.148706626  -110425.148706626
 
0.72  0.36      -110408.05730701  -110425.016564244  -110425.016564244
 
0.72  0.39     -110408.057306374  -110424.871317733  -110424.871317733
 
0.72  0.42     -110408.057306433  -110424.728588936  -110424.728588936
 
0.72  0.45     -110408.057306537  -110424.613856453  -110424.613856453
 
0.72  0.48     -110408.057306659  -110424.573382214  -110424.573382214
 
0.72  0.51     -110408.057306808  -110424.614219226  -110424.614219226
 
0.72  0.54     -110408.057306442  -110424.702972352  -110424.702972352
 
0.72  0.57     -110408.057306792  -110424.814985661  -110424.814985661
 
0.72  0.6     -110408.057306675  -110424.935278076  -110424.935278076
 
0.72  0.63     -110408.057306398  -110425.053481885  -110425.053481885
 
0.72  0.66     -110408.057306749  -110425.160353573  -110425.160353573
 
0.72  0.69     -110408.057306344  -110425.248114495  -110425.248114495
 
0.72  0.72     -110408.057306616  -110425.311264381  -110425.311264381
 
0.72  0.75     -110408.057306627   -110425.34566914   -110425.34566914
 
0.72  0.78     -110408.057306518  -110425.347909192  -110425.347909192
 
0.72  0.81     -110408.057306738  -110425.315751708  -110425.315751708
 
0.72  0.84      -110408.05730645  -110425.249825021  -110425.249825021
 
0.72  0.87     -110408.057306817   -110425.15602121   -110425.15602121
 
0.72  0.9     -110408.057306511  -110425.047347894  -110425.047347894
 
0.72  0.93     -110408.057306416  -110424.942310872  -110424.942310872
 
0.72  0.96     -110408.057306717  -110424.864254551  -110424.864254551
 
0.72  0.99     -110408.057306436   -110424.84003222   -110424.84003222
 
0.72  1.00     -110408.057306543  -110424.835432327  -110424.835432327
 
0.76  0.00     -110408.057306729  -110424.644517552  -110424.644517552
 
0.76  0.03     -110408.057306781  -110424.718959402  -110424.718959402
 
0.76  0.06     -110408.057306795  -110424.842970728  -110424.842970728
 
0.76  0.09     -110408.057306515  -110424.977222618  -110424.977222618
 
0.76  0.12     -110408.057306629  -110425.101720624  -110425.101720624
 
0.76  0.15     -110408.057306233  -110425.206171645  -110425.206171645
 
0.76  0.18     -110408.057306276  -110425.284876388  -110425.284876388
 
0.76  0.21      -110408.05730639   -110425.33466479   -110425.33466479
 
0.76  0.24     -110408.057306323  -110425.353633036  -110425.353633036
 
0.76  0.27      -110408.05730658  -110425.340404151  -110425.340404151
 
0.76  0.3     -110408.057306836  -110425.296239641  -110425.296239641
 
0.76  0.33     -110408.057306885  -110425.222385771  -110425.222385771
 
0.76  0.36     -110408.057306936  -110425.123659648  -110425.123659648
 
0.76  0.39     -110408.057306503  -110425.009133329  -110425.009133329
 
0.76  0.42     -110408.057306747  -110424.893883422  -110424.893883422
 
0.76  0.45     -110408.057306765  -110424.804708627  -110424.804708627
 
0.76  0.48     -110408.057306893  -110424.777540753  -110424.777540753
 
0.76  0.51     -110408.057306841  -110424.814750076  -110424.814750076
 
0.76  0.54     -110408.057306637  -110424.892039491  -110424.892039491
 
0.76  0.57     -110408.057306642  -110424.987888756  -110424.987888756
 
0.76  0.6     -110408.057306813  -110425.087839979  -110425.087839979
 
0.76  0.63     -110408.057306194  -110425.181992579  -110425.181992578
 
0.76  0.66     -110408.057306659  -110425.262379957  -110425.262379957
 
0.76  0.69     -110408.057306559  -110425.322074174  -110425.322074174
 
0.76  0.72     -110408.057306338    -110425.3556411    -110425.3556411
 
0.76  0.75     -110408.057306786  -110425.359104116  -110425.359104115
 
0.76  0.78     -110408.057306296  -110425.329498488  -110425.329498488
 
0.76  0.81     -110408.057306726  -110425.265307364  -110425.265307364
 
0.76  0.84     -110408.057306474  -110425.167897812  -110425.167897812
 
0.76  0.87     -110408.057306526  -110425.043915359  -110425.043915359
 
0.76  0.9     -110408.057306754  -110424.908074418  -110424.908074418
 
0.76  0.93     -110408.057306421  -110424.781583732  -110424.781583732
 
0.76  0.96     -110408.057306771   -110424.68729604   -110424.68729604
 
0.76  0.99     -110408.057306646  -110424.653142312  -110424.653142312
 
0.76  1.00     -110408.057306729  -110424.644517552  -110424.644517552
 
0.80  0.00     -110408.057306629  -110424.427999183  -110424.427999183
 
0.80  0.03     -110408.057306735   -110424.51397992   -110424.51397992
 
0.80  0.06     -110408.057306677     -110424.661412     -110424.661412
 
0.80  0.09     -110408.057306655  -110424.819857347  -110424.819857347
 
0.80  0.12     -110408.057306674  -110424.968900261  -110424.968900261
 
0.80  0.15     -110408.057306317  -110425.098903317  -110425.098903317
 
0.80  0.18     -110408.057306297  -110425.204941834  -110425.204941834
 
0.80  0.21     -110408.057306574  -110425.286373968  -110425.286373968
 
0.80  0.24     -110408.057306573  -110425.337248547  -110425.337248547
 
0.80  0.27     -110408.057306499  -110425.358123011  -110425.358123011
 
0.80  0.3     -110408.057306745  -110425.347540986  -110425.347540986
 
0.80  0.33     -110408.057306791  -110425.305377262  -110425.305377262
 
0.80  0.36     -110408.057307013  -110425.234541293  -110425.234541293
 
0.80  0.39     -110408.057306371  -110425.143316287  -110425.143316287
 
0.80  0.42     -110408.057306494  -110425.047655311  -110425.047655311
 
0.80  0.45     -110408.057306559  -110424.974488124  -110424.974488124
 
0.80  0.48     -110408.057306768  -110424.952974222  -110424.952974222
 
0.80  0.51     -110408.057306863  -110424.985583903  -110424.985583903
 
0.80  0.54     -110408.057306511  -110425.053249816  -110425.053249816
 
0.80  0.57     -110408.057306836  -110425.136309416  -110425.136309416
 
0.80  0.6     -110408.057306752  -110425.220563504  -110425.220563504
 
0.80  0.63     -110408.057306434  -110425.296221669  -110425.296221669
 
0.80  0.66     -110408.057306948  -110425.355806174  -110425.355806174
 
0.80  0.69      -110408.05730639  -110425.392933544  -110425.392933544
 
0.80  0.72     -110408.057306503  -110425.402220574  -110425.402220574
 
0.80  0.75     -110408.057306609  -110425.379469288  -110425.379469288
 
0.80  0.78     -110408.057306597  -110425.321760221  -110425.321760221
 
0.80  0.81     -110408.057306872  -110425.227647211  -110425.227647211
 
0.80  0.84     -110408.057306506  -110425.098310161  -110425.098310161
 
0.80  0.87     -110408.057306804  -110424.939753455  -110424.939753455
 
0.80  0.9     -110408.057306491  -110424.767355255  -110424.767355255
 
0.80  0.93     -110408.057306433  -110424.608954478  -110424.608954478
 
0.80  0.96     -110408.057306756  -110424.491231262  -110424.491231262
 
0.80  0.99     -110408.057306515  -110424.441586479  -110424.441586479
 
0.80  1.00     -110408.057306629  -110424.427999183  -110424.427999183
 
0.84  0.00     -110408.057306828  -110424.187936992  -110424.187936992
 
0.84  0.03     -110408.057306634  -110424.289369118  -110424.289369119
 
0.84  0.06     -110408.057306764   -110424.46508146   -110424.46508146
 
0.84  0.09     -110408.057306446  -110424.651641981  -110424.651641981
 
0.84  0.12     -110408.057306479  -110424.829354346  -110424.829354346
 
0.84  0.15     -110408.057306199  -110424.989305943  -110424.989305943
 
0.84  0.18      -110408.05730624  -110425.132669805  -110425.132669805
 
0.84  0.21     -110408.057306401   -110425.24519534   -110425.24519534
 
0.84  0.24     -110408.057306412  -110425.330337232  -110425.330337232
 
0.84  0.27     -110408.057306608  -110425.384848511  -110425.384848511
 
0.84  0.3     -110408.057306843  -110425.405284681  -110425.405284681
 
0.84  0.33      -110408.05730701  -110425.389809368  -110425.389809368
 
0.84  0.36     -110408.057306911  -110425.340514788  -110425.340514788
 
0.84  0.39      -110408.05730657  -110425.265924153  -110425.265924153
 
0.84  0.42     -110408.057306738  -110425.183036005  -110425.183036005
 
0.84  0.45      -110408.05730675  -110425.118386527  -110425.118386527
 
0.84  0.48     -110408.057306986  -110425.098001911  -110425.098001911
 
0.84  0.51     -110408.057306971  -110425.125629879  -110425.125629879
 
0.84  0.54     -110408.057306647  -110425.185284562  -110425.185284563
 
0.84  0.57     -110408.057306544   -110425.25835399   -110425.25835399
 
0.84  0.6     -110408.057306978  -110425.330648642  -110425.330648642
 
0.84  0.63     -110408.057306375  -110425.392324591  -110425.392324591
 
0.84  0.66     -110408.057306707  -110425.435999317  -110425.435999317
 
0.84  0.69      -110408.05730657  -110425.455578475  -110425.455578475
 
0.84  0.72     -110408.057306415  -110425.445778304  -110425.445778304
 
0.84  0.75     -110408.057306795  -110425.402163387  -110425.402163387
 
0.84  0.78     -110408.057306563  -110425.321419059  -110425.321419059
 
0.84  0.81     -110408.057306849  -110425.201784978  -110425.201784978
 
0.84  0.84     -110408.057306583  -110425.043685766  -110425.043685766
 
0.84  0.87     -110408.057306506  -110424.851337602  -110424.851337602
 
0.84  0.9     -110408.057306775  -110424.636945333  -110424.636945333
 
0.84  0.93     -110408.057306452  -110424.431868052  -110424.431868052
 
0.84  0.96     -110408.057306834  -110424.279868346  -110424.279868346
 
0.84  0.99     -110408.057306603  -110424.207674692  -110424.207674692
 
0.84  1.00     -110408.057306828  -110424.187936992  -110424.187936992
 
0.88  0.00      -110408.05730653  -110423.926560594  -110423.926560594
 
0.88  0.03      -110408.05730655  -110424.051255561  -110424.051255561
 
0.88  0.06     -110408.057306688  -110424.260667585  -110424.260667585
 
0.88  0.09     -110408.057306591  -110424.480147786  -110424.480147786
 
0.88  0.12     -110408.057306677   -110424.69130059   -110424.69130059
 
0.88  0.15     -110408.057306273  -110424.894712774  -110424.894712774
 
0.88  0.18     -110408.057306273  -110425.067015952  -110425.067015952
 
0.88  0.21     -110408.057306519  -110425.213790965  -110425.213790965
 
0.88  0.24     -110408.057306454  -110425.331579522  -110425.331579522
 
0.88  0.27     -110408.057306427  -110425.415829827  -110425.415829827
 
0.88  0.3     -110408.057306702  -110425.461844591  -110425.461844591
 
0.88  0.33     -110408.057306754  -110425.467043645  -110425.467043645
 
0.88  0.36     -110408.057307001  -110425.433392187  -110425.433392187
 
0.88  0.39     -110408.057306359  -110425.369890237  -110425.369890237
 
0.88  0.42     -110408.057306528  -110425.294335958  -110425.294335958
 
0.88  0.45     -110408.057306631  -110425.233063677  -110425.233063677
 
0.88  0.48     -110408.057306809  -110425.211258334  -110425.211258334
 
0.88  0.51     -110408.057306881  -110425.234068584  -110425.234068584
 
0.88  0.54     -110408.057306456  -110425.287348465  -110425.287348465
 
0.88  0.57     -110408.057306685  -110425.352960675  -110425.352960675
 
0.88  0.6     -110408.057306816  -110425.416556861  -110425.416556862
 
0.88  0.63     -110408.057306463  -110425.468093134  -110425.468093135
 
0.88  0.66     -110408.057306903  -110425.500131171  -110425.500131171
 
0.88  0.69     -110408.057306343  -110425.506673979  -110425.506673979
 
0.88  0.72     -110408.057306647  -110425.482502569  -110425.482502569
 
0.88  0.75     -110408.057306704  -110425.422994426  -110425.422994426
 
0.88  0.78     -110408.057306632  -110425.324439613  -110425.324439613
 
0.88  0.81     -110408.057306871  -110425.184515316  -110425.184515316
 
0.88  0.84     -110408.057306411  -110425.002766357  -110425.002766357
 
0.88  0.87     -110408.057306755   -110424.78156371   -110424.78156371
 
0.88  0.9     -110408.057306532  -110424.528616483  -110424.528616483
 
0.88  0.93     -110408.057306423  -110424.266053008  -110424.266053008
 
0.88  0.96     -110408.057306902  -110424.058734483  -110424.058734483
 
0.88  0.99     -110408.057306371  -110423.954169886  -110423.954169886
 
0.88  1.00      -110408.05730653  -110423.926560594  -110423.926560594
 
0.92  0.00     -110408.057306337    -110423.6464552    -110423.6464552
 
0.92  0.03      -110408.05730632  -110423.809037926  -110423.809037926
 
0.92  0.06       -110408.0573066  -110424.059187313  -110424.059187313
 
0.92  0.09     -110408.057306715  -110424.327877628  -110424.327877628
 
0.92  0.12     -110408.057306573  -110424.579560545  -110424.579560545
 
0.92  0.15     -110408.057306467  -110424.811036638  -110424.811036638
 
0.92  0.18     -110408.057306462  -110425.016770475  -110425.016770475
 
0.92  0.21     -110408.057306609   -110425.19328942   -110425.19328942
 
0.92  0.24     -110408.057306703  -110425.337334737  -110425.337334737
 
0.92  0.27     -110408.057306257  -110425.444351132  -110425.444351132
 
0.92  0.3     -110408.057306374    -110425.5092343    -110425.5092343
 
0.92  0.33     -110408.057306641  -110425.529061961  -110425.529061961
 
0.92  0.36     -110408.057306914  -110425.505883506  -110425.505883506
 
0.92  0.39     -110408.057306554  -110425.449078995  -110425.449078995
 
0.92  0.42     -110408.057306465  -110425.376957979  -110425.376957979
 
0.92  0.45     -110408.057306281   -110425.31596895   -110425.31596895
 
0.92  0.48     -110408.057306484  -110425.291556147  -110425.291556147
 
0.92  0.51     -110408.057306669  -110425.310238621  -110425.310238621
 
0.92  0.54     -110408.057306345  -110425.358948685  -110425.358948685
 
0.92  0.57     -110408.057306801  -110425.419587394  -110425.419587394
 
0.92  0.6     -110408.057306444  -110425.477513077  -110425.477513077
 
0.92  0.63     -110408.057306713  -110425.522373123  -110425.522373123
 
0.92  0.66     -110408.057306784  -110425.546598582  -110425.546598582
 
0.92  0.69     -110408.057306332  -110425.544187506  -110425.544187506
 
0.92  0.72     -110408.057306953  -110425.509900336  -110425.509900336
 
0.92  0.75     -110408.057306466  -110425.438956527  -110425.438956527
 
0.92  0.78     -110408.057306824  -110425.327375144  -110425.327375144
 
0.92  0.81     -110408.057306796  -110425.172335056  -110425.172335056
 
0.92  0.84     -110408.057306443  -110424.972591454  -110424.972591454
 
0.92  0.87     -110408.057306875    -110424.7291019    -110424.7291019
 
0.92  0.9     -110408.057306484  -110424.446273962  -110424.446273962
 
0.92  0.93     -110408.057306707  -110424.135631827  -110424.135631827
 
0.92  0.96     -110408.057306605  -110423.840756123  -110423.840756123
 
0.92  0.99     -110408.057306289  -110423.684918982  -110423.684918982
 
0.92  1.00     -110408.057306337    -110423.6464552    -110423.6464552
 
0.96  0.00     -110408.057306595  -110423.351447373  -110423.351447373
 
0.96  0.03     -110408.057306785  -110423.579603225  -110423.579603225
 
0.96  0.06     -110408.057306723  -110423.892022797  -110423.892022797
 
0.96  0.09     -110408.057306568   -110424.20494013   -110424.20494013
 
0.96  0.12     -110408.057306691  -110424.496110097  -110424.496110097
 
0.96  0.15     -110408.057306368  -110424.757297889  -110424.757297889
 
0.96  0.18     -110408.057306269  -110424.986290301  -110424.986290301
 
0.96  0.21     -110408.057306506  -110425.182131306  -110425.182131306
 
0.96  0.24     -110408.057306429  -110425.342836888  -110425.342836887
 
0.96  0.27     -110408.057306424  -110425.464177541  -110425.464177541
 
0.96  0.3      -110408.05730671  -110425.540778726  -110425.540778726
 
0.96  0.33      -110408.05730675  -110425.569429497  -110425.569429497
 
0.96  0.36     -110408.057306992  -110425.552230586  -110425.552230587
 
0.96  0.39     -110408.057306368  -110425.498715926  -110425.498715926
 
0.96  0.42     -110408.057306519   -110425.42747238   -110425.42747238
 
0.96  0.45     -110408.057306585  -110425.365192794  -110425.365192794
 
0.96  0.48     -110408.057306831  -110425.337978777  -110425.337978777
 
0.96  0.51     -110408.057306818  -110425.353658197  -110425.353658197
 
0.96  0.54     -110408.057306464  -110425.399806936  -110425.399806936
 
0.96  0.57     -110408.057306698  -110425.458015888  -110425.458015888
 
0.96  0.6     -110408.057306605  -110425.513227674  -110425.513227674
 
0.96  0.63     -110408.057306486  -110425.554707064  -110425.554707064
 
0.96  0.66     -110408.057306985  -110425.574662963  -110425.574662963
 
0.96  0.69     -110408.057306306   -110425.56704413   -110425.56704413
 
0.96  0.72     -110408.057306554  -110425.526532748  -110425.526532748
 
0.96  0.75     -110408.057306607  -110425.448241393  -110425.448241393
 
0.96  0.78     -110408.057306682  -110425.328020123  -110425.328020123
 
0.96  0.81     -110408.057306985  -110425.162737982  -110425.162737982
 
0.96  0.84      -110408.05730634  -110424.950618652  -110424.950618652
 
0.96  0.87     -110408.057306693  -110424.691688158  -110424.691688158
 
0.96  0.9     -110408.057306563  -110424.388399818  -110424.388399818
 
0.96  0.93     -110408.057306438  -110424.046895132  -110424.046895132
 
0.96  0.96     -110408.057306866   -110423.68164262   -110423.68164262
 
0.96  0.99     -110408.057306492  -110423.407193619  -110423.407193619
 
0.96  1.00     -110408.057306595  -110423.351447373  -110423.351447373
 
1.00  0.00     -110408.057306405  -110422.614624563  -110422.614624563
 
1.00  0.03     -110408.057306545  -110423.465928963  -110423.465928963
 
1.00  0.06      -110408.05730654  -110423.831606781  -110423.831606781
 
1.00  0.09     -110408.057306636  -110424.166948961  -110424.166948961
 
1.00  0.12     -110408.057306744  -110424.469615708  -110424.469615708
 
1.00  0.15     -110408.057306592  -110424.738980739   -110424.73898074
 
1.00  0.18     -110408.057306486  -110424.975040921  -110424.975040921
 
1.00  0.21      -110408.05730665  -110425.177447403  -110425.177447403
 
1.00  0.24     -110408.057306682  -110425.344240723  -110425.344240723
 
1.00  0.27     -110408.057306365  -110425.471041212  -110425.471041211
 
1.00  0.3     -110408.057306507  -110425.552186694  -110425.552186694
 
1.00  0.33      -110408.05730665  -110425.584148737  -110425.584148737
 
1.00  0.36     -110408.057306879  -110425.568900806  -110425.568900806
 
1.00  0.39     -110408.057306533  -110425.515946971  -110425.515946971
 
1.00  0.42      -110408.05730657  -110425.443922354  -110425.443922354
 
1.00  0.45     -110408.057306378  -110425.379658179  -110425.379658179
 
1.00  0.48     -110408.057306534  -110425.350018444  -110425.350018444
 
1.00  0.51     -110408.057306584  -110425.364114645  -110425.364114645
 
1.00  0.54      -110408.05730626  -110425.409871849  -110425.409871849
 
1.00  0.57     -110408.057306865  -110425.468287382  -110425.468287382
 
1.00  0.6     -110408.057306461  -110425.523749886  -110425.523749886
 
1.00  0.63     -110408.057306631  -110425.565076802  -110425.565076802
 
1.00  0.66     -110408.057306806  -110425.584171552  -110425.584171552
 
1.00  0.69      -110408.05730637  -110425.574874677  -110425.574874677
 
1.00  0.72     -110408.057306813  -110425.531817631  -110425.531817632
 
1.00  0.75     -110408.057306423  -110425.450091529  -110425.450091529
 
1.00  0.78     -110408.057306879  -110425.325494613  -110425.325494613
 
1.00  0.81     -110408.057306717  -110425.154789338  -110425.154789338
 
1.00  0.84      -110408.05730656  -110424.935956485  -110424.935956485
 
1.00  0.87     -110408.057306858   -110424.66858269   -110424.66858269
 
1.00  0.9     -110408.057306466   -110424.35426753   -110424.35426753
 
1.00  0.93     -110408.057306688   -110423.99709595   -110423.99709595
 
1.00  0.96     -110408.057306502  -110423.604435017  -110423.604435017
 
1.00  0.99     -110408.057306239  -110423.189700882  -110423.189700882
 
1.00  1.00     -110408.057306405  -110422.614624563  -110422.614624563
