0.00  0.00     -100323.790438507  -100332.205960096  -100332.205960096
 
0.00  0.03      -100323.79043829  -100332.377698518  -100332.377698518
 
0.00  0.06       -100323.7904384  -100332.570372499  -100332.570372499
 
0.00  0.09     -100323.790438392   -100332.75660719   -100332.75660719
 
0.00  0.12     -100323.790438394  -100332.923655947  -100332.923655947
 
0.00  0.15     -100323.790438393  -100333.064898009  -100333.064898009
 
0.00  0.18     -100323.790438299  -100333.177497197  -100333.177497197
 
0.00  0.21     -100323.790438359  -100333.261557701  -100333.261557701
 
0.00  0.24     -100323.790438352  -100333.319477866  -100333.319477866
 
0.00  0.27     -100323.790438479  -100333.355235097  -100333.355235097
 
0.00  0.3     -100323.790438167  -100333.373587285  -100333.373587285
 
0.00  0.33     -100323.790438325  -100333.379311695  -100333.379311695
 
0.00  0.36     -100323.790438207  -100333.376658604  -100333.376658604
 
0.00  0.39     -100323.790438389  -100333.369131624  -100333.369131624
 
0.00  0.42     -100323.790438212  -100333.359562302  -100333.359562302
 
0.00  0.45     -100323.790438369  -100333.350288119  -100333.350288119
 
0.00  0.51     -100323.790438412  -100333.340171786  -100333.340171786
 
0.00  0.54     -100323.790438216  -100333.341973437  -100333.341973437
 
0.00  0.57     -100323.790438255  -100333.348825552  -100333.348825552
 
0.00  0.6     -100323.790438167  -100333.359585037  -100333.359585037
 
0.00  0.63     -100323.790438254  -100333.371311188  -100333.371311188
 
0.00  0.66     -100323.790438173  -100333.378808924  -100333.378808924
 
0.00  0.69     -100323.790438271  -100333.375295356  -100333.375295356
 
0.00  0.72     -100323.790438286  -100333.354437498  -100333.354437498
 
0.00  0.75     -100323.790438384  -100333.312129148  -100333.312129148
 
0.00  0.78      -100323.79043819  -100333.246743282  -100333.246743282
 
0.00  0.81     -100323.790438363  -100333.158303505  -100333.158303505
 
0.00  0.84      -100323.79043818  -100333.047581234  -100333.047581234
 
0.00  0.87     -100323.790438369   -100332.91571246   -100332.91571246
 
0.00  0.9     -100323.790438324  -100332.764488912  -100332.764488912
 
0.00  0.93     -100323.790438375  -100332.597220619  -100332.597220619
 
0.00  0.96     -100323.790438381  -100332.420780415  -100332.420780415
 
0.00  0.99      -100323.79043848  -100332.253859891  -100332.253859891
 
0.00  1.00     -100323.790438507  -100332.205960096  -100332.205960096
 
0.04  0.00     -100323.790438327  -100332.330076317  -100332.330076317
 
0.04  0.03     -100323.790438504  -100332.421326138  -100332.421326138
 
0.04  0.06     -100323.790438368  -100332.596398012  -100332.596398012
 
0.04  0.09     -100323.790438462  -100332.775256753  -100332.775256753
 
0.04  0.12     -100323.790438468  -100332.937554462  -100332.937554462
 
0.04  0.15     -100323.790438394   -100333.07508566   -100333.07508566
 
0.04  0.18      -100323.79043833  -100333.184566913  -100333.184566913
 
0.04  0.21     -100323.790438376  -100333.265979937  -100333.265979937
 
0.04  0.24     -100323.790438325  -100333.321683894  -100333.321683894
 
0.04  0.27     -100323.790438374  -100333.355616664  -100333.355616664
 
0.04  0.3     -100323.790438305  -100333.372466742  -100333.372466742
 
0.04  0.33     -100323.790438337  -100333.376944129  -100333.376944129
 
0.04  0.36     -100323.790438273  -100333.373276281  -100333.373276281
 
0.04  0.39     -100323.790438482  -100333.364986181  -100333.364986181
 
0.04  0.42      -100323.79043823  -100333.354945793  -100333.354945792
 
0.04  0.45      -100323.79043835  -100333.345518273  -100333.345518273
 
0.04  0.48     -100323.790438245  -100333.338662162  -100333.338662162
 
0.04  0.51     -100323.790438364   -100333.33590444   -100333.33590444
 
0.04  0.54      -100323.79043827  -100333.338133762  -100333.338133762
 
0.04  0.57     -100323.790438281  -100333.345305896  -100333.345305896
 
0.04  0.6     -100323.790438337  -100333.356178479  -100333.356178479
 
0.04  0.63     -100323.790438376  -100333.367991239  -100333.367991239
 
0.04  0.66     -100323.790438337  -100333.376044919  -100333.376044919
 
0.04  0.69     -100323.790438316  -100333.373955573  -100333.373955573
 
0.04  0.72     -100323.790438303  -100333.355335245  -100333.355335245
 
0.04  0.75     -100323.790438415  -100333.315735425  -100333.315735425
 
0.04  0.78     -100323.790438303  -100333.253283893  -100333.253283893
 
0.04  0.81     -100323.790438323  -100333.168010315  -100333.168010315
 
0.04  0.84     -100323.790438324   -100333.06090554   -100333.06090554
 
0.04  0.87     -100323.790438457  -100332.933555484  -100332.933555484
 
0.04  0.9     -100323.790438309  -100332.788670059  -100332.788670059
 
0.04  0.93     -100323.790438475  -100332.631868669  -100332.631868669
 
0.04  0.96      -100323.79043821  -100332.476848915  -100332.476848915
 
0.04  0.99      -100323.79043847  -100332.353866438  -100332.353866438
 
0.04  1.00     -100323.790438327  -100332.330076317  -100332.330076317
 
0.08  0.00     -100323.790438507  -100332.468803912  -100332.468803912
 
0.08  0.03     -100323.790438397  -100332.519826768  -100332.519826768
 
0.08  0.06     -100323.790438488  -100332.654988426  -100332.654988426
 
0.08  0.09     -100323.790438322  -100332.814199574  -100332.814199574
 
0.08  0.12       -100323.7904384   -100332.96488114   -100332.96488114
 
0.08  0.15      -100323.79043832  -100333.094310552  -100333.094310552
 
0.08  0.18     -100323.790438318  -100333.197560986  -100333.197560986
 
0.08  0.21     -100323.790438187  -100333.273895124  -100333.273895124
 
0.08  0.24     -100323.790438312  -100333.325304163  -100333.325304163
 
0.08  0.27     -100323.790438238  -100333.355468809  -100333.355468809
 
0.08  0.3     -100323.790438349  -100333.368853889  -100333.368853889
 
0.08  0.33     -100323.790438165  -100333.370006266  -100333.370006266
 
0.08  0.36       -100323.7904383  -100333.363091995  -100333.363091995
 
0.08  0.39     -100323.790438303  -100333.351688949  -100333.351688949
 
0.08  0.42     -100323.790438367  -100333.338806269  -100333.338806269
 
0.08  0.45     -100323.790438302  -100333.326983769  -100333.326983769
 
0.08  0.48     -100323.790438233  -100333.318362804  -100333.318362804
 
0.08  0.51     -100323.790438429    -100333.3146278    -100333.3146278
 
0.08  0.54     -100323.790438265  -100333.316772719  -100333.316772719
 
0.08  0.57     -100323.790438319  -100333.324790016  -100333.324790016
 
0.08  0.6     -100323.790438297  -100333.337449474  -100333.337449474
 
0.08  0.63     -100323.790438251  -100333.352091293  -100333.352091293
 
0.08  0.66     -100323.790438333  -100333.364193669  -100333.364193669
 
0.08  0.69     -100323.790438166  -100333.367368374  -100333.367368374
 
0.08  0.72     -100323.790438266  -100333.354927936  -100333.354927936
 
0.08  0.75     -100323.790438215  -100333.322103965  -100333.322103965
 
0.08  0.78     -100323.790438294  -100333.266964611  -100333.266964611
 
0.08  0.81     -100323.790438269  -100333.189809221  -100333.189809221
 
0.08  0.84     -100323.790438256  -100333.092184416  -100333.092184416
 
0.08  0.87     -100323.790438357  -100332.976589358  -100332.976589358
 
0.08  0.9     -100323.790438416   -100332.84722134   -100332.84722134
 
0.08  0.93      -100323.79043831  -100332.711760738  -100332.711760738
 
0.08  0.96     -100323.790438336  -100332.581758741  -100332.581758741
 
0.08  0.99     -100323.790438327  -100332.492161952  -100332.492161952
 
0.08  1.00     -100323.790438507  -100332.468803912  -100332.468803912
 
0.12  0.00     -100323.790438377  -100332.608305253  -100332.608305253
 
0.12  0.03     -100323.790438433    -100332.6371159    -100332.6371159
 
0.12  0.06     -100323.790438402  -100332.736366322  -100332.736366323
 
0.12  0.09     -100323.790438468  -100332.869173255  -100332.869173255
 
0.12  0.12     -100323.790438371  -100333.003125345  -100333.003125345
 
0.12  0.15     -100323.790438497  -100333.120944078  -100333.120944078
 
0.12  0.18      -100323.79043836  -100333.215360116  -100333.215360116
 
0.12  0.21     -100323.790438387  -100333.284500743  -100333.284500744
 
0.12  0.24     -100323.790438256  -100333.329726781  -100333.329726781
 
0.12  0.27     -100323.790438318  -100333.354279039  -100333.354279039
 
0.12  0.3     -100323.790438291  -100333.362275301  -100333.362275301
 
0.12  0.33     -100323.790438268  -100333.358028805  -100333.358028805
 
0.12  0.36     -100323.790438275  -100333.345625928  -100333.345625928
 
0.12  0.39     -100323.790438323  -100333.328749896  -100333.328749896
 
0.12  0.42      -100323.79043828  -100333.310650742  -100333.310650742
 
0.12  0.45     -100323.790438306  -100333.294192665  -100333.294192665
 
0.12  0.48     -100323.790438287  -100333.281901484  -100333.281901484
 
0.12  0.51     -100323.790438373   -100333.27588054   -100333.27588054
 
0.12  0.54      -100323.79043836  -100333.277518064  -100333.277518064
 
0.12  0.57     -100323.790438183  -100333.287077766  -100333.287077766
 
0.12  0.6     -100323.790438298  -100333.303418322  -100333.303418322
 
0.12  0.63     -100323.790438309  -100333.323800059  -100333.323800059
 
0.12  0.66     -100323.790438257  -100333.343402773  -100333.343402774
 
0.12  0.69     -100323.790438341  -100333.355275844  -100333.355275844
 
0.12  0.72     -100323.790438156  -100333.352179732  -100333.352179732
 
0.12  0.75     -100323.790438352   -100333.32915122   -100333.32915122
 
0.12  0.78     -100323.790438179  -100333.284427221  -100333.284427221
 
0.12  0.81     -100323.790438362   -100333.21872971   -100333.21872971
 
0.12  0.84     -100323.790438223  -100333.134194043  -100333.134194043
 
0.12  0.87     -100323.790438323  -100333.034005603  -100333.034005604
 
0.12  0.9     -100323.790438391  -100332.925382719  -100332.925382719
 
0.12  0.93     -100323.790438449  -100332.809043946  -100332.809043946
 
0.12  0.96     -100323.790438341  -100332.702458759  -100332.702458759
 
0.12  0.99     -100323.790438509  -100332.631314309  -100332.631314309
 
0.12  1.00     -100323.790438377  -100332.608305253  -100332.608305253
 
0.16  0.00     -100323.790438497  -100332.741684735  -100332.741684735
 
0.16  0.03     -100323.790438363  -100332.756384048  -100332.756384048
 
0.16  0.06     -100323.790438413  -100332.828413185  -100332.828413185
 
0.16  0.09      -100323.79043822  -100332.934811576  -100332.934811576
 
0.16  0.12     -100323.790438296  -100333.049311777  -100333.049311777
 
0.16  0.15     -100323.790438384  -100333.153070942  -100333.153070942
 
0.16  0.18     -100323.790438451  -100333.236647847  -100333.236647847
 
0.16  0.21     -100323.790438228  -100333.296842693  -100333.296842693
 
0.16  0.24     -100323.790438367  -100333.334207103  -100333.334207103
 
0.16  0.27     -100323.790438235  -100333.351410647  -100333.351410647
 
0.16  0.3     -100323.790438396  -100333.352147788  -100333.352147788
 
0.16  0.33     -100323.790438281  -100333.340444897  -100333.340444897
 
0.16  0.36     -100323.790438247  -100333.320304791  -100333.320304791
 
0.16  0.39     -100323.790438277  -100333.295578876  -100333.295578876
 
0.16  0.42     -100323.790438261  -100333.269883355  -100333.269883355
 
0.16  0.45     -100323.790438266  -100333.246578049  -100333.246578049
 
0.16  0.48     -100323.790438254  -100333.228796909  -100333.228796909
 
0.16  0.51     -100323.790438269  -100333.219365337  -100333.219365336
 
0.16  0.54     -100323.790438464  -100333.220418172  -100333.220418172
 
0.16  0.57     -100323.790438264  -100333.232729889  -100333.232729889
 
0.16  0.6     -100323.790438361   -100333.25517807   -100333.25517807
 
0.16  0.63     -100323.790438349    -100333.2845005    -100333.2845005
 
0.16  0.66     -100323.790438481  -100333.314880569  -100333.314880569
 
0.16  0.69       -100323.7904382  -100333.338205482  -100333.338205482
 
0.16  0.72     -100323.790438358  -100333.346591742  -100333.346591742
 
0.16  0.75     -100323.790438171  -100333.335152656  -100333.335152656
 
0.16  0.78     -100323.790438322  -100333.302529872  -100333.302529872
 
0.16  0.81     -100323.790438307  -100333.249920547  -100333.249920547
 
0.16  0.84     -100323.790438305  -100333.179920731  -100333.179920731
 
0.16  0.87     -100323.790438313  -100333.099170932  -100333.099170932
 
0.16  0.9     -100323.790438294  -100333.005114521  -100333.005114521
 
0.16  0.93     -100323.790438389  -100332.908702003  -100332.908702003
 
0.16  0.96     -100323.790438347  -100332.821628282  -100332.821628282
 
0.16  0.99     -100323.790438265  -100332.763481384  -100332.763481384
 
0.16  1.00     -100323.790438497  -100332.741684735  -100332.741684735
 
0.20  0.00     -100323.790438378  -100332.865337358  -100332.865337358
 
0.20  0.03     -100323.790438351  -100332.870816754  -100332.870816754
 
0.20  0.06     -100323.790438549  -100332.922186049  -100332.922186049
 
0.20  0.09     -100323.790438364  -100333.005385295  -100333.005385295
 
0.20  0.12     -100323.790438248  -100333.100150064  -100333.100150064
 
0.20  0.15     -100323.790438364  -100333.188606528  -100333.188606528
 
0.20  0.18     -100323.790438301  -100333.260003813  -100333.260003813
 
0.20  0.21     -100323.790438417  -100333.309894865  -100333.309894865
 
0.20  0.24      -100323.79043821  -100333.337952107  -100333.337952107
 
0.20  0.27     -100323.790438246  -100333.346218604  -100333.346218604
 
0.20  0.3     -100323.790438368   -100333.33792725   -100333.33792725
 
0.20  0.33     -100323.790438279  -100333.316775562  -100333.316775562
 
0.20  0.36     -100323.790438308  -100333.286681776  -100333.286681776
 
0.20  0.39      -100323.79043817  -100333.251723138  -100333.251723138
 
0.20  0.42     -100323.790438218  -100333.216030113  -100333.216030113
 
0.20  0.45     -100323.790438349  -100333.183678107  -100333.183678107
 
0.20  0.48     -100323.790438269  -100333.158698305  -100333.158698305
 
0.20  0.51     -100323.790438276  -100333.145035032  -100333.145035032
 
0.20  0.54     -100323.790438347  -100333.146025981  -100333.146025981
 
0.20  0.57     -100323.790438257  -100333.163155122  -100333.163155122
 
0.20  0.6     -100323.790438302  -100333.194906835  -100333.194906835
 
0.20  0.63     -100323.790438215  -100333.236663824  -100333.236663824
 
0.20  0.66     -100323.790438295  -100333.280733811  -100333.280733811
 
0.20  0.69     -100323.790438282  -100333.317396241  -100333.317396241
 
0.20  0.72     -100323.790438233  -100333.338349309  -100333.338349309
 
0.20  0.75      -100323.79043823  -100333.339163892  -100333.339163892
 
0.20  0.78     -100323.790438366  -100333.319100707  -100333.319100707
 
0.20  0.81     -100323.790438363    -100333.2819842    -100333.2819842
 
0.20  0.84     -100323.790438349  -100333.226790344  -100333.226790344
 
0.20  0.87     -100323.790438359  -100333.158543388  -100333.158543388
 
0.20  0.9     -100323.790438401  -100333.081916165  -100333.081916165
 
0.20  0.93     -100323.790438352  -100333.003479627  -100333.003479627
 
0.20  0.96     -100323.790438487  -100332.933003651  -100332.933003651
 
0.20  0.99     -100323.790438278   -100332.88504485   -100332.88504485
 
0.20  1.00     -100323.790438378  -100332.865337358  -100332.865337358
 
0.24  0.00      -100323.79043831  -100332.977032188  -100332.977032188
 
0.24  0.03     -100323.790438421  -100332.976797772  -100332.976797772
 
0.24  0.06     -100323.790438342  -100333.012461099  -100333.012461099
 
0.24  0.09     -100323.790438402  -100333.076120046  -100333.076120046
 
0.24  0.12     -100323.790438251  -100333.152422717  -100333.152422717
 
0.24  0.15     -100323.790438333  -100333.225431378  -100333.225431378
 
0.24  0.18     -100323.790438304  -100333.283976812  -100333.283976812
 
0.24  0.21      -100323.79043834  -100333.322625441  -100333.322625441
 
0.24  0.24     -100323.790438258  -100333.340223201  -100333.340223201
 
0.24  0.27     -100323.790438278   -100333.33820531   -100333.33820531
 
0.24  0.3     -100323.790438328  -100333.319312021  -100333.319312021
 
0.24  0.33     -100323.790438296  -100333.286880976  -100333.286880976
 
0.24  0.36     -100323.790438281  -100333.244721142  -100333.244721142
 
0.24  0.39     -100323.790438242  -100333.197176547  -100333.197176547
 
0.24  0.42     -100323.790438367  -100333.149051307  -100333.149051307
 
0.24  0.45     -100323.790438332  -100333.105412939  -100333.105412939
 
0.24  0.48     -100323.790438249  -100333.071583066  -100333.071583066
 
0.24  0.51     -100323.790438203  -100333.053200682  -100333.053200682
 
0.24  0.54      -100323.79043833  -100333.055488585  -100333.055488585
 
0.24  0.57     -100323.790438212  -100333.080672877  -100333.080672877
 
0.24  0.6     -100323.790438249  -100333.125784537  -100333.125784537
 
0.24  0.63     -100323.790438259  -100333.183564817  -100333.183564817
 
0.24  0.66     -100323.790438245  -100333.243570751  -100333.243570751
 
0.24  0.69     -100323.790438255  -100333.294481809  -100333.294481809
 
0.24  0.72     -100323.790438312  -100333.328132393  -100333.328132393
 
0.24  0.75      -100323.79043825  -100333.340942639  -100333.340942639
 
0.24  0.78     -100323.790438354  -100333.333434078  -100333.333434078
 
0.24  0.81     -100323.790438359  -100333.307412345  -100333.307412345
 
0.24  0.84     -100323.790438412  -100333.265910769  -100333.265910769
 
0.24  0.87     -100323.790438254  -100333.212603925  -100333.212603925
 
0.24  0.9     -100323.790438406   -100333.15186875   -100333.15186875
 
0.24  0.93     -100323.790438402  -100333.089444287  -100333.089444287
 
0.24  0.96     -100323.790438435  -100333.033257174  -100333.033257174
 
0.24  0.99     -100323.790438232  -100332.993958769  -100332.993958769
 
0.24  1.00      -100323.79043831  -100332.977032188  -100332.977032188
 
0.28  0.00     -100323.790438395  -100333.075261418  -100333.075261418
 
0.28  0.03     -100323.790438344   -100333.07199063   -100333.07199063
 
0.28  0.06     -100323.790438423  -100333.096024309  -100333.096024309
 
0.28  0.09     -100323.790438386  -100333.143560068  -100333.143560068
 
0.28  0.12     -100323.790438271  -100333.203336273  -100333.203336273
 
0.28  0.15     -100323.790438315   -100333.26154171   -100333.26154171
 
0.28  0.18     -100323.790438315  -100333.307161823  -100333.307161823
 
0.28  0.21     -100323.790438265  -100333.334092625  -100333.334092625
 
0.28  0.24     -100323.790438363  -100333.340482507  -100333.340482507
 
0.28  0.27     -100323.790438233  -100333.327204632  -100333.327204632
 
0.28  0.3     -100323.790438333  -100333.296488249  -100333.296488249
 
0.28  0.33     -100323.790438267  -100333.251266007  -100333.251266007
 
0.28  0.36     -100323.790438355  -100333.195164057  -100333.195164057
 
0.28  0.39     -100323.790438285  -100333.132768366  -100333.132768366
 
0.28  0.42     -100323.790438395  -100333.069705067  -100333.069705067
 
0.28  0.45     -100323.790438318  -100333.012400385  -100333.012400385
 
0.28  0.48     -100323.790438334  -100332.968004473  -100332.968004473
 
0.28  0.51      -100323.79043823  -100332.944729488  -100332.944729488
 
0.28  0.54     -100323.790438335  -100332.950783944  -100332.950783944
 
0.28  0.57      -100323.79043831  -100332.988692002  -100332.988692002
 
0.28  0.6     -100323.790438294  -100333.051890074  -100333.051890074
 
0.28  0.63     -100323.790438259  -100333.128924657  -100333.128924657
 
0.28  0.66      -100323.79043836  -100333.206115907  -100333.206115907
 
0.28  0.69     -100323.790438197  -100333.271208083  -100333.271208083
 
0.28  0.72     -100323.790438359  -100333.316694769  -100333.316694769
 
0.28  0.75     -100323.790438123  -100333.340389017  -100333.340389017
 
0.28  0.78     -100323.790438381  -100333.343530464  -100333.343530464
 
0.28  0.81     -100323.790438244  -100333.328742656  -100333.328742656
 
0.28  0.84     -100323.790438504  -100333.299487384  -100333.299487384
 
0.28  0.87     -100323.790438369  -100333.259491694  -100333.259491694
 
0.28  0.9     -100323.790438496  -100333.212825476  -100333.212825476
 
0.28  0.93     -100323.790438336  -100333.164419245  -100333.164419245
 
0.28  0.96     -100323.790438558   -100333.12055728   -100333.12055728
 
0.28  0.99     -100323.790438267  -100333.088973362  -100333.088973362
 
0.28  1.00     -100323.790438395  -100333.075261418  -100333.075261418
 
0.32  0.00     -100323.790438237  -100333.158964783  -100333.158964783
 
0.32  0.03      -100323.79043838  -100333.154671673  -100333.154671673
 
0.32  0.06      -100323.79043831  -100333.170553408  -100333.170553407
 
0.32  0.09       -100323.7904385  -100333.205169293  -100333.205169293
 
0.32  0.12     -100323.790438346    -100333.2505961    -100333.2505961
 
0.32  0.15      -100323.79043842  -100333.295149607  -100333.295149607
 
0.32  0.18     -100323.790438333  -100333.328307977  -100333.328307977
 
0.32  0.21       -100323.7904384  -100333.343578721  -100333.343578721
 
0.32  0.24     -100323.790438305  -100333.338561236  -100333.338561236
 
0.32  0.27     -100323.790438313  -100333.313600498  -100333.313600498
 
0.32  0.3      -100323.79043827  -100333.270409616  -100333.270409616
 
0.32  0.33     -100323.790438348  -100333.211439374  -100333.211439374
 
0.32  0.36     -100323.790438279  -100333.139980062  -100333.139980062
 
0.32  0.39     -100323.790438391   -100333.06068555   -100333.06068555
 
0.32  0.42     -100323.790438293  -100332.980056055  -100332.980056055
 
0.32  0.45     -100323.790438363  -100332.906349126  -100332.906349127
 
0.32  0.48     -100323.790438288  -100332.849350103  -100332.849350103
 
0.32  0.51     -100323.790438406  -100332.821245966  -100332.821245966
 
0.32  0.54     -100323.790438409  -100332.835116651  -100332.835116651
 
0.32  0.57     -100323.790438376  -100332.891951762  -100332.891951762
 
0.32  0.6     -100323.790438341  -100332.978112663  -100332.978112663
 
0.32  0.63     -100323.790438213   -100333.07665287   -100333.07665287
 
0.32  0.66     -100323.790438302  -100333.171026883  -100333.171026883
 
0.32  0.69      -100323.79043836  -100333.250722929  -100333.250722929
 
0.32  0.72     -100323.790438192   -100333.30595436   -100333.30595436
 
0.32  0.75     -100323.790438218  -100333.338778588  -100333.338778588
 
0.32  0.78     -100323.790438394  -100333.350960566  -100333.350960566
 
0.32  0.81     -100323.790438398  -100333.345760117  -100333.345760117
 
0.32  0.84     -100323.790438342  -100333.326962719  -100333.326962719
 
0.32  0.87     -100323.790438467  -100333.298354854  -100333.298354854
 
0.32  0.9     -100323.790438339  -100333.263731758  -100333.263731758
 
0.32  0.93     -100323.790438486  -100333.227293304  -100333.227293304
 
0.32  0.96     -100323.790438476    -100333.1939528    -100333.1939528
 
0.32  0.99     -100323.790438425  -100333.169320534  -100333.169320534
 
0.32  1.00     -100323.790438237  -100333.158964783  -100333.158964783
 
0.36  0.00     -100323.790438451  -100333.227407219  -100333.227407219
 
0.36  0.03     -100323.790438299  -100333.223474751  -100333.223474751
 
0.36  0.06     -100323.790438296  -100333.234088225  -100333.234088225
 
0.36  0.09      -100323.79043816  -100333.258843554  -100333.258843554
 
0.36  0.12     -100323.790438408  -100333.292266363  -100333.292266363
 
0.36  0.15     -100323.790438331  -100333.324718918  -100333.324718918
 
0.36  0.18     -100323.790438552  -100333.346424753  -100333.346424753
 
0.36  0.21     -100323.790438226  -100333.350741712  -100333.350741712
 
0.36  0.24     -100323.790438416  -100333.334835404  -100333.334835404
 
0.36  0.27     -100323.790438223  -100333.298551624  -100333.298551624
 
0.36  0.3     -100323.790438206  -100333.243078074  -100333.243078074
 
0.36  0.33      -100323.79043812  -100333.170300353  -100333.170300353
 
0.36  0.36      -100323.79043831  -100333.082932495  -100333.082932495
 
0.36  0.39     -100323.790438344  -100332.985263441  -100332.985263441
 
0.36  0.42     -100323.790438248  -100332.884333189  -100332.884333189
 
0.36  0.45     -100323.790438234  -100332.790722945  -100332.790722945
 
0.36  0.48     -100323.790438413  -100332.718222261  -100332.718222261
 
0.36  0.51     -100323.790438277  -100332.685426563  -100332.685426563
 
0.36  0.54     -100323.790438331   -100332.71360186   -100332.71360186
 
0.36  0.57     -100323.790438292  -100332.796831214  -100332.796831214
 
0.36  0.6     -100323.790438456  -100332.910177883  -100332.910177883
 
0.36  0.63     -100323.790438338  -100333.030763231  -100333.030763231
 
0.36  0.66     -100323.790438479  -100333.145169077  -100333.145169077
 
0.36  0.69     -100323.790438198   -100333.23264914   -100333.23264914
 
0.36  0.72     -100323.790438456  -100333.296386357  -100333.296386357
 
0.36  0.75     -100323.790438259  -100333.336652116  -100333.336652116
 
0.36  0.78     -100323.790438288  -100333.356121833  -100333.356121833
 
0.36  0.81     -100323.790438196  -100333.358642674  -100333.358642674
 
0.36  0.84     -100323.790438463    -100333.3483115    -100333.3483115
 
0.36  0.87     -100323.790438283  -100333.328979499  -100333.328979499
 
0.36  0.9     -100323.790438489  -100333.304221668  -100333.304221668
 
0.36  0.93     -100323.790438212  -100333.277630205  -100333.277630205
 
0.36  0.96     -100323.790438299  -100333.253046244  -100333.253046244
 
0.36  0.99      -100323.79043832  -100333.234567327  -100333.234567327
 
0.36  1.00     -100323.790438451  -100333.227407219  -100333.227407219
 
0.40  0.00     -100323.790438373  -100333.280094868  -100333.280094868
 
0.40  0.03     -100323.790438207  -100333.277299048  -100333.277299048
 
0.40  0.06     -100323.790438274  -100333.284863214  -100333.284863214
 
0.40  0.09     -100323.790438324  -100333.302600986  -100333.302600986
 
0.40  0.12      -100323.79043834  -100333.326562499  -100333.326562499
 
0.40  0.15     -100323.790438321  -100333.348919973  -100333.348919973
 
0.40  0.18     -100323.790438256  -100333.360832106  -100333.360832106
 
0.40  0.21     -100323.790438318  -100333.355708527  -100333.355708527
 
0.40  0.24      -100323.79043842  -100333.330354417  -100333.330354417
 
0.40  0.27      -100323.79043851  -100333.284138233  -100333.284138233
 
0.40  0.3     -100323.790438285  -100333.217727322  -100333.217727322
 
0.40  0.33     -100323.790438333  -100333.132391324  -100333.132391324
 
0.40  0.36      -100323.79043816  -100333.030044618  -100333.030044618
 
0.40  0.39       -100323.7904383  -100332.913991977  -100332.913991977
 
0.40  0.42     -100323.790438418  -100332.790608989  -100332.790608989
 
0.40  0.45     -100323.790438169   -100332.67227961   -100332.67227961
 
0.40  0.48     -100323.790438339  -100332.579233655  -100332.579233655
 
0.40  0.51     -100323.790438399  -100332.541582255  -100332.541582255
 
0.40  0.54     -100323.790438215  -100332.594471489  -100332.594471489
 
0.40  0.57     -100323.790438294  -100332.712116838  -100332.712116838
 
0.40  0.6     -100323.790438299  -100332.865336989  -100332.865336989
 
0.40  0.63     -100323.790438372  -100333.002789316  -100333.002789316
 
0.40  0.66     -100323.790438314  -100333.122856674  -100333.122856674
 
0.40  0.69     -100323.790438298  -100333.218807214  -100333.218807214
 
0.40  0.72     -100323.790438336  -100333.288916613  -100333.288916613
 
0.40  0.75     -100323.790438341  -100333.334673457  -100333.334673457
 
0.40  0.78      -100323.79043839  -100333.359515658  -100333.359515658
 
0.40  0.81     -100323.790438399  -100333.367770696  -100333.367770696
 
0.40  0.84     -100323.790438356  -100333.363801367  -100333.363801367
 
0.40  0.87     -100323.790438439  -100333.351522529  -100333.351522529
 
0.40  0.9      -100323.79043844  -100333.334349232  -100333.334349232
 
0.40  0.93     -100323.790438376    -100333.3154144    -100333.3154144
 
0.40  0.96     -100323.790438459  -100333.297780739  -100333.297780739
 
0.40  0.99     -100323.790438362  -100333.284500141  -100333.284500141
 
0.40  1.00     -100323.790438373  -100333.280094868  -100333.280094868
 
0.44  0.00     -100323.790438237  -100333.316694582  -100333.316694582
 
0.44  0.03     -100323.790438242  -100333.315248249  -100333.315248249
 
0.44  0.06     -100323.790438118  -100333.321302892  -100333.321302892
 
0.44  0.09     -100323.790438464   -100333.33450688   -100333.33450688
 
0.44  0.12     -100323.790438228  -100333.351711709   -100333.35171171
 
0.44  0.15     -100323.790438408  -100333.366517077  -100333.366517077
 
0.44  0.18     -100323.790438215  -100333.371078665  -100333.371078665
 
0.44  0.21     -100323.790438379  -100333.358989031  -100333.358989031
 
0.44  0.24     -100323.790438278    -100333.3267292    -100333.3267292
 
0.44  0.27     -100323.790438371  -100333.273204516  -100333.273204516
 
0.44  0.3      -100323.79043836  -100333.198602928  -100333.198602928
 
0.44  0.33     -100323.790438334  -100333.103617021  -100333.103617021
 
0.44  0.36     -100323.790438377  -100332.989331252  -100332.989331252
 
0.44  0.39     -100323.790438429  -100332.857741868  -100332.857741868
 
0.44  0.42     -100323.790438282  -100332.713068995  -100332.713068995
 
0.44  0.45     -100323.790438511  -100332.565412709  -100332.565412709
 
0.44  0.48     -100323.790438301  -100332.441425387  -100332.441425387
 
0.44  0.51     -100323.790438466  -100332.397441488  -100332.397441488
 
0.44  0.54     -100323.790438302  -100332.491840904  -100332.491840904
 
0.44  0.57      -100323.79043835    -100332.6632541    -100332.6632541
 
0.44  0.6     -100323.790438366  -100332.828704884  -100332.828704884
 
0.44  0.63     -100323.790438381  -100332.980517795  -100332.980517796
 
0.44  0.66     -100323.790438207  -100333.108978002  -100333.108978002
 
0.44  0.69     -100323.790438455  -100333.210282115  -100333.210282115
 
0.44  0.72     -100323.790438369  -100333.284297944  -100333.284297944
 
0.44  0.75     -100323.790438435  -100333.333418214  -100333.333418214
 
0.44  0.78     -100323.790438236    -100333.3616216    -100333.3616216
 
0.44  0.81     -100323.790438384  -100333.373566969  -100333.373566969
 
0.44  0.84      -100323.79043827  -100333.373803844  -100333.373803844
 
0.44  0.87     -100323.790438402  -100333.366300951  -100333.366300951
 
0.44  0.9     -100323.790438314  -100333.354372434  -100333.354372434
 
0.44  0.93     -100323.790438405  -100333.340848147  -100333.340848147
 
0.44  0.96      -100323.79043836   -100333.32827764   -100333.32827764
 
0.44  0.99     -100323.790438476  -100333.319027909  -100333.319027909
 
0.44  1.00     -100323.790438237  -100333.316694582  -100333.316694582
 
0.48  0.00     -100323.790438348  -100333.336949317  -100333.336949317
 
0.48  0.03     -100323.790438218  -100333.336586319  -100333.336586319
 
0.48  0.06     -100323.790438356  -100333.342057006  -100333.342057006
 
0.48  0.09     -100323.790438207  -100333.352771326  -100333.352771326
 
0.48  0.12     -100323.790438437  -100333.365969274  -100333.365969274
 
0.48  0.15     -100323.790438195  -100333.376273557  -100333.376273557
 
0.48  0.18     -100323.790438348  -100333.376723282  -100333.376723282
 
0.48  0.21     -100323.790438144  -100333.361097102  -100333.361097102
 
0.48  0.24     -100323.790438283  -100333.325543607  -100333.325543607
 
0.48  0.27     -100323.790438224  -100333.268524475  -100333.268524475
 
0.48  0.3     -100323.790438307  -100333.189841119  -100333.189841119
 
0.48  0.33     -100323.790438306  -100333.089777906  -100333.089777906
 
0.48  0.36     -100323.790438546  -100332.968842754  -100332.968842754
 
0.48  0.39     -100323.790438305   -100332.82807897   -100332.82807897
 
0.48  0.42     -100323.790438395  -100332.669836434  -100332.669836434
 
0.48  0.45     -100323.790438422   -100332.49945791   -100332.49945791
 
0.48  0.48     -100323.790438484  -100332.331914155  -100332.331914155
 
0.48  0.51     -100323.790438391  -100332.273931589  -100332.273931589
 
0.48  0.54     -100323.790438254  -100332.446321509  -100332.446321509
 
0.48  0.57      -100323.79043837  -100332.634591758  -100332.634591758
 
0.48  0.6     -100323.790438418  -100332.813944071  -100332.813944071
 
0.48  0.63     -100323.790438324  -100332.972489528  -100332.972489528
 
0.48  0.66     -100323.790438318  -100333.104427241  -100333.104427241
 
0.48  0.69     -100323.790438262      -100333.20767      -100333.20767
 
0.48  0.72     -100323.790438473   -100333.28298131   -100333.28298131
 
0.48  0.75     -100323.790438326  -100333.333260197  -100333.333260197
 
0.48  0.78     -100323.790438265  -100333.362778224  -100333.362778224
 
0.48  0.81     -100323.790438251  -100333.376357282  -100333.376357282
 
0.48  0.84      -100323.79043841  -100333.378637346  -100333.378637346
 
0.48  0.87     -100323.790438293  -100333.373620434  -100333.373620434
 
0.48  0.9     -100323.790438258  -100333.364573325  -100333.364573325
 
0.48  0.93     -100323.790438379  -100333.354169931  -100333.354169931
 
0.48  0.96     -100323.790438297  -100333.344680597  -100333.344680597
 
0.48  0.99     -100323.790438474  -100333.338076999  -100333.338076999
 
0.48  1.00     -100323.790438348  -100333.336949317  -100333.336949317
 
0.5  0.00     -100323.790438276  -100333.340866116  -100333.340866116
 
0.5  0.03     -100323.790438341   -100333.34082732   -100333.34082732
 
0.5  0.06     -100323.790438361  -100333.346203145  -100333.346203145
 
0.5  0.09     -100323.790438441  -100333.356313872  -100333.356313872
 
0.5  0.12      -100323.79043843  -100333.368523839  -100333.368523839
 
0.5  0.15     -100323.790438294  -100333.377835917  -100333.377835917
 
0.5  0.18      -100323.79043812  -100333.377633739  -100333.377633739
 
0.5  0.21     -100323.790438354  -100333.361738066  -100333.361738066
 
0.5  0.24     -100323.790438228  -100333.326111908  -100333.326111908
 
0.5  0.27       -100323.7904384  -100333.269012979  -100333.269012979
 
0.5  0.3      -100323.79043817  -100333.190107372  -100333.190107372
 
0.5  0.33     -100323.790438314  -100333.089582603  -100333.089582603
 
0.5  0.36     -100323.790438224  -100332.967836736  -100332.967836736
 
0.5  0.39     -100323.790438411  -100332.825756476  -100332.825756476
 
0.5  0.42     -100323.790438351   -100332.66542615   -100332.66542615
 
0.5  0.45     -100323.790438275  -100332.491517215  -100332.491517215
 
0.5  0.48       -100323.7904385  -100332.315447943  -100332.315447943
 
0.5  0.51     -100323.790438365  -100332.259262237  -100332.259262237
 
0.5  0.54     -100323.790438438  -100332.441405437  -100332.441405437
 
0.5  0.57     -100323.790438406  -100332.633972745  -100332.633972745
 
0.5  0.6     -100323.790438396  -100332.814840051  -100332.814840051
 
0.5  0.63     -100323.790438452  -100332.973811838  -100332.973811838
 
0.5  0.66     -100323.790438309  -100333.105662776  -100333.105662776
 
0.5  0.69     -100323.790438422  -100333.208610771  -100333.208610771
 
0.5  0.72     -100323.790438256  -100333.283597575  -100333.283597575
 
0.5  0.75     -100323.790438425  -100333.333632753  -100333.333632753
 
0.5  0.78     -100323.790438348  -100333.363044377  -100333.363044377
 
0.5  0.81     -100323.790438376  -100333.376674117  -100333.376674117
 
0.5  0.84      -100323.79043838  -100333.379169556  -100333.379169556
 
0.5  0.87     -100323.790438449  -100333.374539199  -100333.374539199
 
0.5  0.9     -100323.790438398  -100333.366044896  -100333.366044896
 
0.5  0.93     -100323.790438314  -100333.356333752  -100333.356333752
 
0.5  0.96     -100323.790438286  -100333.347613715  -100333.347613715
 
0.5  0.99     -100323.790438339  -100333.341751884  -100333.341751884
 
0.5  1.00     -100323.790438276  -100333.340866116  -100333.340866116
 
0.52  0.00     -100323.790438342  -100333.340595001  -100333.340595001
 
0.52  0.03     -100323.790438326  -100333.340692744  -100333.340692744
 
0.52  0.06     -100323.790438266  -100333.346050207  -100333.346050207
 
0.52  0.09     -100323.790438319  -100333.355937102  -100333.355937102
 
0.52  0.12     -100323.790438238  -100333.367825873  -100333.367825873
 
0.52  0.15     -100323.790438235  -100333.377018722  -100333.377018722
 
0.52  0.18     -100323.790438269  -100333.377151414  -100333.377151414
 
0.52  0.21     -100323.790438379  -100333.362024567  -100333.362024567
 
0.52  0.24     -100323.790438301  -100333.327397425  -100333.327397424
 
0.52  0.27     -100323.790438278  -100333.271347577  -100333.271347577
 
0.52  0.3     -100323.790438355  -100333.193460677  -100333.193460677
 
0.52  0.33     -100323.790438366  -100333.093918303  -100333.093918303
 
0.52  0.36     -100323.790438344   -100332.97316267   -100332.97316267
 
0.52  0.39     -100323.790438359  -100332.832209113  -100332.832209113
 
0.52  0.42     -100323.790438355  -100332.673515431  -100332.673515431
 
0.52  0.45     -100323.790438387  -100332.502993447  -100332.502993447
 
0.52  0.48     -100323.790438361  -100332.339007249  -100332.339007249
 
0.52  0.51     -100323.790438447  -100332.285930295  -100332.285930295
 
0.52  0.54     -100323.790438373  -100332.452179136  -100332.452179136
 
0.52  0.57     -100323.790438507   -100332.64170138   -100332.64170138
 
0.52  0.6     -100323.790438434  -100332.820890878  -100332.820890878
 
0.52  0.63      -100323.79043832  -100332.978511812  -100332.978511812
 
0.52  0.66     -100323.790438327  -100333.109144939  -100333.109144939
 
0.52  0.69     -100323.790438393  -100333.210995472  -100333.210995473
 
0.52  0.72     -100323.790438295  -100333.285032399  -100333.285032399
 
0.52  0.75     -100323.790438302  -100333.334288291  -100333.334288291
 
0.52  0.78     -100323.790438204  -100333.363092309  -100333.363092309
 
0.52  0.81     -100323.790438382  -100333.376267206  -100333.376267206
 
0.52  0.84     -100323.790438341  -100333.378444021  -100333.378444021
 
0.52  0.87     -100323.790438392  -100333.373630739  -100333.373630739
 
0.52  0.9     -100323.790438199  -100333.365097291  -100333.365097291
 
0.52  0.93     -100323.790438357   -100333.35549564   -100333.35549564
 
0.52  0.96     -100323.790438214  -100333.347018303  -100333.347018303
 
0.52  0.99     -100323.790438313  -100333.341484697  -100333.341484697
 
0.52  1.00     -100323.790438342  -100333.340595001  -100333.340595001
 
0.56  0.00     -100323.790438271  -100333.327324383  -100333.327324383
 
0.56  0.03     -100323.790438297   -100333.32707461   -100333.32707461
 
0.56  0.06      -100323.79043824  -100333.332562181  -100333.332562181
 
0.56  0.09     -100323.790438243  -100333.343098678  -100333.343098678
 
0.56  0.12     -100323.790438323  -100333.356349097  -100333.356349097
 
0.56  0.15     -100323.790438267  -100333.367957553  -100333.367957553
 
0.56  0.18     -100323.790438267  -100333.371703182  -100333.371703182
 
0.56  0.21     -100323.790438298  -100333.361096538  -100333.361096538
 
0.56  0.24     -100323.790438296  -100333.331456886  -100333.331456886
 
0.56  0.27     -100323.790438347  -100333.280618273  -100333.280618273
 
0.56  0.3     -100323.790438289  -100333.208207264  -100333.208207264
 
0.56  0.33     -100323.790438347  -100333.114670386  -100333.114670386
 
0.56  0.36     -100323.790438443   -100333.00096933   -100333.00096933
 
0.56  0.39     -100323.790438428  -100332.869129256  -100332.869129256
 
0.56  0.42     -100323.790438298  -100332.723744266  -100332.723744266
 
0.56  0.45      -100323.79043851  -100332.572202619  -100332.572202619
 
0.56  0.48     -100323.790438418  -100332.441405844  -100332.441405844
 
0.56  0.51     -100323.790438473  -100332.405355913  -100332.405355913
 
0.56  0.54      -100323.79043856  -100332.513222483  -100332.513222483
 
0.56  0.57       -100323.7904384  -100332.679267606  -100332.679267606
 
0.56  0.6     -100323.790438436  -100332.846987427  -100332.846987427
 
0.56  0.63     -100323.790438459  -100332.997219535  -100332.997219535
 
0.56  0.66     -100323.790438403  -100333.122343375  -100333.122343375
 
0.56  0.69      -100323.79043834  -100333.219770584  -100333.219770584
 
0.56  0.72     -100323.790438325  -100333.290134103  -100333.290134103
 
0.56  0.75     -100323.790438365   -100333.33628539   -100333.33628539
 
0.56  0.78     -100323.790438244  -100333.362403911  -100333.362403911
 
0.56  0.81     -100323.790438232  -100333.373167563  -100333.373167563
 
0.56  0.84     -100323.790438064  -100333.373110602  -100333.373110602
 
0.56  0.87     -100323.790438294  -100333.366224393  -100333.366224393
 
0.56  0.9     -100323.790438225  -100333.355836137  -100333.355836137
 
0.56  0.93     -100323.790438434  -100333.344695617  -100333.344695617
 
0.56  0.96     -100323.790438273   -100333.33509498   -100333.33509498
 
0.56  0.99     -100323.790438346  -100333.328922722  -100333.328922722
 
0.56  1.00     -100323.790438271  -100333.327324383  -100333.327324383
 
0.60  0.00     -100323.790438243  -100333.296837261  -100333.296837261
 
0.60  0.03     -100323.790438315  -100333.295452203  -100333.295452203
 
0.60  0.06     -100323.790438312  -100333.301371269  -100333.301371269
 
0.60  0.09     -100323.790438262   -100333.31413898   -100333.31413898
 
0.60  0.12     -100323.790438263  -100333.331530723  -100333.331530723
 
0.60  0.15     -100323.790438246  -100333.349075897  -100333.349075897
 
0.60  0.18      -100323.79043836  -100333.360080699  -100333.360080699
 
0.60  0.21     -100323.790438304  -100333.357426674  -100333.357426674
 
0.60  0.24     -100323.790438348   -100333.33604665   -100333.33604665
 
0.60  0.27     -100323.790438374  -100333.293761861  -100333.293761861
 
0.60  0.3     -100323.790438247  -100333.230485466  -100333.230485466
 
0.60  0.33       -100323.7904385  -100333.147172949   -100333.14717295
 
0.60  0.36     -100323.790438232  -100333.045537122  -100333.045537122
 
0.60  0.39      -100323.79043831    -100332.9287008    -100332.9287008
 
0.60  0.42     -100323.790438295  -100332.802777076  -100332.802777076
 
0.60  0.45     -100323.790438399  -100332.675660101  -100332.675660101
 
0.60  0.48     -100323.790438423  -100332.571949901  -100332.571949901
 
0.60  0.51     -100323.790438449  -100332.540452297  -100332.540452297
 
0.60  0.54     -100323.790438323  -100332.609925611  -100332.609925611
 
0.60  0.57     -100323.790438429  -100332.741199741  -100332.741199741
 
0.60  0.6     -100323.790438336  -100332.889021574  -100332.889021574
 
0.60  0.63     -100323.790438314   -100333.02666644   -100333.02666644
 
0.60  0.66     -100323.790438338  -100333.142759312  -100333.142759312
 
0.60  0.69     -100323.790438362  -100333.233134542  -100333.233134542
 
0.60  0.72     -100323.790438266   -100333.29766925   -100333.29766925
 
0.60  0.75     -100323.790438246  -100333.338779184  -100333.338779184
 
0.60  0.78     -100323.790438279  -100333.360313926  -100333.360313926
 
0.60  0.81     -100323.790438308  -100333.366685553  -100333.366685553
 
0.60  0.84     -100323.790438314  -100333.362265485  -100333.362265485
 
0.60  0.87     -100323.790438338  -100333.351022906  -100333.351022906
 
0.60  0.9     -100323.790438308  -100333.336406223  -100333.336406223
 
0.60  0.93      -100323.79043843  -100333.321377149  -100333.321377149
 
0.60  0.96       -100323.7904383  -100333.308491392  -100333.308491392
 
0.60  0.99     -100323.790438453  -100333.299924041  -100333.299924041
 
0.60  1.00     -100323.790438243  -100333.296837261  -100333.296837261
 
0.64  0.00     -100323.790438446  -100333.248925993  -100333.248925993
 
0.64  0.03     -100323.790438332  -100333.245860068  -100333.245860068
 
0.64  0.06     -100323.790438284  -100333.252879606  -100333.252879606
 
0.64  0.09     -100323.790438269  -100333.269885109  -100333.269885109
 
0.64  0.12     -100323.790438188  -100333.294473399  -100333.294473399
 
0.64  0.15       -100323.7904383  -100333.321361929  -100333.321361929
 
0.64  0.18     -100323.790438234  -100333.342686518  -100333.342686518
 
0.64  0.21     -100323.790438273   -100333.35050696   -100333.35050696
 
0.64  0.24     -100323.790438363  -100333.339599531  -100333.339599531
 
0.64  0.27     -100323.790438274  -100333.308037749  -100333.308037749
 
0.64  0.3     -100323.790438326    -100333.2561794    -100333.2561794
 
0.64  0.33     -100323.790438284  -100333.185532113  -100333.185532113
 
0.64  0.36     -100323.790438387  -100333.101601356  -100333.101601356
 
0.64  0.39     -100323.790438377  -100333.000581989  -100333.000581989
 
0.64  0.42     -100323.790438278  -100332.892265301  -100332.892265301
 
0.64  0.45     -100323.790438374  -100332.787083569  -100332.787083569
 
0.64  0.48      -100323.79043832  -100332.703627676  -100332.703627676
 
0.64  0.51     -100323.790438502  -100332.674588942  -100332.674588942
 
0.64  0.54     -100323.790438408  -100332.719469335  -100332.719469335
 
0.64  0.57     -100323.790438378  -100332.819244928  -100332.819244928
 
0.64  0.6     -100323.790438294  -100332.943101478  -100332.943101478
 
0.64  0.63     -100323.790438359  -100333.064496167  -100333.064496167
 
0.64  0.66      -100323.79043837  -100333.168824916  -100333.168824916
 
0.64  0.69     -100323.790438282   -100333.24998821   -100333.24998821
 
0.64  0.72     -100323.790438343  -100333.306828002  -100333.306828002
 
0.64  0.75     -100323.790438376  -100333.341123885  -100333.341123885
 
0.64  0.78     -100323.790438369  -100333.356254757  -100333.356254757
 
0.64  0.81     -100323.790438256  -100333.356282753  -100333.356282753
 
0.64  0.84     -100323.790438212  -100333.345368545  -100333.345368545
 
0.64  0.87     -100323.790438363  -100333.327472474  -100333.327472474
 
0.64  0.9     -100323.790438263  -100333.306241644  -100333.306241644
 
0.64  0.93     -100323.790438189  -100333.284978315  -100333.284978315
 
0.64  0.96     -100323.790438311  -100333.266671884  -100333.266671884
 
0.64  0.99     -100323.790438193  -100333.254016747  -100333.254016747
 
0.64  1.00     -100323.790438446  -100333.248925993  -100333.248925993
 
0.68  0.00     -100323.790438396  -100333.183527427  -100333.183527427
 
0.68  0.03     -100323.790438264  -100333.178678923  -100333.178678923
 
0.68  0.06     -100323.790438402  -100333.188146914  -100333.188146913
 
0.68  0.09     -100323.790438367  -100333.212118263  -100333.212118263
 
0.68  0.12     -100323.790438287  -100333.247322642  -100333.247322642
 
0.68  0.15     -100323.790438137  -100333.286703141  -100333.286703141
 
0.68  0.18     -100323.790438289  -100333.320630807  -100333.320630807
 
0.68  0.21     -100323.790438144  -100333.340461047  -100333.340461047
 
0.68  0.24     -100323.790438266  -100333.341185001  -100333.341185001
 
0.68  0.27     -100323.790438252  -100333.321376754  -100333.321376754
 
0.68  0.3     -100323.790438418  -100333.281927633  -100333.281927633
 
0.68  0.33     -100323.790438356  -100333.227372168  -100333.227372168
 
0.68  0.36     -100323.790438416  -100333.155193155  -100333.155193155
 
0.68  0.39     -100323.790438328  -100333.071462937  -100333.071462937
 
0.68  0.42     -100323.790438498  -100332.982067884  -100332.982067884
 
0.68  0.45     -100323.790438409  -100332.896178511  -100332.896178511
 
0.68  0.48     -100323.790438394  -100332.828705045  -100332.828705045
 
0.68  0.51     -100323.790438322  -100332.801779204  -100332.801779204
 
0.68  0.54     -100323.790438554  -100332.829780894  -100332.829780894
 
0.68  0.57     -100323.790438455  -100332.904349963  -100332.904349963
 
0.68  0.6     -100323.790438461  -100333.004613527  -100333.004613527
 
0.68  0.63     -100323.790438375  -100333.108014902  -100333.108014902
 
0.68  0.66     -100323.790438256  -100333.198775401  -100333.198775401
 
0.68  0.69     -100323.790438287  -100333.269102149  -100333.269102149
 
0.68  0.72     -100323.790438263  -100333.316699351  -100333.316699351
 
0.68  0.75     -100323.790438222  -100333.342588047  -100333.342588047
 
0.68  0.78     -100323.790438319  -100333.349597688  -100333.349597688
 
0.68  0.81      -100323.79043827  -100333.341388651  -100333.341388651
 
0.68  0.84     -100323.790438332  -100333.321875176  -100333.321875176
 
0.68  0.87      -100323.79043817  -100333.295027031  -100333.295027031
 
0.68  0.9     -100323.790438307  -100333.264779107  -100333.264779107
 
0.68  0.93     -100323.790438239  -100333.234931969  -100333.234931969
 
0.68  0.96     -100323.790438317  -100333.209119306  -100333.209119306
 
0.68  0.99     -100323.790438237  -100333.190831256  -100333.190831256
 
0.68  1.00     -100323.790438396  -100333.183527427  -100333.183527427
 
0.7  0.00     -100323.790438303  -100333.144314238  -100333.144314238
 
0.7  0.03     -100323.790438414  -100333.138714669  -100333.138714669
 
0.7  0.06     -100323.790438315  -100333.150204549  -100333.150204549
 
0.7  0.09     -100323.790438153  -100333.178965723  -100333.178965723
 
0.7  0.12     -100323.790438236  -100333.220859509  -100333.220859509
 
0.7  0.15     -100323.790438249  -100333.267523883  -100333.267523883
 
0.7  0.18     -100323.790438232  -100333.308335324  -100333.308335324
 
0.7  0.21     -100323.790438203  -100333.334455409  -100333.334455409
 
0.7  0.24     -100323.790438235   -100333.34113758   -100333.34113758
 
0.7  0.27     -100323.790438398  -100333.327287496  -100333.327287496
 
0.7  0.3     -100323.790438417  -100333.295737275  -100333.295737275
 
0.7  0.33     -100323.790438369  -100333.245734662  -100333.245734662
 
0.7  0.36      -100323.79043836  -100333.181108038  -100333.181108038
 
0.7  0.39     -100323.790438334  -100333.105716821  -100333.105716821
 
0.7  0.42     -100323.790438595  -100333.025208011  -100333.025208011
 
0.7  0.45     -100323.790438281  -100332.948070677  -100332.948070677
 
0.7  0.48     -100323.790438497  -100332.887480881  -100332.887480882
 
0.7  0.51     -100323.790438344  -100332.861724553  -100332.861724553
 
0.7  0.54     -100323.790438458  -100332.883313318  -100332.883313318
 
0.7  0.57     -100323.790438425  -100332.947338019  -100332.947338019
 
0.7  0.6     -100323.790438335  -100333.036697018  -100333.036697018
 
0.7  0.63     -100323.790438378  -100333.131020488  -100333.131020488
 
0.7  0.66     -100323.790438345  -100333.214628566  -100333.214628566
 
0.7  0.69     -100323.790438263  -100333.279105458  -100333.279105458
 
0.7  0.72     -100323.790438187  -100333.321607505  -100333.321607505
 
0.7  0.75     -100323.790438212   -100333.34276245   -100333.34276245
 
0.7  0.78     -100323.790438323  -100333.345117695  -100333.345117695
 
0.7  0.81     -100323.790438212  -100333.332115983  -100333.332115983
 
0.7  0.84     -100323.790438283  -100333.307539466  -100333.307539466
 
0.7  0.87     -100323.790438312  -100333.275364659  -100333.275364659
 
0.7  0.9     -100323.790438424  -100333.239704125  -100333.239704125
 
0.7  0.93     -100323.790438363  -100333.204675781  -100333.204675781
 
0.7  0.96     -100323.790438377  -100333.174334016  -100333.174334016
 
0.7  0.99     -100323.790438338  -100333.152700315  -100333.152700315
 
0.7  1.00     -100323.790438303  -100333.144314238  -100333.144314238
 
0.72  0.00     -100323.790438291  -100333.100824974  -100333.100824974
 
0.72  0.03     -100323.790438407  -100333.094677928  -100333.094677928
 
0.72  0.06       -100323.7904383  -100333.108912948  -100333.108912948
 
0.72  0.09     -100323.790438373   -100333.14349885   -100333.14349885
 
0.72  0.12     -100323.790438348  -100333.193022386  -100333.193022386
 
0.72  0.15     -100323.790438373  -100333.247547775  -100333.247547775
 
0.72  0.18     -100323.790438094  -100333.295481954  -100333.295481954
 
0.72  0.21     -100323.790438331  -100333.327942692  -100333.327942692
 
0.72  0.24     -100323.790438163  -100333.340545683  -100333.340545683
 
0.72  0.27     -100323.790438264   -100333.33257348   -100333.33257348
 
0.72  0.3     -100323.790438248  -100333.306622356  -100333.306622356
 
0.72  0.33     -100323.790438376  -100333.263231785  -100333.263231785
 
0.72  0.36      -100323.79043841  -100333.205938399    -100333.2059384
 
0.72  0.39     -100323.790438372  -100333.138575625  -100333.138575625
 
0.72  0.42      -100323.79043827  -100333.066522099  -100333.066522099
 
0.72  0.45     -100323.790438337  -100332.997580313  -100332.997580313
 
0.72  0.48     -100323.790438371    -100332.9433068    -100332.9433068
 
0.72  0.51     -100323.790438564  -100332.918851999  -100332.918851999
 
0.72  0.54     -100323.790438214  -100332.935127969  -100332.935127969
 
0.72  0.57     -100323.790438473  -100332.989785994  -100332.989785994
 
0.72  0.6     -100323.790438339  -100333.068970284  -100333.068970284
 
0.72  0.63     -100323.790438478  -100333.154391477  -100333.154391478
 
0.72  0.66     -100323.790438296  -100333.230755566  -100333.230755566
 
0.72  0.69     -100323.790438351  -100333.289190158  -100333.289190158
 
0.72  0.72     -100323.790438235  -100333.326343006  -100333.326343006
 
0.72  0.75     -100323.790438266  -100333.342457777  -100333.342457777
 
0.72  0.78     -100323.790438261  -100333.339801924  -100333.339801924
 
0.72  0.81     -100323.790438333  -100333.321591362  -100333.321591362
 
0.72  0.84     -100323.790438291  -100333.291468096  -100333.291468096
 
0.72  0.87     -100323.790438412   -100333.25341542   -100333.25341542
 
0.72  0.9     -100323.790438319  -100333.211739878  -100333.211739878
 
0.72  0.93     -100323.790438303  -100333.170929512  -100333.170929513
 
0.72  0.96     -100323.790438246   -100333.13553681   -100333.13553681
 
0.72  0.99     -100323.790438352  -100333.110224425  -100333.110224425
 
0.72  1.00     -100323.790438291  -100333.100824974  -100333.100824974
 
0.76  0.00     -100323.790438353  -100333.001407162  -100333.001407162
 
0.76  0.03     -100323.790438282  -100332.995150483  -100332.995150483
 
0.76  0.06     -100323.790438299   -100333.01773818   -100333.01773818
 
0.76  0.09     -100323.790438295  -100333.067519584  -100333.067519584
 
0.76  0.12     -100323.790438291  -100333.135009195  -100333.135009195
 
0.76  0.15     -100323.790438328  -100333.206542395  -100333.206542395
 
0.76  0.18     -100323.790438417  -100333.268995749  -100333.268995749
 
0.76  0.21      -100323.79043829  -100333.313924244  -100333.313924244
 
0.76  0.24     -100323.790438356  -100333.337925433  -100333.337925433
 
0.76  0.27     -100323.790438222    -100333.3410654    -100333.3410654
 
0.76  0.3     -100323.790438429  -100333.325904508  -100333.325904508
 
0.76  0.33     -100323.790438181  -100333.294940309  -100333.294940309
 
0.76  0.36     -100323.790438234  -100333.251362173  -100333.251362173
 
0.76  0.39     -100323.790438362  -100333.198903584  -100333.198903584
 
0.76  0.42     -100323.790438336  -100333.142369356  -100333.142369356
 
0.76  0.45     -100323.790438236  -100333.088224489  -100333.088224489
 
0.76  0.48     -100323.790438316  -100333.045204729  -100333.045204729
 
0.76  0.51     -100323.790438373  -100333.023789118  -100333.023789118
 
0.76  0.54     -100323.790438419  -100333.032238014  -100333.032238014
 
0.76  0.57     -100323.790438387  -100333.071311108  -100333.071311108
 
0.76  0.6     -100323.790438314  -100333.132383809  -100333.132383809
 
0.76  0.63     -100323.790438264  -100333.200947274  -100333.200947274
 
0.76  0.66     -100323.790438433  -100333.262930613  -100333.262930613
 
0.76  0.69     -100323.790438324  -100333.308975105  -100333.308975105
 
0.76  0.72     -100323.790438372  -100333.334878618  -100333.334878618
 
0.76  0.75     -100323.790438241    -100333.3401808    -100333.3401808
 
0.76  0.78     -100323.790438276   -100333.32660157  -100333.326601571
 
0.76  0.81     -100323.790438362  -100333.296882422  -100333.296882422
 
0.76  0.84      -100323.79043823  -100333.254351071  -100333.254351071
 
0.76  0.87     -100323.790438231   -100333.20297047   -100333.20297047
 
0.76  0.9     -100323.790438372  -100333.147474677  -100333.147474677
 
0.76  0.93     -100323.790438142  -100333.093252769  -100333.093252769
 
0.76  0.96     -100323.790438408  -100333.046138143  -100333.046138143
 
0.76  0.99     -100323.790438171  -100333.012488285  -100333.012488285
 
0.76  1.00     -100323.790438353  -100333.001407162  -100333.001407162
 
0.80  0.00     -100323.790438256  -100332.886433371  -100332.886433371
 
0.80  0.03     -100323.790438316  -100332.882138065  -100332.882138065
 
0.80  0.06     -100323.790438299  -100332.918257171  -100332.918257171
 
0.80  0.09     -100323.790438274  -100332.988453563  -100332.988453563
 
0.80  0.12     -100323.790438323  -100333.076976811  -100333.076976811
 
0.80  0.15     -100323.790438275  -100333.166353463  -100333.166353463
 
0.80  0.18     -100323.790438323  -100333.242976279  -100333.242976279
 
0.80  0.21     -100323.790438256  -100333.299854709  -100333.299854709
 
0.80  0.24      -100323.79043837  -100333.333627333  -100333.333627333
 
0.80  0.27     -100323.790438309  -100333.346682185  -100333.346682185
 
0.80  0.3     -100323.790438263   -100333.34160154   -100333.34160154
 
0.80  0.33     -100323.790438435  -100333.321618485  -100333.321618485
 
0.80  0.36     -100323.790438385   -100333.29013371   -100333.29013371
 
0.80  0.39     -100323.790438345  -100333.250766644  -100333.250766644
 
0.80  0.42      -100323.79043835  -100333.207758132  -100333.207758132
 
0.80  0.45       -100323.7904383  -100333.166352562  -100333.166352562
 
0.80  0.48     -100323.790438335  -100333.133051973  -100333.133051973
 
0.80  0.51     -100323.790438162   -100333.11516807   -100333.11516807
 
0.80  0.54     -100323.790438413  -100333.118856402  -100333.118856402
 
0.80  0.57     -100323.790438317  -100333.146101409  -100333.146101409
 
0.80  0.6     -100323.790438451  -100333.191995225  -100333.191995225
 
0.80  0.63     -100323.790438402   -100333.24535566   -100333.24535566
 
0.80  0.66     -100323.790438267   -100333.29359384   -100333.29359384
 
0.80  0.69     -100323.790438249  -100333.327283996  -100333.327283996
 
0.80  0.72     -100323.790438314  -100333.341614814  -100333.341614815
 
0.80  0.75     -100323.790438327  -100333.335535109  -100333.335535109
 
0.80  0.78       -100323.7904384  -100333.310228549  -100333.310228549
 
0.80  0.81      -100323.79043831  -100333.267943073  -100333.267943073
 
0.80  0.84      -100323.79043842   -100333.21160958   -100333.21160958
 
0.80  0.87     -100323.790438264   -100333.14505496   -100333.14505496
 
0.80  0.9     -100323.790438291  -100333.073402348  -100333.073402348
 
0.80  0.93      -100323.79043828  -100333.003163567  -100333.003163567
 
0.80  0.96     -100323.790438446  -100332.941950804  -100332.941950804
 
0.80  0.99     -100323.790438284  -100332.898572614  -100332.898572614
 
0.80  1.00     -100323.790438256  -100332.886433371  -100332.886433371
 
0.84  0.00     -100323.790438281  -100332.757813414  -100332.757813414
 
0.84  0.03     -100323.790438337  -100332.758845502  -100332.758845502
 
0.84  0.06     -100323.790438326   -100332.81555273   -100332.81555273
 
0.84  0.09     -100323.790438352  -100332.911399602  -100332.911399602
 
0.84  0.12     -100323.790438323  -100333.022834725  -100333.022834725
 
0.84  0.15     -100323.790438371  -100333.129667853  -100333.129667853
 
0.84  0.18     -100323.790438301  -100333.221659851  -100333.221659851
 
0.84  0.21     -100323.790438312  -100333.286909609  -100333.286909609
 
0.84  0.24     -100323.790438168  -100333.329172045  -100333.329172045
 
0.84  0.27     -100323.790438367  -100333.350361856  -100333.350361856
 
0.84  0.3     -100323.790438371   -100333.35374534   -100333.35374534
 
0.84  0.33     -100323.790438287  -100333.342987294  -100333.342987294
 
0.84  0.36     -100323.790438372  -100333.321683874  -100333.321683874
 
0.84  0.39     -100323.790438516  -100333.293353231  -100333.293353231
 
0.84  0.42     -100323.790438417  -100333.261728059  -100333.261728059
 
0.84  0.45      -100323.79043848  -100333.231020296  -100333.231020296
 
0.84  0.48     -100323.790438239  -100333.206043833  -100333.206043833
 
0.84  0.51     -100323.790438448  -100333.191945354  -100333.191945354
 
0.84  0.54     -100323.790438304  -100333.193216422  -100333.193216422
 
0.84  0.57     -100323.790438402  -100333.211960593  -100333.211960594
 
0.84  0.6     -100323.790438312  -100333.245556524  -100333.245556524
 
0.84  0.63     -100323.790438387  -100333.285650626  -100333.285650626
 
0.84  0.66     -100323.790438448  -100333.321252956  -100333.321252956
 
0.84  0.69     -100323.790438287  -100333.343174277  -100333.343174277
 
0.84  0.72     -100323.790438324  -100333.346211809  -100333.346211809
 
0.84  0.75     -100323.790438356  -100333.328817952  -100333.328817952
 
0.84  0.78      -100323.79043826  -100333.291658263  -100333.291658263
 
0.84  0.81     -100323.790438372  -100333.236455881  -100333.236455881
 
0.84  0.84     -100323.790438321  -100333.165628845  -100333.165628845
 
0.84  0.87     -100323.790438445  -100333.082624485  -100333.082624485
 
0.84  0.9     -100323.790438289  -100332.992678794  -100332.992678794
 
0.84  0.93     -100323.790438436  -100332.903514762  -100332.903514762
 
0.84  0.96     -100323.790438188  -100332.825245148  -100332.825245148
 
0.84  0.99     -100323.790438347  -100332.770319851  -100332.770319851
 
0.84  1.00     -100323.790438281  -100332.757813414  -100332.757813414
 
0.88  0.00     -100323.790438342  -100332.618524808  -100332.618524808
 
0.88  0.03     -100323.790438376  -100332.630512669  -100332.630512669
 
0.88  0.06     -100323.790438285  -100332.716701215  -100332.716701215
 
0.88  0.09     -100323.790438404  -100332.842518383  -100332.842518383
 
0.88  0.12     -100323.790438379  -100332.976809135  -100332.976809135
 
0.88  0.15     -100323.790438378  -100333.104637794  -100333.104637794
 
0.88  0.18     -100323.790438352  -100333.202716947  -100333.202716947
 
0.88  0.21     -100323.790438259  -100333.275995034  -100333.275995034
 
0.88  0.24     -100323.790438364  -100333.325017062  -100333.325017062
 
0.88  0.27     -100323.790438284  -100333.352602532  -100333.352602532
 
0.88  0.3      -100323.79043831  -100333.362627392  -100333.362627392
 
0.88  0.33      -100323.79043835  -100333.359145989  -100333.359145989
 
0.88  0.36     -100323.790438242  -100333.345926357  -100333.345926357
 
0.88  0.39     -100323.790438325  -100333.326407869  -100333.326407869
 
0.88  0.42     -100323.790438317  -100333.303905454  -100333.303905454
 
0.88  0.45     -100323.790438421  -100333.281818379  -100333.281818379
 
0.88  0.48     -100323.790438373  -100333.263743047  -100333.263743047
 
0.88  0.51     -100323.790438365  -100333.253349771  -100333.253349771
 
0.88  0.54     -100323.790438214  -100333.253846722  -100333.253846722
 
0.88  0.57     -100323.790438322  -100333.266928149  -100333.266928149
 
0.88  0.6     -100323.790438281  -100333.291079962  -100333.291079962
 
0.88  0.63     -100323.790438217  -100333.320112131  -100333.320112131
 
0.88  0.66     -100323.790438245  -100333.344664039  -100333.344664039
 
0.88  0.69     -100323.790438167  -100333.356038018  -100333.356038018
 
0.88  0.72     -100323.790438326  -100333.348821956  -100333.348821956
 
0.88  0.75     -100323.790438238  -100333.321028137  -100333.321028137
 
0.88  0.78     -100323.790438275  -100333.272824227  -100333.272824227
 
0.88  0.81     -100323.790438349  -100333.205387385  -100333.205387385
 
0.88  0.84     -100323.790438449  -100333.120503161  -100333.120503161
 
0.88  0.87     -100323.790438357   -100333.02089609   -100333.02089609
 
0.88  0.9     -100323.790438463  -100332.911251081  -100332.911251081
 
0.88  0.93     -100323.790438352  -100332.799928252  -100332.799928252
 
0.88  0.96     -100323.790438466   -100332.70036627   -100332.70036627
 
0.88  0.99     -100323.790438311  -100332.630876853  -100332.630876853
 
0.88  1.00     -100323.790438342  -100332.618524808  -100332.618524808
 
0.92  0.00     -100323.790438347  -100332.473261431  -100332.473261431
 
0.92  0.03     -100323.790438393  -100332.506363616  -100332.506363616
 
0.92  0.06     -100323.790438256  -100332.632063138  -100332.632063138
 
0.92  0.09     -100323.790438399  -100332.800838704  -100332.800838704
 
0.92  0.12     -100323.790438295  -100332.951534348  -100332.951534348
 
0.92  0.15     -100323.790438406  -100333.083119515  -100333.083119515
 
0.92  0.18     -100323.790438308  -100333.189109086  -100333.189109086
 
0.92  0.21     -100323.790438292  -100333.268118583  -100333.268118583
 
0.92  0.24     -100323.790438411  -100333.321875417  -100333.321875417
 
0.92  0.27     -100323.790438449  -100333.353933929  -100333.353933929
 
0.92  0.3     -100323.790438257  -100333.368650825  -100333.368650825
 
0.92  0.33     -100323.790438286  -100333.370386044  -100333.370386044
 
0.92  0.36     -100323.790438316  -100333.363044246  -100333.363044246
 
0.92  0.39     -100323.790438436  -100333.350005057  -100333.350005057
 
0.92  0.42     -100323.790438464  -100333.334272878  -100333.334272878
 
0.92  0.45     -100323.790438302  -100333.318667151  -100333.318667151
 
0.92  0.48     -100323.790438366  -100333.305954461  -100333.305954461
 
0.92  0.51     -100323.790438297  -100333.298816819  -100333.298816819
 
0.92  0.54      -100323.79043829  -100333.299513155  -100333.299513155
 
0.92  0.57      -100323.79043834  -100333.309171872  -100333.309171872
 
0.92  0.6     -100323.790438285    -100333.3266239    -100333.3266239
 
0.92  0.63     -100323.790438331  -100333.347110243  -100333.347110243
 
0.92  0.66     -100323.790438262  -100333.362779627  -100333.362779627
 
0.92  0.69     -100323.790438303  -100333.365610667  -100333.365610667
 
0.92  0.72     -100323.790438202  -100333.350117042  -100333.350117042
 
0.92  0.75     -100323.790438306  -100333.313903085  -100333.313903085
 
0.92  0.78     -100323.790438317  -100333.256654759  -100333.256654759
 
0.92  0.81      -100323.79043826  -100333.179021869  -100333.179021869
 
0.92  0.84     -100323.790438332  -100333.082114978  -100333.082114978
 
0.92  0.87     -100323.790438441   -100332.96770184   -100332.96770184
 
0.92  0.9     -100323.790438488  -100332.839103543  -100332.839103543
 
0.92  0.93     -100323.790438474  -100332.703329622  -100332.703329622
 
0.92  0.96     -100323.790438463  -100332.575930993  -100332.575930993
 
0.92  0.99     -100323.790438462  -100332.485608386  -100332.485608386
 
0.92  1.00     -100323.790438347  -100332.473261431  -100332.473261431
 
0.96  0.00     -100323.790438451  -100332.330417852  -100332.330417852
 
0.96  0.03      -100323.79043823  -100332.404790564  -100332.404790564
 
0.96  0.06     -100323.790438426  -100332.589712713  -100332.589712713
 
0.96  0.09     -100323.790438263   -100332.76879068   -100332.76879068
 
0.96  0.12     -100323.790438374  -100332.932567323  -100332.932567323
 
0.96  0.15     -100323.790438327  -100333.071477605  -100333.071477605
 
0.96  0.18     -100323.790438383  -100333.181942272  -100333.181942272
 
0.96  0.21     -100323.790438415  -100333.264036081  -100333.264036081
 
0.96  0.24     -100323.790438297  -100333.320305151  -100333.320305151
 
0.96  0.27     -100323.790438254  -100333.354800939  -100333.354800939
 
0.96  0.3     -100323.790438394  -100333.372192021  -100333.372192021
 
0.96  0.33     -100323.790438256  -100333.377029862  -100333.377029862
 
0.96  0.36     -100323.790438397  -100333.373305105  -100333.373305105
 
0.96  0.39     -100323.790438285   -100333.36435267   -100333.36435267
 
0.96  0.42     -100323.790438378  -100333.352979895  -100333.352979895
 
0.96  0.45     -100323.790438367  -100333.341644579  -100333.341644579
 
0.96  0.48     -100323.790438387  -100333.332603045  -100333.332603045
 
0.96  0.51     -100323.790438282  -100333.327915269  -100333.327915269
 
0.96  0.54     -100323.790438419  -100333.329187689  -100333.329187689
 
0.96  0.57      -100323.79043834   -100333.33703717   -100333.33703717
 
0.96  0.6      -100323.79043839  -100333.350283121  -100333.350283121
 
0.96  0.63     -100323.790438287  -100333.365013058  -100333.365013058
 
0.96  0.66     -100323.790438421  -100333.374616334  -100333.374616334
 
0.96  0.69     -100323.790438303  -100333.371792456  -100333.371792456
 
0.96  0.72     -100323.790438379  -100333.351036765  -100333.351036765
 
0.96  0.75     -100323.790438258  -100333.309552664  -100333.309552664
 
0.96  0.78      -100323.79043817   -100333.24657289   -100333.24657289
 
0.96  0.81     -100323.790438217  -100333.162298996  -100333.162298996
 
0.96  0.84     -100323.790438255  -100333.057275022  -100333.057275022
 
0.96  0.87      -100323.79043833  -100332.932406973  -100332.932406973
 
0.96  0.9     -100323.790438237  -100332.789539706  -100332.789539706
 
0.96  0.93     -100323.790438409    -100332.6327703    -100332.6327703
 
0.96  0.96     -100323.790438356   -100332.47252641   -100332.47252641
 
0.96  0.99     -100323.790438267  -100332.345361151  -100332.345361151
 
0.96  1.00     -100323.790438451  -100332.330417852  -100332.330417852
 
1.00  0.00     -100323.790438507  -100332.205960096  -100332.205960096
 
1.00  0.03      -100323.79043829  -100332.376554159  -100332.376554159
 
1.00  0.06       -100323.7904384  -100332.572671802  -100332.572671802
 
1.00  0.09     -100323.790438392  -100332.761477809  -100332.761477809
 
1.00  0.12     -100323.790438394  -100332.929580202  -100332.929580202
 
1.00  0.15     -100323.790438393  -100333.070437679  -100333.070437679
 
1.00  0.18     -100323.790438299  -100333.181705511   -100333.18170551
 
1.00  0.21     -100323.790438359  -100333.264111382  -100333.264111382
 
1.00  0.24     -100323.790438352  -100333.320596005  -100333.320596005
 
1.00  0.27     -100323.790438479  -100333.355450772  -100333.355450772
 
1.00  0.3     -100323.790438167  -100333.373475595  -100333.373475595
 
1.00  0.33     -100323.790438325  -100333.379286758  -100333.379286758
 
1.00  0.36     -100323.790438207  -100333.376898462  -100333.376898462
 
1.00  0.39     -100323.790438389  -100333.369616897  -100333.369616897
 
1.00  0.42     -100323.790438212  -100333.360160854  -100333.360160854
 
1.00  0.45     -100323.790438369  -100333.350824163  -100333.350824163
 
1.00  0.48     -100323.790438315  -100333.343615983  -100333.343615983
 
1.00  0.51     -100323.790438412  -100333.340270765  -100333.340270765
 
1.00  0.54     -100323.790438216  -100333.342018091  -100333.342018091
 
1.00  0.57     -100323.790438255   -100333.34913097   -100333.34913097
 
1.00  0.6     -100323.790438167  -100333.360348795  -100333.360348795
 
1.00  0.63     -100323.790438254  -100333.372259626  -100333.372259626
 
1.00  0.66     -100323.790438173  -100333.379161919  -100333.379161919
 
1.00  0.69     -100323.790438271  -100333.374330637  -100333.374330637
 
1.00  0.72     -100323.790438286  -100333.352181617  -100333.352181617
 
1.00  0.75     -100323.790438384  -100333.309499908  -100333.309499908
 
1.00  0.78      -100323.79043819  -100333.245129691  -100333.245129691
 
1.00  0.81     -100323.790438363  -100333.158986472  -100333.158986472
 
1.00  0.84      -100323.79043818  -100333.051329864  -100333.051329864
 
1.00  0.87     -100323.790438369  -100332.922666862  -100332.922666862
 
1.00  0.9     -100323.790438324  -100332.774183102  -100332.774183102
 
1.00  0.93     -100323.790438375  -100332.608611991  -100332.608611991
 
1.00  0.96     -100323.790438381   -100332.43211539   -100332.43211539
 
1.00  0.99      -100323.79043848  -100332.261317366  -100332.261317366
 
1.00  1.00     -100323.790438507  -100332.205960096  -100332.205960096
