0.00  0.00     -96728.9566770991  -96740.1826440972  -96740.1826440972
 
0.00  0.03     -96728.9566762336  -96743.9726088858  -96743.9726088858
 
0.00  0.06      -96728.956675696  -96744.5838514218  -96744.5838514218
 
0.00  0.09     -96728.9566754652  -96745.1391354791  -96745.1391354791
 
0.00  0.12     -96728.9566751175  -96745.6295653835  -96745.6295653835
 
0.00  0.15     -96728.9566750158  -96746.0503567904  -96746.0503567903
 
0.00  0.18     -96728.9566752883  -96746.3998035331  -96746.3998035331
 
0.00  0.21     -96728.9566754669  -96746.6782976298  -96746.6782976298
 
0.00  0.24     -96728.9566760842   -96746.887816169  -96746.8878161691
 
0.00  0.27     -96728.9566765228  -96747.0317921565  -96747.0317921566
 
0.00  0.3     -96728.9566772637  -96747.1151967328  -96747.1151967328
 
0.00  0.33     -96728.9566782294   -96747.144538562   -96747.144538562
 
0.00  0.36     -96728.9566788465  -96747.1273918785  -96747.1273918786
 
0.00  0.39     -96728.9566801315  -96747.0714793118  -96747.0714793118
 
0.00  0.42     -96728.9566808512  -96746.9855439705  -96746.9855439704
 
0.00  0.45     -96728.9566818188  -96746.8789762289  -96746.8789762289
 
0.00  0.48     -96728.9566827614  -96746.7618135422  -96746.7618135423
 
0.00  0.51     -96728.9566834396   -96746.650766704   -96746.650766704
 
0.00  0.54     -96728.9566841406   -96746.631100698   -96746.631100698
 
0.00  0.57     -96728.9566846474  -96746.7945476477  -96746.7945476477
 
0.00  0.6     -96728.9566847675  -96746.9589758883  -96746.9589758883
 
0.00  0.63     -96728.9566852383  -96747.0812950497  -96747.0812950497
 
0.00  0.66     -96728.9566849514  -96747.1406240969  -96747.1406240969
 
0.00  0.69     -96728.9566849084  -96747.1263972649  -96747.1263972649
 
0.00  0.72     -96728.9566845963  -96747.0321360025  -96747.0321360025
 
0.00  0.75     -96728.9566840328  -96746.8551575947  -96746.8551575947
 
0.00  0.78     -96728.9566834175  -96746.5987723542  -96746.5987723542
 
0.00  0.81     -96728.9566825527  -96746.2723333507  -96746.2723333507
 
0.00  0.84     -96728.9566817665  -96745.8900233682  -96745.8900233682
 
0.00  0.87     -96728.9566810289  -96745.4659087817  -96745.4659087817
 
0.00  0.9     -96728.9566796226   -96745.009347637  -96745.0093476371
 
0.00  0.93     -96728.9566790226  -96744.5288411706  -96744.5288411707
 
0.00  0.96     -96728.9566780004  -96744.0516224027  -96744.0516224027
 
0.00  0.99     -96728.9566773234  -96743.5553356302  -96743.5553356302
 
0.00  1.00     -96728.9566770991  -96740.1826440972  -96740.1826440972
 
0.04  0.00     -96728.9566780701  -96743.7552091722  -96743.7552091722
 
0.04  0.03     -96728.9566770587  -96744.1281196826  -96744.1281196826
 
0.04  0.06     -96728.9566766303  -96744.6978353081  -96744.6978353081
 
0.04  0.09     -96728.9566756718   -96745.220321678   -96745.220321678
 
0.04  0.12     -96728.9566753638  -96745.6849572808  -96745.6849572807
 
0.04  0.15     -96728.9566751329  -96746.0858659473  -96746.0858659473
 
0.04  0.18     -96728.9566750665  -96746.4201472575  -96746.4201472576
 
0.04  0.21     -96728.9566752087  -96746.6870891048  -96746.6870891048
 
0.04  0.24     -96728.9566755251  -96746.8877951205  -96746.8877951204
 
0.04  0.27     -96728.9566758232   -96747.025105579   -96747.025105579
 
0.04  0.3       -96728.95667663  -96747.1036426348  -96747.1036426348
 
0.04  0.33     -96728.9566769706  -96747.1296989684  -96747.1296989685
 
0.04  0.36     -96728.9566778704  -96747.1106721514  -96747.1106721514
 
0.04  0.39     -96728.9566788148  -96747.0544318544  -96747.0544318544
 
0.04  0.42     -96728.9566794531  -96746.9696616628  -96746.9696616628
 
0.04  0.45     -96728.9566807879  -96746.8654845877  -96746.8654845877
 
0.04  0.48     -96728.9566815131  -96746.7517629402  -96746.7517629402
 
0.04  0.51     -96728.9566825286  -96746.6448367827  -96746.6448367827
 
0.04  0.54     -96728.9566833539  -96746.6160727856  -96746.6160727856
 
0.04  0.57      -96728.956683845  -96746.7736163015  -96746.7736163015
 
0.04  0.6     -96728.9566844941  -96746.9389484451  -96746.9389484451
 
0.04  0.63     -96728.9566848483  -96747.0628836388  -96747.0628836388
 
0.04  0.66     -96728.9566850546  -96747.1237514873  -96747.1237514873
 
0.04  0.69     -96728.9566853657  -96747.1105229986  -96747.1105229985
 
0.04  0.72     -96728.9566849034  -96747.0170871583  -96747.0170871584
 
0.04  0.75     -96728.9566848737  -96746.8415677317  -96746.8415677318
 
0.04  0.78     -96728.9566842731  -96746.5887017634  -96746.5887017634
 
0.04  0.81     -96728.9566835049  -96746.2718481451  -96746.2718481451
 
0.04  0.84     -96728.9566828515  -96745.9136534061   -96745.913653406
 
0.04  0.87     -96728.9566818073  -96745.5384990727  -96745.5384990727
 
0.04  0.9     -96728.9566811578  -96745.1684986696  -96745.1684986696
 
0.04  0.93      -96728.956680147  -96744.7888897889   -96744.788889789
 
0.04  0.96     -96728.9566789501  -96744.3762573785  -96744.3762573785
 
0.04  0.99     -96728.9566784356  -96743.8728474144  -96743.8728474144
 
0.04  1.00     -96728.9566780701  -96743.7552091722  -96743.7552091722
 
0.08  0.00      -96728.956679131  -96744.1658665643  -96744.1658665643
 
0.08  0.03     -96728.9566784004  -96744.3212699332  -96744.3212699333
 
0.08  0.06     -96728.9566773862  -96744.8248709034  -96744.8248709033
 
0.08  0.09     -96728.9566765774  -96745.3095077372  -96745.3095077372
 
0.08  0.12     -96728.9566762801  -96745.7447703842  -96745.7447703843
 
0.08  0.15     -96728.9566755003  -96746.1218439978  -96746.1218439979
 
0.08  0.18     -96728.9566753754  -96746.4365560538  -96746.4365560538
 
0.08  0.21     -96728.9566751955   -96746.687365229   -96746.687365229
 
0.08  0.24     -96728.9566752696  -96746.8747175457  -96746.8747175457
 
0.08  0.27     -96728.9566755407   -96747.000927756   -96747.000927756
 
0.08  0.3     -96728.9566758523  -96747.0701957722  -96747.0701957722
 
0.08  0.33     -96728.9566762854  -96747.0884196537  -96747.0884196538
 
0.08  0.36     -96728.9566771264  -96747.0630249573  -96747.0630249573
 
0.08  0.39     -96728.9566775583  -96747.0021986757  -96747.0021986757
 
0.08  0.42     -96728.9566786797  -96746.9147517303  -96746.9147517303
 
0.08  0.45     -96728.9566794753  -96746.8096154992  -96746.8096154992
 
0.08  0.48     -96728.9566803326  -96746.6964363525  -96746.6964363525
 
0.08  0.51     -96728.9566814203   -96746.591328425   -96746.591328425
 
0.08  0.54     -96728.9566820166  -96746.5563257564  -96746.5563257564
 
0.08  0.57     -96728.9566831003  -96746.7038870083  -96746.7038870083
 
0.08  0.6     -96728.9566837925  -96746.8691975691  -96746.8691975692
 
0.08  0.63     -96728.9566841601  -96746.9956884986  -96746.9956884986
 
0.08  0.66     -96728.9566847959  -96747.0601273834  -96747.0601273835
 
0.08  0.69     -96728.9566849668  -96747.0508942895  -96747.0508942896
 
0.08  0.72     -96728.9566851358  -96746.9625803093  -96746.9625803093
 
0.08  0.75      -96728.956684985  -96746.7952363749  -96746.7952363749
 
0.08  0.78     -96728.9566844505  -96746.5576139276  -96746.5576139276
 
0.08  0.81     -96728.9566844187  -96746.2727665129  -96746.2727665129
 
0.08  0.84     -96728.9566835091  -96745.9842297008  -96745.9842297008
 
0.08  0.87     -96728.9566829406  -96745.7101610295  -96745.7101610295
 
0.08  0.9     -96728.9566822236  -96745.4144168633  -96745.4144168633
 
0.08  0.93      -96728.956681256  -96745.0471827308  -96745.0471827308
 
0.08  0.96     -96728.9566805235  -96744.6640929997  -96744.6640929997
 
0.08  0.99     -96728.9566794745  -96744.2866132277  -96744.2866132277
 
0.08  1.00      -96728.956679131  -96744.1658665643  -96744.1658665643
 
0.12  0.00     -96728.9566804791  -96744.5615723816  -96744.5615723816
 
0.12  0.03       -96728.95667956  -96744.6707853623  -96744.6707853623
 
0.12  0.06     -96728.9566784554  -96744.9819779508  -96744.9819779508
 
0.12  0.09     -96728.9566777894  -96745.4071277978  -96745.4071277978
 
0.12  0.12      -96728.956676919  -96745.8059800967  -96745.8059800966
 
0.12  0.15     -96728.9566762147  -96746.1549829703  -96746.1549829703
 
0.12  0.18     -96728.9566759172  -96746.4465403108  -96746.4465403109
 
0.12  0.21     -96728.9566754687  -96746.6776627365  -96746.6776627366
 
0.12  0.24     -96728.9566754594  -96746.8479623349  -96746.8479623348
 
0.12  0.27     -96728.9566754126  -96746.9591566371  -96746.9591566371
 
0.12  0.3     -96728.9566756606  -96747.0148250328  -96747.0148250327
 
0.12  0.33     -96728.9566760122   -96747.020574393   -96747.020574393
 
0.12  0.36     -96728.9566762565  -96746.9840749413  -96746.9840749413
 
0.12  0.39      -96728.956676861   -96746.914228924   -96746.914228924
 
0.12  0.42     -96728.9566777172  -96746.8203242288  -96746.8203242288
 
0.12  0.45     -96728.9566781713  -96746.7110967904  -96746.7110967904
 
0.12  0.48     -96728.9566793341  -96746.5957807344  -96746.5957807344
 
0.12  0.51     -96728.9566801262  -96746.4902396489  -96746.4902396488
 
0.12  0.54     -96728.9566810049  -96746.4512511528  -96746.4512511529
 
0.12  0.57     -96728.9566819587  -96746.5871869668  -96746.5871869668
 
0.12  0.6     -96728.9566825574  -96746.7515096285  -96746.7515096285
 
0.12  0.63      -96728.956683613  -96746.8814342018  -96746.8814342018
 
0.12  0.66     -96728.9566839843  -96746.9516633877  -96746.9516633878
 
0.12  0.69     -96728.9566844811  -96746.9501064225  -96746.9501064224
 
0.12  0.72     -96728.9566849673  -96746.8724963613  -96746.8724963614
 
0.12  0.75     -96728.9566848689   -96746.722065453   -96746.722065453
 
0.12  0.78     -96728.9566848328  -96746.5175611202  -96746.5175611201
 
0.12  0.81     -96728.9566845626  -96746.3207040034  -96746.3207040034
 
0.12  0.84     -96728.9566840767  -96746.1383991845  -96746.1383991845
 
0.12  0.87     -96728.9566838593  -96745.9242034429  -96745.9242034429
 
0.12  0.9     -96728.9566828857  -96745.6425922678  -96745.6425922678
 
0.12  0.93     -96728.9566824124  -96745.3367393637  -96745.3367393638
 
0.12  0.96     -96728.9566816863  -96744.9967260123  -96744.9967260123
 
0.12  0.99      -96728.956680785  -96744.6921048205  -96744.6921048205
 
0.12  1.00     -96728.9566804791  -96744.5615723816  -96744.5615723816
 
0.16  0.00     -96728.9566817118  -96744.9432656855  -96744.9432656855
 
0.16  0.03     -96728.9566806709   -96745.006194886   -96745.006194886
 
0.16  0.06     -96728.9566798566  -96745.2160887716  -96745.2160887716
 
0.16  0.09     -96728.9566788788  -96745.5350977507  -96745.5350977507
 
0.16  0.12     -96728.9566778236   -96745.875811364  -96745.8758113641
 
0.16  0.15     -96728.9566774562  -96746.1880006876  -96746.1880006876
 
0.16  0.18     -96728.9566765649  -96746.4510718049  -96746.4510718049
 
0.16  0.21     -96728.9566761232  -96746.6583184076  -96746.6583184076
 
0.16  0.24     -96728.9566759281  -96746.8077366358  -96746.8077366359
 
0.16  0.27      -96728.956675573  -96746.9000111402  -96746.9000111401
 
0.16  0.3      -96728.956675842  -96746.9378904583  -96746.9378904583
 
0.16  0.33      -96728.956675609  -96746.9266666562  -96746.9266666562
 
0.16  0.36     -96728.9566758441  -96746.8741617076  -96746.8741617076
 
0.16  0.39     -96728.9566762637  -96746.7903902313  -96746.7903902313
 
0.16  0.42     -96728.9566765964  -96746.6859604509  -96746.6859604508
 
0.16  0.45     -96728.9566772809  -96746.5696142782  -96746.5696142782
 
0.16  0.48     -96728.9566781792  -96746.4497705761  -96746.4497705761
 
0.16  0.51     -96728.9566787628  -96746.3418142822  -96746.3418142822
 
0.16  0.54     -96728.9566799704   -96746.300108129   -96746.300108129
 
0.16  0.57     -96728.9566804777  -96746.4258592823  -96746.4258592823
 
0.16  0.6     -96728.9566815454  -96746.5890038349   -96746.589003835
 
0.16  0.63      -96728.956682432  -96746.7241017731  -96746.7241017731
 
0.16  0.66     -96728.9566830178  -96746.8032122432  -96746.8032122432
 
0.16  0.69     -96728.9566839171  -96746.8140410019  -96746.8140410018
 
0.16  0.72     -96728.9566840271   -96746.754609416  -96746.7546094161
 
0.16  0.75     -96728.9566845227  -96746.6366665618  -96746.6366665618
 
0.16  0.78     -96728.9566848837   -96746.534659868   -96746.534659868
 
0.16  0.81     -96728.9566844824  -96746.4459145609  -96746.4459145609
 
0.16  0.84     -96728.9566845473   -96746.315103695   -96746.315103695
 
0.16  0.87     -96728.9566840735  -96746.1167085338  -96746.1167085338
 
0.16  0.9     -96728.9566837974  -96745.8879397438  -96745.8879397439
 
0.16  0.93     -96728.9566834152  -96745.6174916895  -96745.6174916895
 
0.16  0.96     -96728.9566825301  -96745.3244034218  -96745.3244034218
 
0.16  0.99     -96728.9566820638   -96745.065111608   -96745.065111608
 
0.16  1.00     -96728.9566817118  -96744.9432656855  -96744.9432656855
 
0.20  0.00      -96728.956682559  -96745.2944037317  -96745.2944037317
 
0.20  0.03      -96728.956681652  -96745.3177442722  -96745.3177442722
 
0.20  0.06     -96728.9566805905  -96745.4896442194  -96745.4896442193
 
0.20  0.09      -96728.956679902   -96745.730219779  -96745.7302197791
 
0.20  0.12      -96728.956678861  -96745.9802943644  -96745.9802943644
 
0.20  0.15     -96728.9566783648  -96746.2312686661  -96746.2312686661
 
0.20  0.18     -96728.9566773327  -96746.4548427372  -96746.4548427372
 
0.20  0.21     -96728.9566767866   -96746.631478879   -96746.631478879
 
0.20  0.24     -96728.9566765118  -96746.7549775566  -96746.7549775567
 
0.20  0.27     -96728.9566760262  -96746.8239371006  -96746.8239371006
 
0.20  0.3     -96728.9566758404  -96746.8399364448  -96746.8399364448
 
0.20  0.33     -96728.9566757738  -96746.8075798691  -96746.8075798691
 
0.20  0.36     -96728.9566756616  -96746.7344089047  -96746.7344089047
 
0.20  0.39     -96728.9566760379  -96746.6313496432  -96746.6313496431
 
0.20  0.42     -96728.9566763159  -96746.5115761602  -96746.5115761601
 
0.20  0.45     -96728.9566767879  -96746.3849279268  -96746.3849279268
 
0.20  0.48     -96728.9566774923  -96746.2584589888  -96746.2584589888
 
0.20  0.51     -96728.9566778297  -96746.1465584203  -96746.1465584203
 
0.20  0.54     -96728.9566789022  -96746.1032874828  -96746.1032874827
 
0.20  0.57     -96728.9566795622  -96746.2228309083  -96746.2228309083
 
0.20  0.6     -96728.9566806592  -96746.3869246873  -96746.3869246872
 
0.20  0.63     -96728.9566813866   -96746.530759445   -96746.530759445
 
0.20  0.66     -96728.9566821777  -96746.6229994457  -96746.6229994456
 
0.20  0.69     -96728.9566830971  -96746.6527340236  -96746.6527340236
 
0.20  0.72     -96728.9566836535  -96746.6253029898  -96746.6253029898
 
0.20  0.75     -96728.9566839281  -96746.6207955601  -96746.6207955602
 
0.20  0.78     -96728.9566844188  -96746.6279250441  -96746.6279250441
 
0.20  0.81     -96728.9566843733  -96746.5704371361  -96746.5704371361
 
0.20  0.84     -96728.9566844681  -96746.4690268866  -96746.4690268866
 
0.20  0.87      -96728.956684298  -96746.3175467313  -96746.3175467313
 
0.20  0.9     -96728.9566839745  -96746.1197221643  -96746.1197221643
 
0.20  0.93     -96728.9566838398  -96745.8838430672  -96745.8838430672
 
0.20  0.96     -96728.9566831737  -96745.6347939244  -96745.6347939244
 
0.20  0.99     -96728.9566826472   -96745.404352318   -96745.404352318
 
0.20  1.00      -96728.956682559  -96745.2944037317  -96745.2944037317
 
0.24  0.00     -96728.9566834713  -96745.6121477131   -96745.612147713
 
0.24  0.03     -96728.9566830433  -96745.6033644806  -96745.6033644806
 
0.24  0.06     -96728.9566821898  -96745.7648198524  -96745.7648198524
 
0.24  0.09      -96728.956681482  -96745.9598453984  -96745.9598453984
 
0.24  0.12     -96728.9566806352  -96746.1539657894  -96746.1539657894
 
0.24  0.15     -96728.9566795843  -96746.3191332108  -96746.3191332107
 
0.24  0.18     -96728.9566790778  -96746.4714753485  -96746.4714753486
 
0.24  0.21      -96728.956678171  -96746.6029751375  -96746.6029751375
 
0.24  0.24     -96728.9566774283  -96746.6922337771  -96746.6922337771
 
0.24  0.27     -96728.9566771079  -96746.7320921061  -96746.7320921061
 
0.24  0.3     -96728.9566763239  -96746.7217240159  -96746.7217240159
 
0.24  0.33     -96728.9566763414  -96746.6643125815  -96746.6643125815
 
0.24  0.36     -96728.9566757614  -96746.5664620272  -96746.5664620272
 
0.24  0.39     -96728.9566757938  -96746.4388820998  -96746.4388820998
 
0.24  0.42     -96728.9566759844  -96746.2977405537  -96746.2977405536
 
0.24  0.45     -96728.9566759379  -96746.1569342381  -96746.1569342382
 
0.24  0.48     -96728.9566763326  -96746.0218879249  -96746.0218879249
 
0.24  0.51     -96728.9566769486  -96745.9050237591  -96745.9050237591
 
0.24  0.54     -96728.9566772824  -96745.8620872166  -96745.8620872165
 
0.24  0.57     -96728.9566782179  -96745.9818080017  -96745.9818080017
 
0.24  0.6     -96728.9566788005  -96746.1538352476  -96746.1538352476
 
0.24  0.63     -96728.9566797763  -96746.3118370035  -96746.3118370035
 
0.24  0.66     -96728.9566807725  -96746.4230321969  -96746.4230321969
 
0.24  0.69     -96728.9566812976  -96746.4843123123  -96746.4843123123
 
0.24  0.72     -96728.9566824617  -96746.5791094642  -96746.5791094642
 
0.24  0.75     -96728.9566828344  -96746.6830715095  -96746.6830715094
 
0.24  0.78     -96728.9566835001  -96746.7176628783  -96746.7176628783
 
0.24  0.81     -96728.9566838714  -96746.6997403768  -96746.6997403767
 
0.24  0.84     -96728.9566841126  -96746.6265313231  -96746.6265313231
 
0.24  0.87      -96728.956684419  -96746.5024768319  -96746.5024768319
 
0.24  0.9     -96728.9566843576  -96746.3332799698  -96746.3332799698
 
0.24  0.93     -96728.9566842062  -96746.1304998776  -96746.1304998776
 
0.24  0.96     -96728.9566842443  -96745.9162298817  -96745.9162298817
 
0.24  0.99      -96728.956683698  -96745.7087009018  -96745.7087009018
 
0.24  1.00     -96728.9566834713  -96745.6121477131   -96745.612147713
 
0.28  0.00     -96728.9566839476  -96745.8939928914  -96745.8939928914
 
0.28  0.03     -96728.9566837087  -96745.8601460257  -96745.8601460257
 
0.28  0.06     -96728.9566830269   -96746.019189361   -96746.019189361
 
0.28  0.09     -96728.9566821788  -96746.1957119908  -96746.1957119908
 
0.28  0.12     -96728.9566815457  -96746.3604476668  -96746.3604476667
 
0.28  0.15      -96728.956680502  -96746.4829594679  -96746.4829594679
 
0.28  0.18     -96728.9566799245  -96746.5552910536  -96746.5552910536
 
0.28  0.21      -96728.956679039  -96746.5946150588  -96746.5946150589
 
0.28  0.24      -96728.956678244   -96746.627827541  -96746.6278275411
 
0.28  0.27     -96728.9566777508  -96746.6282697036  -96746.6282697036
 
0.28  0.3     -96728.9566769872  -96746.5851326361  -96746.5851326361
 
0.28  0.33     -96728.9566764965  -96746.4982134097  -96746.4982134097
 
0.28  0.36      -96728.956675968  -96746.3721381853  -96746.3721381853
 
0.28  0.39     -96728.9566757803  -96746.2158643234  -96746.2158643233
 
0.28  0.42      -96728.956675694  -96746.0462698299  -96746.0462698299
 
0.28  0.45     -96728.9566756681  -96745.8857845737  -96745.8857845737
 
0.28  0.48     -96728.9566758417  -96745.7400742477  -96745.7400742477
 
0.28  0.51     -96728.9566764283  -96745.6177038882  -96745.6177038882
 
0.28  0.54     -96728.9566766187  -96745.5785445002  -96745.5785445002
 
0.28  0.57     -96728.9566774036  -96745.7088498076  -96745.7088498076
 
0.28  0.6     -96728.9566778861  -96745.9024521037  -96745.9024521037
 
0.28  0.63     -96728.9566789007  -96746.0803504162  -96746.0803504162
 
0.28  0.66     -96728.9566798076   -96746.222075193   -96746.222075193
 
0.28  0.69     -96728.9566804829  -96746.4120765207  -96746.4120765208
 
0.28  0.72     -96728.9566814057  -96746.6113709013  -96746.6113709013
 
0.28  0.75     -96728.9566822508  -96746.7427871631  -96746.7427871631
 
0.28  0.78      -96728.956682898  -96746.8102088016  -96746.8102088016
 
0.28  0.81     -96728.9566835041  -96746.8167253208  -96746.8167253208
 
0.28  0.84     -96728.9566838387  -96746.7674234706  -96746.7674234705
 
0.28  0.87     -96728.9566841418  -96746.6677428119  -96746.6677428119
 
0.28  0.9      -96728.956684491  -96746.5248084849  -96746.5248084849
 
0.28  0.93     -96728.9566843901  -96746.3513369912  -96746.3513369912
 
0.28  0.96     -96728.9566845194  -96746.1641099861  -96746.1641099861
 
0.28  0.99     -96728.9566841596  -96745.9767713214  -96745.9767713214
 
0.28  1.00     -96728.9566839476  -96745.8939928914  -96745.8939928914
 
0.32  0.00     -96728.9566846122  -96746.1373041123  -96746.1373041124
 
0.32  0.03     -96728.9566842859  -96746.0843072727  -96746.0843072728
 
0.32  0.06     -96728.9566840888  -96746.2443326138  -96746.2443326138
 
0.32  0.09     -96728.9566833339  -96746.4163544679   -96746.416354468
 
0.32  0.12     -96728.9566828461  -96746.5658946733  -96746.5658946733
 
0.32  0.15     -96728.9566823478  -96746.6678354078  -96746.6678354079
 
0.32  0.18     -96728.9566812632  -96746.7094369393  -96746.7094369393
 
0.32  0.21     -96728.9566807642  -96746.6891944587  -96746.6891944587
 
0.32  0.24     -96728.9566798807  -96746.6149526141  -96746.6149526141
 
0.32  0.27     -96728.9566790637  -96746.5275248795  -96746.5275248795
 
0.32  0.3     -96728.9566782881  -96746.4365867721  -96746.4365867721
 
0.32  0.33     -96728.9566773391  -96746.3126237517  -96746.3126237518
 
0.32  0.36     -96728.9566770372  -96746.1539114037  -96746.1539114036
 
0.32  0.39     -96728.9566763477  -96745.9657423942  -96745.9657423942
 
0.32  0.42     -96728.9566758427  -96745.7614258742  -96745.7614258742
 
0.32  0.45     -96728.9566759663  -96745.5722446032  -96745.5722446032
 
0.32  0.48     -96728.9566755565  -96745.4130447562  -96745.4130447562
 
0.32  0.51     -96728.9566757301  -96745.2850167976  -96745.2850167976
 
0.32  0.54     -96728.9566759852  -96745.2559536878  -96745.2559536878
 
0.32  0.57     -96728.9566763692  -96745.4209367219  -96745.4209367219
 
0.32  0.6     -96728.9566769145  -96745.6455693802  -96745.6455693802
 
0.32  0.63     -96728.9566773657  -96745.8535422681  -96745.8535422681
 
0.32  0.66     -96728.9566781532  -96746.1270296225  -96746.1270296225
 
0.32  0.69     -96728.9566791387   -96746.427898978   -96746.427898978
 
0.32  0.72     -96728.9566796841  -96746.6493757891  -96746.6493757891
 
0.32  0.75     -96728.9566807754   -96746.803139477   -96746.803139477
 
0.32  0.78     -96728.9566814003  -96746.8910865398  -96746.8910865398
 
0.32  0.81     -96728.9566822163  -96746.9177097224  -96746.9177097224
 
0.32  0.84     -96728.9566829812  -96746.8887954412  -96746.8887954412
 
0.32  0.87     -96728.9566831752  -96746.8104470288  -96746.8104470288
 
0.32  0.9     -96728.9566841479  -96746.6906037415  -96746.6906037415
 
0.32  0.93     -96728.9566842155  -96746.5413958885  -96746.5413958884
 
0.32  0.96     -96728.9566844362  -96746.3760179942  -96746.3760179941
 
0.32  0.99     -96728.9566845343  -96746.2068413248  -96746.2068413248
 
0.32  1.00     -96728.9566846122  -96746.1373041123  -96746.1373041124
 
0.36  0.00     -96728.9566844181   -96746.339465189   -96746.339465189
 
0.36  0.03     -96728.9566840814  -96746.2718180583  -96746.2718180582
 
0.36  0.06     -96728.9566841849  -96746.4333567792  -96746.4333567792
 
0.36  0.09     -96728.9566836201  -96746.6057556324  -96746.6057556324
 
0.36  0.12     -96728.9566833603   -96746.748473417   -96746.748473417
 
0.36  0.15      -96728.956682782  -96746.8382933062  -96746.8382933062
 
0.36  0.18     -96728.9566819961   -96746.862714374   -96746.862714374
 
0.36  0.21     -96728.9566816845  -96746.8178075111  -96746.8178075111
 
0.36  0.24     -96728.9566807924  -96746.7055536181  -96746.7055536181
 
0.36  0.27     -96728.9566798832  -96746.5342622663  -96746.5342622663
 
0.36  0.3     -96728.9566792666  -96746.3203404987  -96746.3203404987
 
0.36  0.33     -96728.9566783745  -96746.1198704655  -96746.1198704655
 
0.36  0.36     -96728.9566779363  -96745.9180283169  -96745.9180283168
 
0.36  0.39     -96728.9566771549  -96745.6932200668  -96745.6932200668
 
0.36  0.42     -96728.9566766309  -96745.4505013541  -96745.4505013541
 
0.36  0.45      -96728.956676409  -96745.2188099056  -96745.2188099055
 
0.36  0.48     -96728.9566758021  -96745.0409536036  -96745.0409536036
 
0.36  0.51     -96728.9566760757  -96744.9073324298  -96744.9073324298
 
0.36  0.54     -96728.9566759323  -96744.9011637138  -96744.9011637137
 
0.36  0.57     -96728.9566760611  -96745.1378579608  -96745.1378579608
 
0.36  0.6     -96728.9566766156  -96745.3966024077  -96745.3966024076
 
0.36  0.63     -96728.9566768908  -96745.7357953195  -96745.7357953196
 
0.36  0.66     -96728.9566774608  -96746.1355124867  -96746.1355124867
 
0.36  0.69     -96728.9566783398  -96746.4443541618  -96746.4443541617
 
0.36  0.72     -96728.9566788249  -96746.6837272119   -96746.683727212
 
0.36  0.75     -96728.9566798963  -96746.8537796799  -96746.8537796799
 
0.36  0.78     -96728.9566803643  -96746.9577773975  -96746.9577773975
 
0.36  0.81     -96728.9566811939  -96747.0006583182  -96747.0006583183
 
0.36  0.84     -96728.9566820865  -96746.9885255101  -96746.9885255101
 
0.36  0.87     -96728.9566825576  -96746.9279979792  -96746.9279979792
 
0.36  0.9     -96728.9566832054  -96746.8272951957  -96746.8272951957
 
0.36  0.93     -96728.9566837518  -96746.6975238099  -96746.6975238098
 
0.36  0.96      -96728.956683924   -96746.550111052   -96746.550111052
 
0.36  0.99     -96728.9566844428  -96746.3969565453  -96746.3969565452
 
0.36  1.00     -96728.9566844181   -96746.339465189   -96746.339465189
 
0.40  0.00     -96728.9566845958  -96746.4981138208  -96746.4981138208
 
0.40  0.03     -96728.9566846813  -96746.4193332385  -96746.4193332386
 
0.40  0.06     -96728.9566846272  -96746.5806072204  -96746.5806072204
 
0.40  0.09     -96728.9566845523  -96746.7546582492  -96746.7546582492
 
0.40  0.12     -96728.9566840342  -96746.8943700049  -96746.8943700049
 
0.40  0.15     -96728.9566837773  -96746.9768725406  -96746.9768725406
 
0.40  0.18     -96728.9566832647  -96746.9901585487  -96746.9901585487
 
0.40  0.21     -96728.9566823205  -96746.9294782844  -96746.9294782844
 
0.40  0.24     -96728.9566819237  -96746.7951933319  -96746.7951933319
 
0.40  0.27     -96728.9566806728  -96746.5932977066  -96746.5932977066
 
0.40  0.3     -96728.9566801165  -96746.3347367457  -96746.3347367457
 
0.40  0.33     -96728.9566790936  -96746.0335145676  -96746.0335145676
 
0.40  0.36     -96728.9566781487  -96745.7060865377  -96745.7060865377
 
0.40  0.39     -96728.9566776627  -96745.4112507675  -96745.4112507676
 
0.40  0.42     -96728.9566767441  -96745.1235783661  -96745.1235783661
 
0.40  0.45      -96728.956676231  -96744.8356914391  -96744.8356914391
 
0.40  0.48     -96728.9566760664  -96744.6242850438  -96744.6242850438
 
0.40  0.51     -96728.9566755016  -96744.4850951281  -96744.4850951281
 
0.40  0.54     -96728.9566756592  -96744.5666263181  -96744.5666263181
 
0.40  0.57     -96728.9566754884  -96744.8651385181  -96744.8651385181
 
0.40  0.6     -96728.9566756697   -96745.294404477   -96745.294404477
 
0.40  0.63     -96728.9566764247  -96745.7456097921  -96745.7456097922
 
0.40  0.66     -96728.9566766029  -96746.1377956568  -96746.1377956568
 
0.40  0.69     -96728.9566774048  -96746.4604451055  -96746.4604451055
 
0.40  0.72     -96728.9566777954  -96746.7117711885  -96746.7117711885
 
0.40  0.75      -96728.956678793  -96746.8934494066  -96746.8934494066
 
0.40  0.78     -96728.9566796851  -96747.0091899575  -96747.0091899575
 
0.40  0.81     -96728.9566803779  -96747.0641896158  -96747.0641896159
 
0.40  0.84     -96728.9566813834  -96747.0648124466  -96747.0648124466
 
0.40  0.87     -96728.9566822128  -96747.0180970264  -96747.0180970264
 
0.40  0.9     -96728.9566827359  -96746.9322783072  -96746.9322783072
 
0.40  0.93     -96728.9566836582  -96746.8176592217  -96746.8176592218
 
0.40  0.96     -96728.9566839992  -96746.6847783059  -96746.6847783059
 
0.40  0.99     -96728.9566845128  -96746.5452066012  -96746.5452066012
 
0.40  1.00     -96728.9566845958  -96746.4981138208  -96746.4981138208
 
0.44  0.00     -96728.9566842004  -96746.6113700053  -96746.6113700053
 
0.44  0.03      -96728.956684858  -96746.5255495817  -96746.5255495817
 
0.44  0.06     -96728.9566847981  -96746.6819890008  -96746.6819890008
 
0.44  0.09     -96728.9566850272  -96746.8576082924  -96746.8576082924
 
0.44  0.12     -96728.9566850627  -96746.9960097263  -96746.9960097263
 
0.44  0.15      -96728.956684644  -96747.0742372922  -96747.0742372922
 
0.44  0.18     -96728.9566844962  -96747.0806535864  -96747.0806535863
 
0.44  0.21     -96728.9566837794  -96747.0100889704  -96747.0100889704
 
0.44  0.24     -96728.9566832306  -96746.8617092079  -96746.8617092079
 
0.44  0.27      -96728.956682432  -96746.6401994003  -96746.6401994003
 
0.44  0.3     -96728.9566812502  -96746.3557768897  -96746.3557768898
 
0.44  0.33     -96728.9566805997  -96746.0222600001  -96746.0222600001
 
0.44  0.36     -96728.9566796221  -96745.6522558977  -96745.6522558977
 
0.44  0.39     -96728.9566785622  -96745.2533957649  -96745.2533957649
 
0.44  0.42     -96728.9566778663   -96744.832479502  -96744.8324795021
 
0.44  0.45     -96728.9566769328  -96744.4545650628  -96744.4545650628
 
0.44  0.48     -96728.9566763781  -96744.1644128611  -96744.1644128611
 
0.44  0.51     -96728.9566757047  -96744.0189473642  -96744.0189473642
 
0.44  0.54     -96728.9566754245  -96744.2647333054  -96744.2647333054
 
0.44  0.57     -96728.9566752997  -96744.7417200047  -96744.7417200047
 
0.44  0.6      -96728.956675203  -96745.2704592249  -96745.2704592249
 
0.44  0.63     -96728.9566752134  -96745.7426574966  -96745.7426574966
 
0.44  0.66     -96728.9566756276   -96746.145390666   -96746.145390666
 
0.44  0.69     -96728.9566759646  -96746.4755585189   -96746.475558519
 
0.44  0.72     -96728.9566766511  -96746.7336049585  -96746.7336049584
 
0.44  0.75     -96728.9566773195  -96746.9219709179  -96746.9219709179
 
0.44  0.78     -96728.9566781902  -96747.0446549551  -96747.0446549552
 
0.44  0.81     -96728.9566791943  -96747.1071253416  -96747.1071253416
 
0.44  0.84     -96728.9566797678  -96747.1160894051  -96747.1160894051
 
0.44  0.87     -96728.9566809693  -96747.0789165944  -96747.0789165944
 
0.44  0.9     -96728.9566817454  -96747.0037692433  -96747.0037692433
 
0.44  0.93     -96728.9566827249  -96746.9003476118  -96746.9003476118
 
0.44  0.96     -96728.9566834948  -96746.7786336331  -96746.7786336331
 
0.44  0.99     -96728.9566839087  -96746.6499303182  -96746.6499303182
 
0.44  1.00     -96728.9566842004  -96746.6113700053  -96746.6113700053
 
0.48  0.00     -96728.9566831535   -96746.677952928   -96746.677952928
 
0.48  0.03     -96728.9566838043   -96746.591120535   -96746.591120535
 
0.48  0.06      -96728.956684331  -96746.7348889702  -96746.7348889702
 
0.48  0.09     -96728.9566844338  -96746.9115347614  -96746.9115347614
 
0.48  0.12     -96728.9566848309  -96747.0496671149  -96747.0496671149
 
0.48  0.15     -96728.9566846697  -96747.1258137768  -96747.1258137768
 
0.48  0.18     -96728.9566846523  -96747.1287659416  -96747.1287659416
 
0.48  0.21     -96728.9566844397  -96747.0531444139  -96747.0531444139
 
0.48  0.24     -96728.9566837706  -96746.8970759228  -96746.8970759228
 
0.48  0.27     -96728.9566832767  -96746.6645229195  -96746.6645229196
 
0.48  0.3     -96728.9566825596  -96746.3653637267  -96746.3653637267
 
0.48  0.33     -96728.9566816176  -96746.0135680822  -96746.0135680822
 
0.48  0.36     -96728.9566809304  -96745.6217927723  -96745.6217927722
 
0.48  0.39      -96728.956679911  -96745.1962369411  -96745.1962369411
 
0.48  0.42      -96728.956679173  -96744.7378371364  -96744.7378371364
 
0.48  0.45     -96728.9566783157  -96744.2464006501  -96744.2464006501
 
0.48  0.48     -96728.9566773391  -96743.7265093976  -96743.7265093976
 
0.48  0.51     -96728.9566768318  -96743.5938007805  -96743.5938007805
 
0.48  0.54     -96728.9566761804  -96744.1233795082  -96744.1233795083
 
0.48  0.57     -96728.9566757796  -96744.7362521592  -96744.7362521592
 
0.48  0.6     -96728.9566757498  -96745.2832690711  -96745.2832690711
 
0.48  0.63     -96728.9566752841  -96745.7591722913  -96745.7591722913
 
0.48  0.66     -96728.9566755859  -96746.1620114416  -96746.1620114416
 
0.48  0.69     -96728.9566756135  -96746.4917581361  -96746.4917581361
 
0.48  0.72     -96728.9566761469  -96746.7498435424  -96746.7498435423
 
0.48  0.75     -96728.9566766294  -96746.9390031365  -96746.9390031366
 
0.48  0.78     -96728.9566769478  -96747.0633318677  -96747.0633318677
 
0.48  0.81     -96728.9566779343   -96747.128396084   -96747.128396084
 
0.48  0.84     -96728.9566786717  -96747.1411554631  -96747.1411554631
 
0.48  0.87     -96728.9566795838  -96747.1092179099  -96747.1092179099
 
0.48  0.9     -96728.9566804544   -96747.040590492   -96747.040590492
 
0.48  0.93     -96728.9566812902  -96746.9445055025  -96746.9445055025
 
0.48  0.96     -96728.9566822376  -96746.8305673709  -96746.8305673709
 
0.48  0.99     -96728.9566830808  -96746.7098804158  -96746.7098804159
 
0.48  1.00     -96728.9566831535   -96746.677952928   -96746.677952928
 
0.5  0.00     -96728.9566831264  -96746.6934970882  -96746.6934970882
 
0.5  0.03     -96728.9566838836  -96746.6071700869  -96746.6071700869
 
0.5  0.06      -96728.956684473   -96746.742716508   -96746.742716508
 
0.5  0.09     -96728.9566846319  -96746.9195721843  -96746.9195721843
 
0.5  0.12     -96728.9566851294  -96747.0579684691  -96747.0579684692
 
0.5  0.15     -96728.9566850805   -96747.133900254   -96747.133900254
 
0.5  0.18     -96728.9566849493  -96747.1362454349  -96747.1362454349
 
0.5  0.21     -96728.9566848793  -96747.0595895203  -96747.0595895203
 
0.5  0.24     -96728.9566842378  -96746.9018591833  -96746.9018591832
 
0.5  0.27     -96728.9566838341  -96746.6671219823  -96746.6671219823
 
0.5  0.3      -96728.956682945  -96746.3656750453  -96746.3656750453
 
0.5  0.33     -96728.9566820293    -96746.01221601    -96746.01221601
 
0.5  0.36     -96728.9566813461  -96745.6191766328  -96745.6191766328
 
0.5  0.39     -96728.9566800476  -96745.1900735872  -96745.1900735872
 
0.5  0.42     -96728.9566792792  -96744.7228206519  -96744.7228206519
 
0.5  0.45     -96728.9566784518  -96744.2253949258  -96744.2253949259
 
0.5  0.48     -96728.9566775037  -96743.7233245177  -96743.7233245178
 
0.5  0.51     -96728.9566768922  -96743.5405471899  -96743.5405471899
 
0.5  0.54     -96728.9566758758  -96744.1818366169  -96744.1818366169
 
0.5  0.57     -96728.9566756987  -96744.7756960986  -96744.7756960986
 
0.5  0.6     -96728.9566752794  -96745.3101298876  -96745.3101298876
 
0.5  0.63     -96728.9566749758  -96745.7777037048  -96745.7777037048
 
0.5  0.66      -96728.956675145  -96746.1747828218  -96746.1747828218
 
0.5  0.69     -96728.9566753905  -96746.5004516266  -96746.5004516267
 
0.5  0.72     -96728.9566755304  -96746.7556638914  -96746.7556638915
 
0.5  0.75     -96728.9566761835  -96746.9428776355  -96746.9428776355
 
0.5  0.78     -96728.9566767721  -96747.0660327177  -96747.0660327177
 
0.5  0.81     -96728.9566775979  -96747.1306225812  -96747.1306225812
 
0.5  0.84     -96728.9566783997  -96747.1436131664  -96747.1436131664
 
0.5  0.87     -96728.9566791312  -96747.1126559338  -96747.1126559338
 
0.5  0.9     -96728.9566804337  -96747.0457091582  -96747.0457091581
 
0.5  0.93     -96728.9566811577  -96746.9518487626  -96746.9518487625
 
0.5  0.96     -96728.9566821554  -96746.8405301985  -96746.8405301985
 
0.5  0.99     -96728.9566829037  -96746.7227807326  -96746.7227807326
 
0.5  1.00     -96728.9566831264  -96746.6934970882  -96746.6934970882
 
0.52  0.00     -96728.9566825938  -96746.6971288515  -96746.6971288515
 
0.52  0.03     -96728.9566831011  -96746.6114534346  -96746.6114534346
 
0.52  0.06     -96728.9566839044  -96746.7380583272  -96746.7380583273
 
0.52  0.09     -96728.9566842659  -96746.9148637039  -96746.9148637038
 
0.52  0.12     -96728.9566843759  -96747.0537887027  -96747.0537887027
 
0.52  0.15     -96728.9566847955  -96747.1301418896  -96747.1301418896
 
0.52  0.18     -96728.9566845865  -96747.1326049383  -96747.1326049383
 
0.52  0.21     -96728.9566844442  -96747.0557738501  -96747.0557738501
 
0.52  0.24     -96728.9566841085  -96746.8978273638  -96746.8978273638
 
0.52  0.27     -96728.9566834746  -96746.6633023209  -96746.6633023209
 
0.52  0.3     -96728.9566832002  -96746.3638327186  -96746.3638327186
 
0.52  0.33     -96728.9566820851  -96746.0168147937  -96746.0168147938
 
0.52  0.36     -96728.9566813577  -96745.6370836533  -96745.6370836533
 
0.52  0.39     -96728.9566808486  -96745.2293304942  -96745.2293304941
 
0.52  0.42     -96728.9566797163  -96744.8008701697  -96744.8008701697
 
0.52  0.45     -96728.9566789361  -96744.3615946719   -96744.361594672
 
0.52  0.48     -96728.9566781798  -96743.8894915347  -96743.8894915347
 
0.52  0.51     -96728.9566774026  -96743.6322028099  -96743.6322028099
 
0.52  0.54     -96728.9566769779  -96744.2497745496  -96744.2497745496
 
0.52  0.57     -96728.9566760087  -96744.8248920311  -96744.8248920311
 
0.52  0.6     -96728.9566759054  -96745.3444828506  -96745.3444828506
 
0.52  0.63     -96728.9566755379  -96745.8007646639  -96745.8007646639
 
0.52  0.66     -96728.9566755922  -96746.1894666245  -96746.1894666246
 
0.52  0.69     -96728.9566756815  -96746.5089478203  -96746.5089478203
 
0.52  0.72     -96728.9566756884  -96746.7595766601  -96746.7595766601
 
0.52  0.75     -96728.9566763816  -96746.9434079918  -96746.9434079918
 
0.52  0.78     -96728.9566767509  -96747.0641324732  -96747.0641324732
 
0.52  0.81     -96728.9566773276  -96747.1271170807  -96747.1271170808
 
0.52  0.84     -96728.9566781649  -96747.1392564343  -96747.1392564344
 
0.52  0.87      -96728.956678868  -96747.1081591501  -96747.1081591501
 
0.52  0.9     -96728.9566797512  -96747.0418352382  -96747.0418352382
 
0.52  0.93     -96728.9566807276  -96746.9492465782  -96746.9492465782
 
0.52  0.96     -96728.9566814178  -96746.8397155657  -96746.8397155658
 
0.52  0.99       -96728.95668247  -96746.7241940432  -96746.7241940431
 
0.52  1.00     -96728.9566825938  -96746.6971288515  -96746.6971288515
 
0.56  0.00     -96728.9566818084   -96746.668629346  -96746.6686293461
 
0.56  0.03     -96728.9566826119  -96746.5839535369  -96746.5839535369
 
0.56  0.06     -96728.9566835225  -96746.6915912032  -96746.6915912032
 
0.56  0.09     -96728.9566840141   -96746.867335707   -96746.867335707
 
0.56  0.12     -96728.9566844415  -96747.0080826677  -96747.0080826677
 
0.56  0.15     -96728.9566849993  -96747.0870529995  -96747.0870529995
 
0.56  0.18     -96728.9566849528  -96747.0919920715  -96747.0919920715
 
0.56  0.21     -96728.9566850642  -96747.0177341711  -96747.0177341711
 
0.56  0.24     -96728.9566848654  -96746.8639074351  -96746.8639074351
 
0.56  0.27     -96728.9566843709  -96746.6374994245  -96746.6374994245
 
0.56  0.3     -96728.9566840493  -96746.3555334799  -96746.3555334799
 
0.56  0.33      -96728.956683068  -96746.0431264084  -96746.0431264085
 
0.56  0.36      -96728.956682558  -96745.7208829224  -96745.7208829224
 
0.56  0.39     -96728.9566817899   -96745.396695324   -96745.396695324
 
0.56  0.42     -96728.9566805949   -96745.049604769   -96745.049604769
 
0.56  0.45     -96728.9566801036  -96744.6217855343  -96744.6217855342
 
0.56  0.48     -96728.9566789228   -96744.181834898   -96744.181834898
 
0.56  0.51     -96728.9566780187  -96744.0029846434  -96744.0029846434
 
0.56  0.54     -96728.9566773885  -96744.3994399416  -96744.3994399416
 
0.56  0.57     -96728.9566764172  -96744.9332142747  -96744.9332142748
 
0.56  0.6     -96728.9566761446  -96745.4208867803  -96745.4208867803
 
0.56  0.63     -96728.9566754367  -96745.8515636091  -96745.8515636091
 
0.56  0.66     -96728.9566752221  -96746.2197290957  -96746.2197290957
 
0.56  0.69     -96728.9566753311  -96746.5228201091  -96746.5228201091
 
0.56  0.72     -96728.9566752134  -96746.7603821411  -96746.7603821411
 
0.56  0.75      -96728.956675578   -96746.933777481   -96746.933777481
 
0.56  0.78     -96728.9566761256  -96747.0461912669  -96747.0461912669
 
0.56  0.81     -96728.9566763558  -96747.1026467778  -96747.1026467778
 
0.56  0.84     -96728.9566772622  -96747.1097205995  -96747.1097205994
 
0.56  0.87     -96728.9566777016  -96747.0750427603  -96747.0750427603
 
0.56  0.9      -96728.956678825  -96747.0068307073  -96747.0068307072
 
0.56  0.93      -96728.956679672  -96746.9139824315  -96746.9139824315
 
0.56  0.96     -96728.9566804565  -96746.8055822937  -96746.8055822937
 
0.56  0.99     -96728.9566814968   -96746.692432443  -96746.6924324429
 
0.56  1.00     -96728.9566818084   -96746.668629346  -96746.6686293461
 
0.60  0.00     -96728.9566804448  -96746.5926372979  -96746.5926372979
 
0.60  0.03      -96728.956680993  -96746.5077024868  -96746.5077024868
 
0.60  0.06     -96728.9566820519  -96746.5969784041  -96746.5969784041
 
0.60  0.09     -96728.9566827403  -96746.7701187619  -96746.7701187619
 
0.60  0.12     -96728.9566833519  -96746.9135312839  -96746.9135312839
 
0.60  0.15     -96728.9566842025  -96746.9972393601  -96746.9972393601
 
0.60  0.18     -96728.9566842272   -96747.008024803   -96747.008024803
 
0.60  0.21     -96728.9566848628  -96746.9412712081  -96746.9412712081
 
0.60  0.24     -96728.9566847998  -96746.7987428891  -96746.7987428891
 
0.60  0.27     -96728.9566845769   -96746.592622314   -96746.592622314
 
0.60  0.3     -96728.9566844251  -96746.3527537831  -96746.3527537831
 
0.60  0.33     -96728.9566840374  -96746.1212963529  -96746.1212963529
 
0.60  0.36     -96728.9566835304  -96745.8882311433  -96745.8882311434
 
0.60  0.39      -96728.956682983  -96745.6249025019  -96745.6249025019
 
0.60  0.42     -96728.9566821529  -96745.2867193574  -96745.2867193573
 
0.60  0.45     -96728.9566815704  -96744.9279050389  -96744.9279050389
 
0.60  0.48      -96728.956680515  -96744.5388544012  -96744.5388544012
 
0.60  0.51      -96728.956679619  -96744.3899638354  -96744.3899638354
 
0.60  0.54     -96728.9566788466  -96744.5933307308  -96744.5933307308
 
0.60  0.57     -96728.9566777931   -96745.052929886   -96745.052929886
 
0.60  0.6     -96728.9566773335  -96745.5015860602  -96745.5015860603
 
0.60  0.63     -96728.9566765685  -96745.9026740846  -96745.9026740845
 
0.60  0.66     -96728.9566760135  -96746.2467749477  -96746.2467749477
 
0.60  0.69     -96728.9566758803  -96746.5297876133  -96746.5297876133
 
0.60  0.72     -96728.9566755099  -96746.7503811581  -96746.7503811582
 
0.60  0.75     -96728.9566757053   -96746.909299459   -96746.909299459
 
0.60  0.78     -96728.9566756402  -96747.0092330159  -96747.0092330159
 
0.60  0.81     -96728.9566758831  -96747.0546852446  -96747.0546852446
 
0.60  0.84     -96728.9566763295  -96747.0520494109  -96747.0520494109
 
0.60  0.87     -96728.9566767072  -96747.0092601733  -96747.0092601733
 
0.60  0.9     -96728.9566773676  -96746.9350217291  -96746.9350217292
 
0.60  0.93      -96728.956678248  -96746.8383250906  -96746.8383250906
 
0.60  0.96     -96728.9566790016  -96746.7279721722  -96746.7279721722
 
0.60  0.99     -96728.9566800139  -96746.6145286536  -96746.6145286536
 
0.60  1.00     -96728.9566804448  -96746.5926372979  -96746.5926372979
 
0.64  0.00     -96728.9566790202  -96746.4694906103  -96746.4694906103
 
0.64  0.03     -96728.9566800772  -96746.3827281737  -96746.3827281737
 
0.64  0.06     -96728.9566808936  -96746.4563376809   -96746.456337681
 
0.64  0.09     -96728.9566817016   -96746.625478183   -96746.625478183
 
0.64  0.12     -96728.9566825231  -96746.7726748047  -96746.7726748047
 
0.64  0.15     -96728.9566830243  -96746.8638527389   -96746.863852739
 
0.64  0.18     -96728.9566837505   -96746.884665563   -96746.884665563
 
0.64  0.21     -96728.9566840524  -96746.8315956488  -96746.8315956488
 
0.64  0.24     -96728.9566840293  -96746.7104847429  -96746.7104847429
 
0.64  0.27     -96728.9566844826  -96746.5487798211  -96746.5487798211
 
0.64  0.3     -96728.9566840878  -96746.4121649911  -96746.4121649911
 
0.64  0.33     -96728.9566841182  -96746.2671084317  -96746.2671084317
 
0.64  0.36     -96728.9566835885  -96746.0660104046  -96746.0660104046
 
0.64  0.39     -96728.9566833705   -96745.832647798  -96745.8326477979
 
0.64  0.42     -96728.9566829751  -96745.5539503452  -96745.5539503452
 
0.64  0.45     -96728.9566820694  -96745.2342084358  -96745.2342084358
 
0.64  0.48     -96728.9566815315  -96744.9148149967  -96744.9148149967
 
0.64  0.51     -96728.9566808809  -96744.7512089669  -96744.7512089669
 
0.64  0.54     -96728.9566797253  -96744.9007962875  -96744.9007962875
 
0.64  0.57     -96728.9566790849  -96745.2099014862  -96745.2099014861
 
0.64  0.6     -96728.9566780533  -96745.5925406515  -96745.5925406516
 
0.64  0.63     -96728.9566774161  -96745.9551435248  -96745.9551435248
 
0.64  0.66     -96728.9566770997  -96746.2701438787  -96746.2701438787
 
0.64  0.69     -96728.9566761956  -96746.5291644761  -96746.5291644762
 
0.64  0.72     -96728.9566763524  -96746.7291556236  -96746.7291556237
 
0.64  0.75     -96728.9566760556  -96746.8699154532  -96746.8699154532
 
0.64  0.78     -96728.9566758714  -96746.9533858351  -96746.9533858351
 
0.64  0.81     -96728.9566761277  -96746.9834441127  -96746.9834441127
 
0.64  0.84     -96728.9566761778     -96746.9663917     -96746.9663917
 
0.64  0.87     -96728.9566766647  -96746.9106400421   -96746.910640042
 
0.64  0.9     -96728.9566770339  -96746.8259389961  -96746.8259389961
 
0.64  0.93     -96728.9566774375   -96746.721814831   -96746.721814831
 
0.64  0.96     -96728.9566783384  -96746.6066562757  -96746.6066562758
 
0.64  0.99     -96728.9566789222  -96746.4905021342  -96746.4905021342
 
0.64  1.00     -96728.9566790202  -96746.4694906103  -96746.4694906103
 
0.68  0.00     -96728.9566783154  -96746.2997396535  -96746.2997396535
 
0.68  0.03     -96728.9566794665  -96746.2098179653  -96746.2098179653
 
0.68  0.06     -96728.9566801741  -96746.2719450412  -96746.2719450412
 
0.68  0.09     -96728.9566808458  -96746.4371803602  -96746.4371803602
 
0.68  0.12     -96728.9566818803  -96746.5907425857  -96746.5907425857
 
0.68  0.15      -96728.956682491  -96746.6932532054  -96746.6932532055
 
0.68  0.18     -96728.9566833331  -96746.7294772066  -96746.7294772066
 
0.68  0.21     -96728.9566837421  -96746.6988669597  -96746.6988669597
 
0.68  0.24     -96728.9566840745  -96746.6217818009  -96746.6217818009
 
0.68  0.27     -96728.9566845268  -96746.5835648494  -96746.5835648494
 
0.68  0.3     -96728.9566842364  -96746.5283748573  -96746.5283748573
 
0.68  0.33     -96728.9566842336  -96746.4119860218  -96746.4119860218
 
0.68  0.36     -96728.9566841025   -96746.258764315   -96746.258764315
 
0.68  0.39     -96728.9566836382  -96746.0584200022  -96746.0584200022
 
0.68  0.42     -96728.9566834792  -96745.8131742951  -96745.8131742951
 
0.68  0.45     -96728.9566827696  -96745.5350408972  -96745.5350408972
 
0.68  0.48     -96728.9566822419   -96745.270458178   -96745.270458178
 
0.68  0.51     -96728.9566814415  -96745.0873800247  -96745.0873800248
 
0.68  0.54        -96728.9566805  -96745.2183356449  -96745.2183356449
 
0.68  0.57     -96728.9566799176  -96745.4377784214  -96745.4377784214
 
0.68  0.6     -96728.9566787512  -96745.7219392552  -96745.7219392552
 
0.68  0.63      -96728.956678089  -96746.0193736761  -96746.0193736762
 
0.68  0.66     -96728.9566773502  -96746.2943412277  -96746.2943412277
 
0.68  0.69     -96728.9566768423  -96746.5229805503  -96746.5229805503
 
0.68  0.72     -96728.9566764749  -96746.6976072577  -96746.6976072577
 
0.68  0.75     -96728.9566760927  -96746.8160653011   -96746.816065301
 
0.68  0.78     -96728.9566759277  -96746.8789832663  -96746.8789832663
 
0.68  0.81     -96728.9566760416  -96746.8894947685  -96746.8894947684
 
0.68  0.84     -96728.9566757517   -96746.853536339   -96746.853536339
 
0.68  0.87     -96728.9566762051  -96746.7798006198  -96746.7798006198
 
0.68  0.9     -96728.9566765741  -96746.6795927557  -96746.6795927557
 
0.68  0.93     -96728.9566770106  -96746.5641175567  -96746.5641175567
 
0.68  0.96      -96728.956677623  -96746.4414384164  -96746.4414384164
 
0.68  0.99     -96728.9566780751  -96746.3204986677  -96746.3204986677
 
0.68  1.00     -96728.9566783154  -96746.2997396535  -96746.2997396535
 
0.7  0.00     -96728.9566776423  -96746.1975993742  -96746.1975993742
 
0.7  0.03     -96728.9566782451  -96746.1057670376  -96746.1057670376
 
0.7  0.06     -96728.9566791529  -96746.1641136615  -96746.1641136615
 
0.7  0.09     -96728.9566798958  -96746.3284033691  -96746.3284033691
 
0.7  0.12     -96728.9566805897  -96746.4869587922  -96746.4869587922
 
0.7  0.15     -96728.9566815572  -96746.5969730198  -96746.5969730198
 
0.7  0.18      -96728.956682113  -96746.6435376985  -96746.6435376985
 
0.7  0.21     -96728.9566831011  -96746.6298581217  -96746.6298581217
 
0.7  0.24     -96728.9566833489  -96746.6127125544  -96746.6127125545
 
0.7  0.27     -96728.9566837428  -96746.6241750705  -96746.6241750706
 
0.7  0.3     -96728.9566840612  -96746.5783382259  -96746.5783382258
 
0.7  0.33     -96728.9566839593  -96746.4897885364  -96746.4897885364
 
0.7  0.36     -96728.9566841837  -96746.3521504568  -96746.3521504568
 
0.7  0.39     -96728.9566839663  -96746.1668931579  -96746.1668931579
 
0.7  0.42     -96728.9566837565  -96745.9379693919  -96745.9379693919
 
0.7  0.45      -96728.956683438  -96745.6811542439  -96745.6811542439
 
0.7  0.48     -96728.9566828927  -96745.4366323575  -96745.4366323575
 
0.7  0.51     -96728.9566824362  -96745.2468659782  -96745.2468659782
 
0.7  0.54     -96728.9566816884  -96745.3691721534  -96745.3691721535
 
0.7  0.57     -96728.9566805365  -96745.5642909086  -96745.5642909085
 
0.7  0.6     -96728.9566800537  -96745.8136097242  -96745.8136097242
 
0.7  0.63     -96728.9566790391   -96746.064723646   -96746.064723646
 
0.7  0.66     -96728.9566785312  -96746.3102553685  -96746.3102553685
 
0.7  0.69     -96728.9566777487  -96746.5193911649  -96746.5193911649
 
0.7  0.72     -96728.9566770923  -96746.6786803527  -96746.6786803527
 
0.7  0.75     -96728.9566769375  -96746.7840094292  -96746.7840094292
 
0.7  0.78     -96728.9566762516  -96746.8349885265  -96746.8349885265
 
0.7  0.81     -96728.9566761689  -96746.8342147958  -96746.8342147957
 
0.7  0.84     -96728.9566762257  -96746.7872584679  -96746.7872584679
 
0.7  0.87     -96728.9566760732  -96746.7027351417  -96746.7027351417
 
0.7  0.9     -96728.9566763153  -96746.5926704999  -96746.5926704998
 
0.7  0.93     -96728.9566763204  -96746.4697973836  -96746.4697973835
 
0.7  0.96     -96728.9566768891  -96746.3423157553  -96746.3423157553
 
0.7  0.99     -96728.9566775397  -96746.2183223597  -96746.2183223596
 
0.7  1.00     -96728.9566776423  -96746.1975993742  -96746.1975993742
 
0.72  0.00     -96728.9566770833  -96746.0840563316  -96746.0840563316
 
0.72  0.03     -96728.9566778413  -96745.9902109543  -96745.9902109544
 
0.72  0.06     -96728.9566784851  -96746.0462960408  -96746.0462960408
 
0.72  0.09     -96728.9566792884  -96746.2111875911  -96746.2111875911
 
0.72  0.12     -96728.9566804511  -96746.3764889635  -96746.3764889635
 
0.72  0.15     -96728.9566810104  -96746.4954181033  -96746.4954181033
 
0.72  0.18     -96728.9566820045  -96746.5548092512  -96746.5548092512
 
0.72  0.21     -96728.9566827533  -96746.5676176644  -96746.5676176644
 
0.72  0.24      -96728.956683372  -96746.6309286729  -96746.6309286729
 
0.72  0.27     -96728.9566838816  -96746.6683144004  -96746.6683144005
 
0.72  0.3     -96728.9566840573  -96746.6386768278  -96746.6386768278
 
0.72  0.33     -96728.9566843493  -96746.5655817825  -96746.5655817825
 
0.72  0.36     -96728.9566845068  -96746.4423644038  -96746.4423644038
 
0.72  0.39     -96728.9566841945  -96746.2715388061   -96746.271538806
 
0.72  0.42     -96728.9566844058  -96746.0587244231  -96746.0587244231
 
0.72  0.45     -96728.9566838691  -96745.8223497461  -96745.8223497461
 
0.72  0.48     -96728.9566834082  -96745.5944438169  -96745.5944438169
 
0.72  0.51     -96728.9566829224  -96745.4048655783  -96745.4048655783
 
0.72  0.54     -96728.9566819895  -96745.5141031201  -96745.5141031201
 
0.72  0.57     -96728.9566814126  -96745.6949252002  -96745.6949252002
 
0.72  0.6     -96728.9566805242  -96745.9172890831  -96745.9172890831
 
0.72  0.63     -96728.9566795197  -96746.1287079564  -96746.1287079564
 
0.72  0.66      -96728.956678844  -96746.3329903597  -96746.3329903597
 
0.72  0.69     -96728.9566777983  -96746.5172034315  -96746.5172034315
 
0.72  0.72     -96728.9566774975   -96746.658423982   -96746.658423982
 
0.72  0.75      -96728.956676818  -96746.7488693042  -96746.7488693042
 
0.72  0.78     -96728.9566761225  -96746.7866237712  -96746.7866237712
 
0.72  0.81     -96728.9566761604  -96746.7735240189  -96746.7735240189
 
0.72  0.84     -96728.9566756586  -96746.7146161466  -96746.7146161467
 
0.72  0.87     -96728.9566757766  -96746.6182304814  -96746.6182304814
 
0.72  0.9     -96728.9566758198  -96746.4968463972  -96746.4968463972
 
0.72  0.93     -96728.9566759501  -96746.3652051727  -96746.3652051727
 
0.72  0.96     -96728.9566765524   -96746.232165929   -96746.232165929
 
0.72  0.99     -96728.9566768029  -96746.1047269424  -96746.1047269424
 
0.72  1.00     -96728.9566770833  -96746.0840563316  -96746.0840563316
 
0.76  0.00     -96728.9566765709  -96745.8230224416  -96745.8230224417
 
0.76  0.03     -96728.9566767022  -96745.7252760555  -96745.7252760554
 
0.76  0.06     -96728.9566774889  -96745.7823474834  -96745.7823474834
 
0.76  0.09     -96728.9566782055  -96745.9575786462  -96745.9575786462
 
0.76  0.12     -96728.9566787765  -96746.1421106842  -96746.1421106842
 
0.76  0.15     -96728.9566796872  -96746.2843286608  -96746.2843286608
 
0.76  0.18     -96728.9566805073  -96746.3864678814  -96746.3864678814
 
0.76  0.21     -96728.9566812324   -96746.552554555  -96746.5525545551
 
0.76  0.24     -96728.9566821407  -96746.6848783295  -96746.6848783295
 
0.76  0.27     -96728.9566825486  -96746.7458917674  -96746.7458917674
 
0.76  0.3     -96728.9566833539  -96746.7541824675  -96746.7541824675
 
0.76  0.33     -96728.9566836999  -96746.7079154533  -96746.7079154533
 
0.76  0.36     -96728.9566837876  -96746.6108734389  -96746.6108734389
 
0.76  0.39     -96728.9566843319  -96746.4672012759   -96746.467201276
 
0.76  0.42     -96728.9566841967  -96746.2854223951  -96746.2854223951
 
0.76  0.45     -96728.9566841765  -96746.0846490182  -96746.0846490181
 
0.76  0.48     -96728.9566840695  -96745.8837175578  -96745.8837175578
 
0.76  0.51      -96728.956683551  -96745.7045687763  -96745.7045687763
 
0.76  0.54     -96728.9566832565  -96745.7843914262  -96745.7843914261
 
0.76  0.57     -96728.9566823537  -96745.9544061107  -96745.9544061107
 
0.76  0.6     -96728.9566816318  -96746.1404755897  -96746.1404755897
 
0.76  0.63     -96728.9566810329    -96746.30678671    -96746.30678671
 
0.76  0.66     -96728.9566800133  -96746.4322887749  -96746.4322887749
 
0.76  0.69     -96728.9566794612  -96746.5314141662  -96746.5314141662
 
0.76  0.72     -96728.9566785264  -96746.6193757808  -96746.6193757808
 
0.76  0.75     -96728.9566779729  -96746.6717686374  -96746.6717686374
 
0.76  0.78     -96728.9566774613  -96746.6779409369  -96746.6779409369
 
0.76  0.81     -96728.9566766242  -96746.6365453903  -96746.6365453904
 
0.76  0.84     -96728.9566765275  -96746.5508697909  -96746.5508697909
 
0.76  0.87     -96728.9566761653  -96746.4279820231  -96746.4279820231
 
0.76  0.9     -96728.9566758609  -96746.2798657459  -96746.2798657459
 
0.76  0.93     -96728.9566760731  -96746.1256399842  -96746.1256399842
 
0.76  0.96      -96728.956675855  -96745.9787656798  -96745.9787656799
 
0.76  0.99      -96728.956676507   -96745.843337674   -96745.843337674
 
0.76  1.00     -96728.9566765709  -96745.8230224416  -96745.8230224417
 
0.80  0.00     -96728.9566762953  -96745.5170685296  -96745.5170685296
 
0.80  0.03     -96728.9566764796  -96745.4163392391  -96745.4163392391
 
0.80  0.06     -96728.9566771267  -96745.4847354422  -96745.4847354423
 
0.80  0.09     -96728.9566776212  -96745.6918250046  -96745.6918250046
 
0.80  0.12     -96728.9566781023  -96745.9017686205  -96745.9017686205
 
0.80  0.15      -96728.956679185  -96746.0851610937  -96746.0851610938
 
0.80  0.18     -96728.9566797105  -96746.3499125763  -96746.3499125763
 
0.80  0.21     -96728.9566804048  -96746.5780179371  -96746.5780179371
 
0.80  0.24     -96728.9566813394  -96746.7341300311  -96746.7341300311
 
0.80  0.27     -96728.9566818821  -96746.8260987752  -96746.8260987752
 
0.80  0.3      -96728.956682627  -96746.8577824242  -96746.8577824242
 
0.80  0.33     -96728.9566829503  -96746.8343145055  -96746.8343145055
 
0.80  0.36     -96728.9566834631  -96746.7603826204  -96746.7603826204
 
0.80  0.39     -96728.9566839105  -96746.6413982689  -96746.6413982688
 
0.80  0.42     -96728.9566838563  -96746.4875197641  -96746.4875197642
 
0.80  0.45     -96728.9566841954  -96746.3148887179  -96746.3148887179
 
0.80  0.48     -96728.9566841962    -96746.13596723  -96746.1359672299
 
0.80  0.51     -96728.9566836334  -96745.9699042356  -96745.9699042356
 
0.80  0.54     -96728.9566836375  -96746.0249880246  -96746.0249880246
 
0.80  0.57     -96728.9566828506  -96746.1938429982  -96746.1938429982
 
0.80  0.6     -96728.9566824113  -96746.3645243599  -96746.3645243599
 
0.80  0.63     -96728.9566815718  -96746.5077087449  -96746.5077087448
 
0.80  0.66     -96728.9566808602  -96746.6000808198  -96746.6000808198
 
0.80  0.69     -96728.9566803039  -96746.6351828176  -96746.6351828177
 
0.80  0.72     -96728.9566794644   -96746.620721054   -96746.620721054
 
0.80  0.75     -96728.9566786953  -96746.5974417301  -96746.5974417301
 
0.80  0.78     -96728.9566782944  -96746.5584746125  -96746.5584746125
 
0.80  0.81     -96728.9566774682  -96746.4812987991  -96746.4812987991
 
0.80  0.84     -96728.9566769628  -96746.3641460713  -96746.3641460713
 
0.80  0.87     -96728.9566765179  -96746.2113247849  -96746.2113247849
 
0.80  0.9     -96728.9566762219  -96746.0322617185  -96746.0322617185
 
0.80  0.93     -96728.9566763291  -96745.8472484769  -96745.8472484769
 
0.80  0.96     -96728.9566759288  -96745.6813501152  -96745.6813501152
 
0.80  0.99     -96728.9566762904  -96745.5364394335  -96745.5364394335
 
0.80  1.00     -96728.9566762953  -96745.5170685296  -96745.5170685296
 
0.84  0.00     -96728.9566756499  -96745.1664454782  -96745.1664454781
 
0.84  0.03      -96728.956675887  -96745.0647326688  -96745.0647326688
 
0.84  0.06     -96728.9566760533  -96745.1708011618  -96745.1708011618
 
0.84  0.09     -96728.9566764348  -96745.4268740906  -96745.4268740906
 
0.84  0.12     -96728.9566773965  -96745.6773035727  -96745.6773035727
 
0.84  0.15     -96728.9566775764  -96746.0300199363  -96746.0300199363
 
0.84  0.18      -96728.956678571  -96746.3604757935  -96746.3604757935
 
0.84  0.21     -96728.9566795612  -96746.6060724417  -96746.6060724418
 
0.84  0.24     -96728.9566802136  -96746.7832918937  -96746.7832918937
 
0.84  0.27     -96728.9566812015   -96746.894998939   -96746.894998939
 
0.84  0.3     -96728.9566817541  -96746.9459871085  -96746.9459871085
 
0.84  0.33     -96728.9566825721  -96746.9417889526  -96746.9417889526
 
0.84  0.36     -96728.9566832875  -96746.8877940855  -96746.8877940855
 
0.84  0.39      -96728.956683497  -96746.7903308752  -96746.7903308752
 
0.84  0.42     -96728.9566841982  -96746.6598268295  -96746.6598268295
 
0.84  0.45     -96728.9566844422  -96746.5093786235  -96746.5093786236
 
0.84  0.48     -96728.9566845028  -96746.3489939787  -96746.3489939787
 
0.84  0.51     -96728.9566845964  -96746.1962866345  -96746.1962866345
 
0.84  0.54     -96728.9566841206  -96746.2310449778  -96746.2310449778
 
0.84  0.57     -96728.9566839733  -96746.4022003827  -96746.4022003827
 
0.84  0.6     -96728.9566834312  -96746.5684240747  -96746.5684240747
 
0.84  0.63     -96728.9566825959  -96746.6992645616  -96746.6992645616
 
0.84  0.66     -96728.9566820974  -96746.7742027263  -96746.7742027263
 
0.84  0.69     -96728.9566811852  -96746.7842142579  -96746.7842142579
 
0.84  0.72     -96728.9566806469  -96746.7284746622  -96746.7284746622
 
0.84  0.75     -96728.9566796632  -96746.6130824576  -96746.6130824576
 
0.84  0.78     -96728.9566788352  -96746.4574093978  -96746.4574093978
 
0.84  0.81     -96728.9566781886  -96746.3177378845  -96746.3177378845
 
0.84  0.84     -96728.9566774628  -96746.1594039932  -96746.1594039932
 
0.84  0.87     -96728.9566767506  -96745.9716817945  -96745.9716817945
 
0.84  0.9     -96728.9566762907  -96745.7585250141  -96745.7585250141
 
0.84  0.93     -96728.9566758033  -96745.5349291978  -96745.5349291978
 
0.84  0.96     -96728.9566758548   -96745.340471873   -96745.340471873
 
0.84  0.99     -96728.9566756736  -96745.1841196493  -96745.1841196493
 
0.84  1.00     -96728.9566756499  -96745.1664454782  -96745.1664454781
 
0.88  0.00     -96728.9566753973  -96744.7713245515  -96744.7713245514
 
0.88  0.03     -96728.9566754086  -96744.6723296199  -96744.6723296199
 
0.88  0.06     -96728.9566754882  -96744.8766996602  -96744.8766996602
 
0.88  0.09     -96728.9566756071  -96745.1791536958  -96745.1791536958
 
0.88  0.12      -96728.956675982  -96745.6043628301    -96745.60436283
 
0.88  0.15     -96728.9566763776  -96746.0351818976  -96746.0351818976
 
0.88  0.18     -96728.9566771358  -96746.3681324916  -96746.3681324917
 
0.88  0.21     -96728.9566780228  -96746.6304737505  -96746.6304737505
 
0.88  0.24     -96728.9566784766  -96746.8233372007  -96746.8233372007
 
0.88  0.27     -96728.9566796469  -96746.9504241338  -96746.9504241337
 
0.88  0.3     -96728.9566802872  -96747.0167852663  -96747.0167852663
 
0.88  0.33     -96728.9566812269  -96747.0281261318  -96747.0281261318
 
0.88  0.36     -96728.9566820887  -96746.9904310757  -96746.9904310757
 
0.88  0.39      -96728.956682736  -96746.9106085762  -96746.9106085762
 
0.88  0.42      -96728.956683677  -96746.7986683073  -96746.7986683073
 
0.88  0.45     -96728.9566840658  -96746.6656815575  -96746.6656815575
 
0.88  0.48     -96728.9566844989  -96746.5207311785  -96746.5207311785
 
0.88  0.51     -96728.9566849367  -96746.3803954012  -96746.3803954012
 
0.88  0.54     -96728.9566847094  -96746.3978143091  -96746.3978143092
 
0.88  0.57     -96728.9566846469   -96746.571900989   -96746.571900989
 
0.88  0.6     -96728.9566843491   -96746.737598402   -96746.737598402
 
0.88  0.63     -96728.9566839414  -96746.8621080273  -96746.8621080273
 
0.88  0.66     -96728.9566836606  -96746.9261960208  -96746.9261960208
 
0.88  0.69     -96728.9566827382  -96746.9207157723  -96746.9207157723
 
0.88  0.72     -96728.9566822204  -96746.8430730124  -96746.8430730123
 
0.88  0.75     -96728.9566814569  -96746.6962842112  -96746.6962842112
 
0.88  0.78     -96728.9566803245   -96746.488988242  -96746.4889882419
 
0.88  0.81     -96728.9566795445  -96746.2348000771  -96746.2348000771
 
0.88  0.84     -96728.9566786319  -96745.9597235644  -96745.9597235644
 
0.88  0.87     -96728.9566779325  -96745.7187673949  -96745.7187673948
 
0.88  0.9      -96728.956677214  -96745.4652966528  -96745.4652966528
 
0.88  0.93     -96728.9566763505  -96745.1988143328  -96745.1988143328
 
0.88  0.96     -96728.9566760263  -96744.9579885649  -96744.9579885648
 
0.88  0.99     -96728.9566757268  -96744.7865529093  -96744.7865529093
 
0.88  1.00     -96728.9566753973  -96744.7713245515  -96744.7713245514
 
0.92  0.00     -96728.9566760038  -96744.3319382492  -96744.3319382492
 
0.92  0.03     -96728.9566759632  -96744.2595944326  -96744.2595944326
 
0.92  0.06     -96728.9566758182  -96744.6026157135  -96744.6026157135
 
0.92  0.09     -96728.9566756088  -96745.1321443423  -96745.1321443423
 
0.92  0.12      -96728.956676005  -96745.6136801641  -96745.6136801641
 
0.92  0.15     -96728.9566761858  -96746.0306546874  -96746.0306546874
 
0.92  0.18     -96728.9566766332  -96746.3761972699  -96746.3761972699
 
0.92  0.21     -96728.9566771479  -96746.6497420719  -96746.6497420719
 
0.92  0.24     -96728.9566776668  -96746.8535360975  -96746.8535360974
 
0.92  0.27     -96728.9566786921  -96746.9915246663  -96746.9915246663
 
0.92  0.3     -96728.9566793401  -96747.0688748853  -96747.0688748853
 
0.92  0.33     -96728.9566801459  -96747.0915446322  -96747.0915446322
 
0.92  0.36     -96728.9566810248  -96747.0660326655  -96747.0660326655
 
0.92  0.39     -96728.9566817463  -96746.9995861984  -96746.9995861984
 
0.92  0.42     -96728.9566825428  -96746.9016274735  -96746.9016274735
 
0.92  0.45     -96728.9566833231  -96746.7819836232  -96746.7819836232
 
0.92  0.48     -96728.9566837398    -96746.64937389    -96746.64937389
 
0.92  0.51     -96728.9566843249  -96746.5196543834  -96746.5196543834
 
0.92  0.54     -96728.9566841625   -96746.521426073   -96746.521426073
 
0.92  0.57     -96728.9566845362  -96746.6974999735  -96746.6974999735
 
0.92  0.6     -96728.9566843864  -96746.8638089767  -96746.8638089768
 
0.92  0.63     -96728.9566840373  -96746.9850297993  -96746.9850297993
 
0.92  0.66     -96728.9566840588  -96747.0423921159   -96747.042392116
 
0.92  0.69     -96728.9566833937  -96747.0269039644  -96747.0269039644
 
0.92  0.72     -96728.9566830337  -96746.9350712441  -96746.9350712441
 
0.92  0.75     -96728.9566822298  -96746.7684719707  -96746.7684719707
 
0.92  0.78     -96728.9566814507  -96746.5342442284  -96746.5342442283
 
0.92  0.81     -96728.9566808102  -96746.2442792805  -96746.2442792805
 
0.92  0.84     -96728.9566796202  -96745.9123737913  -96745.9123737913
 
0.92  0.87     -96728.9566788359  -96745.5504180074  -96745.5504180074
 
0.92  0.9     -96728.9566783218  -96745.1771012388  -96745.1771012389
 
0.92  0.93     -96728.9566773709  -96744.8541946272  -96744.8541946271
 
0.92  0.96     -96728.9566769385  -96744.5431078443  -96744.5431078442
 
0.92  0.99     -96728.9566762439  -96744.3441504272  -96744.3441504272
 
0.92  1.00     -96728.9566760038  -96744.3319382492  -96744.3319382492
 
0.96  0.00     -96728.9566764969  -96743.8487708501    -96743.84877085
 
0.96  0.03     -96728.9566760129   -96743.951953061  -96743.9519530611
 
0.96  0.06     -96728.9566754856  -96744.5473018647  -96744.5473018647
 
0.96  0.09     -96728.9566756438  -96745.1104792609  -96745.1104792608
 
0.96  0.12     -96728.9566754868  -96745.6086879015  -96745.6086879015
 
0.96  0.15     -96728.9566758284  -96746.0342276249   -96746.034227625
 
0.96  0.18      -96728.956675936  -96746.3858637774  -96746.3858637775
 
0.96  0.21     -96728.9566764879  -96746.6648869476  -96746.6648869476
 
0.96  0.24     -96728.9566773533  -96746.8741627608  -96746.8741627609
 
0.96  0.27     -96728.9566777451  -96747.0178451646  -96747.0178451646
 
0.96  0.3     -96728.9566786074   -96747.101237031   -96747.101237031
 
0.96  0.33     -96728.9566794282  -96747.1306115555  -96747.1306115555
 
0.96  0.36      -96728.956680161  -96747.1128884499  -96747.1128884499
 
0.96  0.39     -96728.9566811784  -96747.0554398827  -96747.0554398828
 
0.96  0.42     -96728.9566818673  -96746.9671004536  -96746.9671004536
 
0.96  0.45     -96728.9566828226  -96746.8569330122  -96746.8569330122
 
0.96  0.48     -96728.9566834475  -96746.7335347148  -96746.7335347148
 
0.96  0.51     -96728.9566837259  -96746.6122382621  -96746.6122382621
 
0.96  0.54     -96728.9566844307  -96746.5993408065  -96746.5993408064
 
0.96  0.57     -96728.9566845123  -96746.7754360988  -96746.7754360988
 
0.96  0.6     -96728.9566846831  -96746.9425494939  -96746.9425494939
 
0.96  0.63     -96728.9566846606  -96747.0621672054  -96747.0621672054
 
0.96  0.66     -96728.9566841705   -96747.115721092   -96747.115721092
 
0.96  0.69     -96728.9566841894  -96747.0944790704  -96747.0944790704
 
0.96  0.72     -96728.9566835606   -96746.994292698  -96746.9942926979
 
0.96  0.75     -96728.9566828366  -96746.8155193959   -96746.815519396
 
0.96  0.78     -96728.9566824389  -96746.5643217061  -96746.5643217061
 
0.96  0.81     -96728.9566811911  -96746.2523539733  -96746.2523539733
 
0.96  0.84     -96728.9566806444  -96745.8939495045  -96745.8939495046
 
0.96  0.87     -96728.9566795472  -96745.5003238933  -96745.5003238934
 
0.96  0.9     -96728.9566786709  -96745.0762335416  -96745.0762335415
 
0.96  0.93      -96728.956678017  -96744.6234214771  -96744.6234214771
 
0.96  0.96     -96728.9566772507  -96744.1538174459  -96744.1538174459
 
0.96  0.99     -96728.9566766145  -96743.8578461907  -96743.8578461907
 
0.96  1.00     -96728.9566764969  -96743.8487708501    -96743.84877085
 
1.00  0.00     -96728.9566770991  -96740.1826440973  -96740.1826440972
 
1.00  0.03     -96728.9566762336  -96743.9497335575  -96743.9497335575
 
1.00  0.06      -96728.956675696  -96744.5751184181  -96744.5751184181
 
1.00  0.09     -96728.9566754652  -96745.1381902306  -96745.1381902306
 
1.00  0.12     -96728.9566751175  -96745.6316107004  -96745.6316107004
 
1.00  0.15     -96728.9566750158  -96746.0524615816  -96746.0524615816
 
1.00  0.18     -96728.9566752883   -96746.400472989   -96746.400472989
 
1.00  0.21     -96728.9566754669  -96746.6770922717  -96746.6770922717
 
1.00  0.24     -96728.9566760842   -96746.885128668   -96746.885128668
 
1.00  0.27     -96728.9566765228  -96747.0286465558  -96747.0286465558
 
1.00  0.3     -96728.9566772637  -96747.1129073047  -96747.1129073047
 
1.00  0.33     -96728.9566782294  -96747.1442622516  -96747.1442622516
 
1.00  0.36     -96728.9566788465  -96747.1298520869  -96747.1298520869
 
1.00  0.39     -96728.9566801315  -96747.0769808509  -96747.0769808509
 
1.00  0.42     -96728.9566808512  -96746.9940274574  -96746.9940274574
 
1.00  0.45     -96728.9566818188  -96746.8896026516  -96746.8896026516
 
1.00  0.48     -96728.9566827613   -96746.772291887  -96746.7722918869
 
1.00  0.51     -96728.9566834396  -96746.6570850842  -96746.6570850842
 
1.00  0.54     -96728.9566841406   -96746.630491544   -96746.630491544
 
1.00  0.57     -96728.9566846474  -96746.8036179952  -96746.8036179952
 
1.00  0.6     -96728.9566847675  -96746.9715064004  -96746.9715064005
 
1.00  0.63     -96728.9566852383  -96747.0909772281  -96747.0909772282
 
1.00  0.66     -96728.9566849514  -96747.1431462743  -96747.1431462743
 
1.00  0.69     -96728.9566849084    -96747.11969297  -96747.1196929699
 
1.00  0.72     -96728.9566845963  -96747.0159503221  -96747.0159503221
 
1.00  0.75     -96728.9566840328  -96746.8317862246  -96746.8317862246
 
1.00  0.78     -96728.9566834175  -96746.5733775807  -96746.5733775807
 
1.00  0.81     -96728.9566825527  -96746.2528829965  -96746.2528829965
 
1.00  0.84     -96728.9566817665  -96745.8852300681   -96745.885230068
 
1.00  0.87     -96728.9566810289  -96745.4802225138  -96745.4802225138
 
1.00  0.9     -96728.9566796226  -96745.0386537388  -96745.0386537388
 
1.00  0.93     -96728.9566790226  -96744.5587006159  -96744.5587006159
 
1.00  0.96     -96728.9566780004  -96744.0604018785  -96744.0604018785
 
1.00  0.99     -96728.9566773234  -96743.5494510033  -96743.5494510033
 
1.00  1.00     -96728.9566770991  -96740.1826440973  -96740.1826440972
