0.00  0.00     -99555.4221694743  -99580.7721065297  -99580.7721065297
 
0.00  0.03     -99555.4221695776  -99580.7431176413  -99580.7431176412
 
0.00  0.06     -99555.4221696619  -99580.6506873327  -99580.6506873328
 
0.00  0.09     -99555.4221694328  -99580.4880439065  -99580.4880439064
 
0.00  0.12     -99555.4221696041  -99580.2498509797  -99580.2498509797
 
0.00  0.15     -99555.4221695169  -99579.9327081266  -99579.9327081266
 
0.00  0.18     -99555.4221693668  -99579.5358388119  -99579.5358388119
 
0.00  0.21     -99555.4221695853  -99579.0618743654  -99579.0618743654
 
0.00  0.24     -99555.4221694047  -99578.5227432119  -99578.5227432119
 
0.00  0.27      -99555.422169475  -99577.9359812548  -99577.9359812548
 
0.00  0.3     -99555.4221695216  -99577.3078502824  -99577.3078502824
 
0.00  0.33     -99555.4221694355   -99576.641977539  -99576.6419775391
 
0.00  0.36     -99555.4221695493  -99577.0606842274  -99577.0606842274
 
0.00  0.39      -99555.422169409  -99577.6015269014  -99577.6015269015
 
0.00  0.42      -99555.422169527  -99578.1162887719  -99578.1162887719
 
0.00  0.45     -99555.4221695453  -99578.6042769692  -99578.6042769691
 
0.00  0.48     -99555.4221694372  -99579.0539895504  -99579.0539895503
 
0.00  0.51     -99555.4221696688  -99579.4668871889   -99579.466887189
 
0.00  0.54     -99555.4221696644  -99579.8388776759  -99579.8388776758
 
0.00  0.57      -99555.422169569  -99580.1562636039  -99580.1562636039
 
0.00  0.6     -99555.4221696664  -99580.4017909049   -99580.401790905
 
0.00  0.63     -99555.4221695408  -99580.5620626974  -99580.5620626973
 
0.00  0.66     -99555.4221696299  -99580.6300031622  -99580.6300031622
 
0.00  0.69     -99555.4221697999  -99580.6049362149  -99580.6049362149
 
0.00  0.72     -99555.4221697366  -99580.4930431446  -99580.4930431445
 
0.00  0.75     -99555.4221697503  -99580.3102030326  -99580.3102030326
 
0.00  0.78     -99555.4221698752  -99580.0899813322  -99580.0899813322
 
0.00  0.81      -99555.422169747  -99580.0692219844  -99580.0692219844
 
0.00  0.84     -99555.4221698218  -99580.2468214512  -99580.2468214512
 
0.00  0.87     -99555.4221698229  -99580.4097577644  -99580.4097577645
 
0.00  0.9     -99555.4221697598  -99580.5444923117  -99580.5444923117
 
0.00  0.93     -99555.4221698099  -99580.6494646224  -99580.6494646225
 
0.00  0.96     -99555.4221696696  -99580.7254900427  -99580.7254900426
 
0.00  0.99      -99555.422169558  -99580.7678466064  -99580.7678466065
 
0.00  1.00     -99555.4221694743  -99580.7721065297  -99580.7721065297
 
0.04  0.00     -99555.4221696316   -99580.756215739   -99580.756215739
 
0.04  0.03     -99555.4221697234  -99580.7296413476  -99580.7296413477
 
0.04  0.06     -99555.4221695016  -99580.6378697961  -99580.6378697961
 
0.04  0.09     -99555.4221697138  -99580.4739613873  -99580.4739613873
 
0.04  0.12     -99555.4221694918  -99580.2319882728  -99580.2319882727
 
0.04  0.15      -99555.422169396  -99579.9071120256  -99579.9071120256
 
0.04  0.18      -99555.422169598  -99579.4958832678  -99579.4958832678
 
0.04  0.21      -99555.422169373   -99578.996774031  -99578.9967740309
 
0.04  0.24     -99555.4221695568  -99578.4134262108  -99578.4134262108
 
0.04  0.27     -99555.4221695628  -99577.7587958556  -99577.7587958556
 
0.04  0.3     -99555.4221694221   -99577.257038126   -99577.257038126
 
0.04  0.33     -99555.4221695196   -99577.144380189   -99577.144380189
 
0.04  0.36     -99555.4221694472  -99577.2905961225  -99577.2905961226
 
0.04  0.39     -99555.4221695782  -99577.6348241815  -99577.6348241814
 
0.04  0.42     -99555.4221694383  -99578.1272289999  -99578.1272289999
 
0.04  0.45     -99555.4221694505  -99578.5946998073  -99578.5946998073
 
0.04  0.48     -99555.4221695799  -99579.0381688365  -99579.0381688365
 
0.04  0.51     -99555.4221696146  -99579.4505999133  -99579.4505999133
 
0.04  0.54     -99555.4221695163  -99579.8208962095  -99579.8208962096
 
0.04  0.57     -99555.4221696428  -99580.1345955126  -99580.1345955125
 
0.04  0.6     -99555.4221697476  -99580.3759806865  -99580.3759806865
 
0.04  0.63     -99555.4221696074  -99580.5326493543  -99580.5326493542
 
0.04  0.66     -99555.4221696831  -99580.5978537929   -99580.597853793
 
0.04  0.69     -99555.4221697395  -99580.5709738552  -99580.5709738553
 
0.04  0.72      -99555.422169744  -99580.4582457083  -99580.4582457082
 
0.04  0.75     -99555.4221698453  -99580.2755372005  -99580.2755372005
 
0.04  0.78     -99555.4221697342  -99580.0551724177  -99580.0551724178
 
0.04  0.81     -99555.4221697921  -99580.0227363972  -99580.0227363972
 
0.04  0.84     -99555.4221698041  -99580.2087949508  -99580.2087949508
 
0.04  0.87       -99555.42216969  -99580.3771609479  -99580.3771609479
 
0.04  0.9     -99555.4221698524  -99580.5165653263  -99580.5165653264
 
0.04  0.93     -99555.4221698798  -99580.6265403485  -99580.6265403486
 
0.04  0.96     -99555.4221697693  -99580.7083298363  -99580.7083298363
 
0.04  0.99     -99555.4221696614  -99580.7528860693  -99580.7528860693
 
0.04  1.00     -99555.4221696316   -99580.756215739   -99580.756215739
 
0.08  0.00     -99555.4221697565  -99580.7102534355  -99580.7102534355
 
0.08  0.03     -99555.4221695261  -99580.6928560635  -99580.6928560635
 
0.08  0.06     -99555.4221696094  -99580.6090662439  -99580.6090662439
 
0.08  0.09     -99555.4221696906  -99580.4519564527  -99580.4519564527
 
0.08  0.12     -99555.4221694925  -99580.2156473301  -99580.2156473301
 
0.08  0.15      -99555.422169722  -99579.8955548863  -99579.8955548862
 
0.08  0.18     -99555.4221694153  -99579.4889444567  -99579.4889444567
 
0.08  0.21     -99555.4221695678  -99578.9957743805  -99578.9957743806
 
0.08  0.24     -99555.4221694758  -99578.4211552886  -99578.4211552886
 
0.08  0.27     -99555.4221693406  -99577.8909073697  -99577.8909073698
 
0.08  0.3     -99555.4221695245  -99577.5925027871  -99577.5925027871
 
0.08  0.33     -99555.4221694542  -99577.6248172068  -99577.6248172068
 
0.08  0.36     -99555.4221693879  -99577.7787611119  -99577.7787611118
 
0.08  0.39     -99555.4221695638  -99577.9375862412  -99577.9375862412
 
0.08  0.42     -99555.4221692948  -99578.1680938154  -99578.1680938154
 
0.08  0.45     -99555.4221695263  -99578.6152296492  -99578.6152296492
 
0.08  0.48     -99555.4221695489  -99579.0375576004  -99579.0375576004
 
0.08  0.51     -99555.4221695308  -99579.4291433187  -99579.4291433187
 
0.08  0.54     -99555.4221695909  -99579.7803599797  -99579.7803599797
 
0.08  0.57     -99555.4221696114  -99580.0777947436  -99580.0777947436
 
0.08  0.6     -99555.4221695887  -99580.3063698497  -99580.3063698496
 
0.08  0.63     -99555.4221696711  -99580.4535780366  -99580.4535780367
 
0.08  0.66     -99555.4221697806  -99580.5122073171  -99580.5122073171
 
0.08  0.69     -99555.4221696249  -99580.4812135899  -99580.4812135899
 
0.08  0.72     -99555.4221697258  -99580.3666959075  -99580.3666959076
 
0.08  0.75      -99555.422169847  -99580.1846931875  -99580.1846931875
 
0.08  0.78     -99555.4221698584  -99579.9667721812  -99579.9667721812
 
0.08  0.81     -99555.4221698424  -99579.9200280035  -99579.9200280035
 
0.08  0.84     -99555.4221697854  -99580.1163167766  -99580.1163167766
 
0.08  0.87      -99555.422169789  -99580.2930007479  -99580.2930007479
 
0.08  0.9     -99555.4221697703  -99580.4407079652  -99580.4407079652
 
0.08  0.93     -99555.4221697227  -99580.5539305166  -99580.5539305166
 
0.08  0.96     -99555.4221699328  -99580.6476218731  -99580.6476218731
 
0.08  0.99     -99555.4221696981  -99580.7056684455  -99580.7056684454
 
0.08  1.00     -99555.4221697565  -99580.7102534355  -99580.7102534355
 
0.12  0.00     -99555.4221695795  -99580.6366346558  -99580.6366346558
 
0.12  0.03     -99555.4221696257  -99580.6331773978  -99580.6331773978
 
0.12  0.06     -99555.4221697019  -99580.5618235743  -99580.5618235744
 
0.12  0.09     -99555.4221696533   -99580.415789116   -99580.415789116
 
0.12  0.12     -99555.4221697656  -99580.1892319162  -99580.1892319162
 
0.12  0.15     -99555.4221695403  -99579.8778043839  -99579.8778043839
 
0.12  0.18     -99555.4221694552  -99579.4794021342  -99579.4794021342
 
0.12  0.21     -99555.4221695929  -99578.9953620261  -99578.9953620261
 
0.12  0.24     -99555.4221693876  -99578.4715985928  -99578.4715985928
 
0.12  0.27     -99555.4221694961  -99578.1994471272  -99578.1994471272
 
0.12  0.3     -99555.4221695554  -99577.9554155455  -99577.9554155454
 
0.12  0.33     -99555.4221692846  -99578.0687305385  -99578.0687305385
 
0.12  0.36     -99555.4221694923  -99578.2294231839   -99578.229423184
 
0.12  0.39     -99555.4221693457  -99578.3528895997  -99578.3528895997
 
0.12  0.42     -99555.4221694548  -99578.6615568808  -99578.6615568808
 
0.12  0.45     -99555.4221694854  -99578.9410983879   -99578.941098388
 
0.12  0.48     -99555.4221694384  -99579.1858680923  -99579.1858680923
 
0.12  0.51     -99555.4221695802  -99579.4106859402  -99579.4106859402
 
0.12  0.54     -99555.4221695028  -99579.7253997292  -99579.7253997292
 
0.12  0.57       -99555.42216961  -99579.9935784086  -99579.9935784086
 
0.12  0.6     -99555.4221696183  -99580.1996332735  -99580.1996332734
 
0.12  0.63     -99555.4221696362  -99580.3304702039  -99580.3304702038
 
0.12  0.66     -99555.4221697349   -99580.377855541  -99580.3778555411
 
0.12  0.69     -99555.4221697463  -99580.3398087049  -99580.3398087049
 
0.12  0.72      -99555.422169802  -99580.2219827272  -99580.2219827272
 
0.12  0.75     -99555.4221697409  -99580.0407207703  -99580.0407207703
 
0.12  0.78     -99555.4221697873  -99579.8271733606  -99579.8271733606
 
0.12  0.81     -99555.4221697235  -99579.7619531249   -99579.761953125
 
0.12  0.84     -99555.4221698007  -99579.9701214283  -99579.9701214283
 
0.12  0.87     -99555.4221699121  -99580.1578766977  -99580.1578766977
 
0.12  0.9     -99555.4221698356  -99580.3081229741   -99580.308122974
 
0.12  0.93     -99555.4221698087  -99580.4430728063  -99580.4430728063
 
0.12  0.96     -99555.4221696398  -99580.5541020861  -99580.5541020862
 
0.12  0.99     -99555.4221696558  -99580.6288015783  -99580.6288015783
 
0.12  1.00     -99555.4221695795  -99580.6366346558  -99580.6366346558
 
0.16  0.00     -99555.4221697094    -99580.53602814    -99580.53602814
 
0.16  0.03     -99555.4221696358  -99580.5492980576  -99580.5492980576
 
0.16  0.06     -99555.4221696359  -99580.4932696706  -99580.4932696706
 
0.16  0.09     -99555.4221697201  -99580.3613202845  -99580.3613202845
 
0.16  0.12     -99555.4221695268  -99580.1476720139  -99580.1476720139
 
0.16  0.15     -99555.4221695171  -99579.8484234234  -99579.8484234234
 
0.16  0.18      -99555.422169792  -99579.4628714288  -99579.4628714288
 
0.16  0.21     -99555.4221695988  -99578.9900138243  -99578.9900138243
 
0.16  0.24     -99555.4221696576  -99578.7547319804  -99578.7547319805
 
0.16  0.27     -99555.4221695774  -99578.5139394598  -99578.5139394598
 
0.16  0.3     -99555.4221694031  -99578.3474379325  -99578.3474379325
 
0.16  0.33     -99555.4221695077  -99578.4757445037  -99578.4757445037
 
0.16  0.36     -99555.4221694491  -99578.6416614259  -99578.6416614259
 
0.16  0.39     -99555.4221695246  -99578.8006458369  -99578.8006458368
 
0.16  0.42     -99555.4221694048  -99579.0239555803  -99579.0239555803
 
0.16  0.45     -99555.4221693461  -99579.2768113103  -99579.2768113103
 
0.16  0.48     -99555.4221694799  -99579.4918632904  -99579.4918632903
 
0.16  0.51     -99555.4221694365   -99579.663247497  -99579.6632474971
 
0.16  0.54     -99555.4221694728  -99579.7900641176  -99579.7900641175
 
0.16  0.57      -99555.422169581  -99579.9041069375  -99579.9041069375
 
0.16  0.6       -99555.42216958  -99580.0703321717  -99580.0703321718
 
0.16  0.63      -99555.422169639  -99580.1746908599  -99580.1746908599
 
0.16  0.66     -99555.4221696808  -99580.2043135945  -99580.2043135945
 
0.16  0.69     -99555.4221697783  -99580.1550067451  -99580.1550067451
 
0.16  0.72     -99555.4221697408  -99580.0310990403  -99580.0310990403
 
0.16  0.75     -99555.4221698469  -99579.8492098672  -99579.8492098671
 
0.16  0.78     -99555.4221697527  -99579.6407648503  -99579.6407648502
 
0.16  0.81      -99555.422169774  -99579.5501018811   -99579.550101881
 
0.16  0.84     -99555.4221697521  -99579.7714326276  -99579.7714326276
 
0.16  0.87     -99555.4221696392  -99579.9602898707  -99579.9602898707
 
0.16  0.9     -99555.4221698307  -99580.1375273142  -99580.1375273143
 
0.16  0.93     -99555.4221698425  -99580.2920059396  -99580.2920059396
 
0.16  0.96     -99555.4221697682  -99580.4284524617  -99580.4284524617
 
0.16  0.99      -99555.422169813  -99580.5236618927  -99580.5236618928
 
0.16  1.00     -99555.4221697094    -99580.53602814    -99580.53602814
 
0.20  0.00     -99555.4221696708  -99580.4080869472  -99580.4080869472
 
0.20  0.03     -99555.4221695889   -99580.440135162  -99580.4401351619
 
0.20  0.06     -99555.4221698444  -99580.4019491927  -99580.4019491927
 
0.20  0.09     -99555.4221696431  -99580.2871003429  -99580.2871003429
 
0.20  0.12     -99555.4221696529  -99580.0901950864  -99580.0901950864
 
0.20  0.15     -99555.4221697621   -99579.808800664  -99579.8088006639
 
0.20  0.18     -99555.4221695958  -99579.4482347826  -99579.4482347826
 
0.20  0.21     -99555.4221696844    -99579.24477991    -99579.24477991
 
0.20  0.24     -99555.4221695015  -99579.0438382851  -99579.0438382852
 
0.20  0.27     -99555.4221695688   -99578.840917434   -99578.840917434
 
0.20  0.3     -99555.4221696366  -99578.7141001393  -99578.7141001393
 
0.20  0.33     -99555.4221695299  -99578.8454527179  -99578.8454527178
 
0.20  0.36     -99555.4221693874  -99579.0145594367  -99579.0145594367
 
0.20  0.39     -99555.4221694651  -99579.1780624559  -99579.1780624558
 
0.20  0.42     -99555.4221693106  -99579.3582818606  -99579.3582818606
 
0.20  0.45     -99555.4221694529  -99579.5799792246  -99579.5799792246
 
0.20  0.48      -99555.422169465  -99579.7676618755  -99579.7676618755
 
0.20  0.51     -99555.4221694215  -99579.9089980783  -99579.9089980783
 
0.20  0.54     -99555.4221694858  -99579.9978190402  -99579.9978190403
 
0.20  0.57     -99555.4221695126  -99580.0320510926  -99580.0320510926
 
0.20  0.6     -99555.4221694332  -99580.0173570879  -99580.0173570878
 
0.20  0.63     -99555.4221696679  -99580.0124850475  -99580.0124850475
 
0.20  0.66     -99555.4221697979  -99580.0094457741  -99580.0094457741
 
0.20  0.69     -99555.4221697122  -99579.9414460784  -99579.9414460784
 
0.20  0.72     -99555.4221698043  -99579.8064064373  -99579.8064064373
 
0.20  0.75     -99555.4221697311  -99579.6189481206  -99579.6189481205
 
0.20  0.78     -99555.4221697827  -99579.4137120238  -99579.4137120238
 
0.20  0.81     -99555.4221697663  -99579.2341566539   -99579.234156654
 
0.20  0.84     -99555.4221698081  -99579.5059370626  -99579.5059370626
 
0.20  0.87     -99555.4221698214   -99579.726232815   -99579.726232815
 
0.20  0.9     -99555.4221696584  -99579.9224732469  -99579.9224732469
 
0.20  0.93      -99555.422169776  -99580.1057455966  -99580.1057455966
 
0.20  0.96     -99555.4221697978  -99580.2735101044  -99580.2735101044
 
0.20  0.99     -99555.4221696042  -99580.3902718857  -99580.3902718856
 
0.20  1.00     -99555.4221696708  -99580.4080869472  -99580.4080869472
 
0.24  0.00     -99555.4221695438   -99580.253075783   -99580.253075783
 
0.24  0.03     -99555.4221697347  -99580.3059428691  -99580.3059428692
 
0.24  0.06     -99555.4221694246  -99580.2884420152  -99580.2884420153
 
0.24  0.09     -99555.4221696355    -99580.19471998    -99580.19471998
 
0.24  0.12     -99555.4221697598  -99580.0210555274  -99580.0210555273
 
0.24  0.15     -99555.4221696387  -99579.7721328909  -99579.7721328909
 
0.24  0.18        -99555.4221697  -99579.6443619583  -99579.6443619582
 
0.24  0.21     -99555.4221696103  -99579.5092025948  -99579.5092025949
 
0.24  0.24     -99555.4221696703  -99579.3306255492  -99579.3306255492
 
0.24  0.27     -99555.4221696576  -99579.1485332432  -99579.1485332432
 
0.24  0.3     -99555.4221695534  -99579.0418161504  -99579.0418161504
 
0.24  0.33     -99555.4221695072  -99579.1763467713  -99579.1763467712
 
0.24  0.36     -99555.4221696102  -99579.3464765043  -99579.3464765043
 
0.24  0.39     -99555.4221695034  -99579.5102655916  -99579.5102655916
 
0.24  0.42     -99555.4221694321  -99579.6674893991  -99579.6674893991
 
0.24  0.45     -99555.4221694946  -99579.8492506037  -99579.8492506037
 
0.24  0.48     -99555.4221693955  -99580.0095868513  -99580.0095868514
 
0.24  0.51     -99555.4221693793  -99580.1243929639  -99580.1243929639
 
0.24  0.54     -99555.4221695408   -99580.184196933  -99580.1841969329
 
0.24  0.57     -99555.4221694414  -99580.1835333054  -99580.1835333054
 
0.24  0.6     -99555.4221695116  -99580.1209691506  -99580.1209691506
 
0.24  0.63     -99555.4221694873  -99580.0011684841  -99580.0011684841
 
0.24  0.66     -99555.4221696166   -99579.847451477   -99579.847451477
 
0.24  0.69     -99555.4221697128  -99579.7243148045  -99579.7243148045
 
0.24  0.72     -99555.4221697155  -99579.5668636493  -99579.5668636492
 
0.24  0.75     -99555.4221698412  -99579.3633755466  -99579.3633755466
 
0.24  0.78      -99555.422169645   -99579.161234771   -99579.161234771
 
0.24  0.81      -99555.422169708  -99578.9684340487  -99578.9684340487
 
0.24  0.84     -99555.4221698204  -99579.2077623415  -99579.2077623414
 
0.24  0.87     -99555.4221697166  -99579.4457109854  -99579.4457109853
 
0.24  0.9      -99555.422169763  -99579.6656046031  -99579.6656046031
 
0.24  0.93     -99555.4221697576  -99579.8934457553  -99579.8934457554
 
0.24  0.96       -99555.42216966   -99580.090270077   -99580.090270077
 
0.24  0.99     -99555.4221697068  -99580.2288224061  -99580.2288224061
 
0.24  1.00     -99555.4221695438   -99580.253075783   -99580.253075783
 
0.28  0.00     -99555.4221696366  -99580.0727215446  -99580.0727215446
 
0.28  0.03     -99555.4221695265  -99580.1490702509  -99580.1490702509
 
0.28  0.06     -99555.4221695787  -99580.1564673502  -99580.1564673502
 
0.28  0.09     -99555.4221697364  -99580.0912190409   -99580.091219041
 
0.28  0.12     -99555.4221696498  -99579.9587354712  -99579.9587354712
 
0.28  0.15     -99555.4221697239  -99579.9292832021  -99579.9292832022
 
0.28  0.18     -99555.4221697966  -99579.8800180168  -99579.8800180167
 
0.28  0.21     -99555.4221696278  -99579.7671765749  -99579.7671765748
 
0.28  0.24     -99555.4221697722  -99579.6026773724  -99579.6026773724
 
0.28  0.27     -99555.4221695827  -99579.4229320607  -99579.4229320607
 
0.28  0.3     -99555.4221695097  -99579.3269679771   -99579.326967977
 
0.28  0.33     -99555.4221696997  -99579.4653406973  -99579.4653406973
 
0.28  0.36     -99555.4221695731  -99579.6348242609  -99579.6348242609
 
0.28  0.39     -99555.4221695675  -99579.7955304638  -99579.7955304637
 
0.28  0.42     -99555.4221694791  -99579.9406963401  -99579.9406963401
 
0.28  0.45     -99555.4221694391  -99580.0848969471  -99580.0848969471
 
0.28  0.48      -99555.422169414  -99580.2173044759  -99580.2173044759
 
0.28  0.51     -99555.4221694052  -99580.3073608727  -99580.3073608726
 
0.28  0.54     -99555.4221694548  -99580.3421783461  -99580.3421783461
 
0.28  0.57     -99555.4221694982  -99580.3143053314  -99580.3143053315
 
0.28  0.6     -99555.4221695303  -99580.2199837143  -99580.2199837144
 
0.28  0.63     -99555.4221695079  -99580.0593989999  -99580.0593989999
 
0.28  0.66     -99555.4221695499  -99579.8379966071  -99579.8379966071
 
0.28  0.69     -99555.4221696215  -99579.5740090829  -99579.5740090829
 
0.28  0.72     -99555.4221696787   -99579.347276373   -99579.347276373
 
0.28  0.75     -99555.4221697453  -99579.1145282966  -99579.1145282966
 
0.28  0.78     -99555.4221697269  -99578.8745271487  -99578.8745271487
 
0.28  0.81     -99555.4221698397  -99578.6748775035  -99578.6748775035
 
0.28  0.84     -99555.4221696255  -99578.8645347907  -99578.8645347907
 
0.28  0.87     -99555.4221696165    -99579.12079585    -99579.12079585
 
0.28  0.9     -99555.4221697449  -99579.3801657603  -99579.3801657604
 
0.28  0.93     -99555.4221696491  -99579.6581092822  -99579.6581092822
 
0.28  0.96     -99555.4221697724  -99579.8800235142  -99579.8800235142
 
0.28  0.99     -99555.4221697242  -99580.0408372738  -99580.0408372739
 
0.28  1.00     -99555.4221696366  -99580.0727215446  -99580.0727215446
 
0.32  0.00     -99555.4221695679  -99579.8710130252  -99579.8710130253
 
0.32  0.03     -99555.4221696569  -99579.9753813384  -99579.9753813384
 
0.32  0.06     -99555.4221697176  -99580.0162040752  -99580.0162040753
 
0.32  0.09      -99555.422169595  -99580.0028996765  -99580.0028996765
 
0.32  0.12     -99555.4221696445  -99580.0807644202  -99580.0807644202
 
0.32  0.15     -99555.4221697395  -99580.1283778019  -99580.1283778019
 
0.32  0.18     -99555.4221697276  -99580.1037469178  -99580.1037469178
 
0.32  0.21     -99555.4221698591  -99580.0048850769  -99580.0048850769
 
0.32  0.24     -99555.4221696324  -99579.8458139109  -99579.8458139109
 
0.32  0.27     -99555.4221696008  -99579.6599900304  -99579.6599900304
 
0.32  0.3     -99555.4221697131   -99579.566839448   -99579.566839448
 
0.32  0.33     -99555.4221696254  -99579.7091324451  -99579.7091324452
 
0.32  0.36     -99555.4221696092  -99579.8772407437  -99579.8772407438
 
0.32  0.39     -99555.4221696481  -99580.0333916196  -99580.0333916196
 
0.32  0.42     -99555.4221695355  -99580.1685872553  -99580.1685872553
 
0.32  0.45     -99555.4221695498  -99580.2870041736  -99580.2870041736
 
0.32  0.48     -99555.4221693664  -99580.3915449262  -99580.3915449263
 
0.32  0.51     -99555.4221693633  -99580.4582889397  -99580.4582889397
 
0.32  0.54     -99555.4221693668  -99580.4708102727  -99580.4708102728
 
0.32  0.57     -99555.4221693461  -99580.4200821771  -99580.4200821771
 
0.32  0.6      -99555.422169393  -99580.3010185677  -99580.3010185677
 
0.32  0.63      -99555.422169604  -99580.1120086362  -99580.1120086362
 
0.32  0.66     -99555.4221695823  -99579.8549645029  -99579.8549645029
 
0.32  0.69     -99555.4221695401  -99579.5439344193  -99579.5439344193
 
0.32  0.72     -99555.4221698179   -99579.182240983   -99579.182240983
 
0.32  0.75     -99555.4221695562  -99578.8562533173  -99578.8562533174
 
0.32  0.78     -99555.4221696718  -99578.5712455968  -99578.5712455968
 
0.32  0.81     -99555.4221697172   -99578.359455735   -99578.359455735
 
0.32  0.84     -99555.4221698445  -99578.4798647842  -99578.4798647842
 
0.32  0.87      -99555.422169813  -99578.7545215985  -99578.7545215986
 
0.32  0.9     -99555.4221696706  -99579.0966571894  -99579.0966571894
 
0.32  0.93     -99555.4221696719  -99579.4012195178  -99579.4012195178
 
0.32  0.96     -99555.4221695195  -99579.6457594046  -99579.6457594046
 
0.32  0.99      -99555.422169472  -99579.8299907232  -99579.8299907232
 
0.32  1.00     -99555.4221695679  -99579.8710130252  -99579.8710130253
 
0.36  0.00     -99555.4221696555  -99579.6561860283  -99579.6561860284
 
0.36  0.03     -99555.4221696247  -99579.7991219532  -99579.7991219533
 
0.36  0.06     -99555.4221694746  -99579.9091143152  -99579.9091143152
 
0.36  0.09     -99555.4221695889  -99580.0894124156  -99580.0894124156
 
0.36  0.12      -99555.422169703  -99580.2353859795  -99580.2353859795
 
0.36  0.15     -99555.4221696726  -99580.3089442877  -99580.3089442877
 
0.36  0.18     -99555.4221697835  -99580.2997604599    -99580.29976046
 
0.36  0.21     -99555.4221697358   -99580.209193681   -99580.209193681
 
0.36  0.24     -99555.4221697822  -99580.0508743383  -99580.0508743383
 
0.36  0.27     -99555.4221697316  -99579.8564264722  -99579.8564264722
 
0.36  0.3     -99555.4221697494  -99579.7585680428  -99579.7585680428
 
0.36  0.33     -99555.4221696943  -99579.9049484826  -99579.9049484827
 
0.36  0.36     -99555.4221697181  -99580.0718839959  -99580.0718839959
 
0.36  0.39     -99555.4221695606  -99580.2234401426  -99580.2234401426
 
0.36  0.42     -99555.4221696195  -99580.3503047119  -99580.3503047118
 
0.36  0.45     -99555.4221695668  -99580.4525252322  -99580.4525252322
 
0.36  0.48     -99555.4221694192  -99580.5331339239  -99580.5331339239
 
0.36  0.51     -99555.4221694875  -99580.5783723592  -99580.5783723592
 
0.36  0.54     -99555.4221695519   -99580.570936691  -99580.5709366909
 
0.36  0.57      -99555.422169476  -99580.5005225531  -99580.5005225531
 
0.36  0.6      -99555.422169518  -99580.3610900968  -99580.3610900968
 
0.36  0.63     -99555.4221694222  -99580.1499101629  -99580.1499101629
 
0.36  0.66     -99555.4221694282  -99579.8767342234  -99579.8767342233
 
0.36  0.69     -99555.4221695494   -99579.526610573   -99579.526610573
 
0.36  0.72     -99555.4221695767  -99579.1168595206  -99579.1168595207
 
0.36  0.75     -99555.4221698318  -99578.6652788773  -99578.6652788773
 
0.36  0.78     -99555.4221696114  -99578.2697032767  -99578.2697032766
 
0.36  0.81     -99555.4221695327  -99578.0270790813  -99578.0270790813
 
0.36  0.84     -99555.4221697408  -99578.0574552095  -99578.0574552095
 
0.36  0.87     -99555.4221695672  -99578.4231391549  -99578.4231391548
 
0.36  0.9     -99555.4221696964   -99578.804502716  -99578.8045027159
 
0.36  0.93     -99555.4221696518  -99579.1268864702  -99579.1268864702
 
0.36  0.96     -99555.4221696206  -99579.3928606093  -99579.3928606093
 
0.36  0.99      -99555.422169764  -99579.6036877259  -99579.6036877259
 
0.36  1.00     -99555.4221696555  -99579.6561860283  -99579.6561860284
 
0.40  0.00      -99555.422169646  -99579.4493007281  -99579.4493007282
 
0.40  0.03     -99555.4221694787   -99579.687167791  -99579.6871677909
 
0.40  0.06     -99555.4221696637  -99579.9568978766  -99579.9568978766
 
0.40  0.09     -99555.4221696694  -99580.1943877661   -99580.194387766
 
0.40  0.12     -99555.4221696293  -99580.3662736123  -99580.3662736122
 
0.40  0.15     -99555.4221697786  -99580.4555230301    -99580.45552303
 
0.40  0.18     -99555.4221696673  -99580.4558578036  -99580.4558578037
 
0.40  0.21     -99555.4221697153  -99580.3699234472  -99580.3699234472
 
0.40  0.24     -99555.4221698648  -99580.2108493405  -99580.2108493405
 
0.40  0.27     -99555.4221697407  -99580.0084404779   -99580.008440478
 
0.40  0.3     -99555.4221696988  -99579.8992266928  -99579.8992266929
 
0.40  0.33     -99555.4221697846  -99580.0503119693  -99580.0503119693
 
0.40  0.36     -99555.4221696986  -99580.2170325249  -99580.2170325249
 
0.40  0.39     -99555.4221696945  -99580.3650254173  -99580.3650254173
 
0.40  0.42     -99555.4221696841  -99580.4856421846  -99580.4856421846
 
0.40  0.45     -99555.4221695743  -99580.5777599118  -99580.5777599117
 
0.40  0.48     -99555.4221695447  -99580.6419340124  -99580.6419340124
 
0.40  0.51     -99555.4221694861  -99580.6689179568  -99580.6689179569
 
0.40  0.54     -99555.4221694421  -99580.6439856855  -99580.6439856855
 
0.40  0.57     -99555.4221695793   -99580.556533832   -99580.556533832
 
0.40  0.6     -99555.4221695255  -99580.4080864981  -99580.4080864982
 
0.40  0.63     -99555.4221695075  -99580.1794299601  -99580.1794299601
 
0.40  0.66      -99555.422169591  -99579.8771347458  -99579.8771347458
 
0.40  0.69     -99555.4221694144  -99579.5033796754  -99579.5033796755
 
0.40  0.72     -99555.4221695153  -99579.0641946535  -99579.0641946535
 
0.40  0.75     -99555.4221694584  -99578.5707263727  -99578.5707263728
 
0.40  0.78     -99555.4221696569  -99578.0386864475  -99578.0386864476
 
0.40  0.81     -99555.4221697259  -99577.6780101898  -99577.6780101899
 
0.40  0.84     -99555.4221695584   -99577.484313309   -99577.484313309
 
0.40  0.87     -99555.4221696367  -99578.1061248941  -99578.1061248941
 
0.40  0.9     -99555.4221696078  -99578.5009629971  -99578.5009629971
 
0.40  0.93     -99555.4221694597  -99578.8401744913  -99578.8401744912
 
0.40  0.96     -99555.4221695865  -99579.1307648725  -99579.1307648725
 
0.40  0.99     -99555.4221696274  -99579.3791413327  -99579.3791413327
 
0.40  1.00      -99555.422169646  -99579.4493007281  -99579.4493007282
 
0.44  0.00     -99555.4221694501  -99579.3472773824  -99579.3472773825
 
0.44  0.03     -99555.4221696715  -99579.6950752642  -99579.6950752642
 
0.44  0.06     -99555.4221696436  -99580.0112314605  -99580.0112314605
 
0.44  0.09     -99555.4221695619  -99580.2732884944  -99580.2732884944
 
0.44  0.12     -99555.4221696393  -99580.4597555579  -99580.4597555579
 
0.44  0.15     -99555.4221696823  -99580.5579839495  -99580.5579839494
 
0.44  0.18     -99555.4221697691  -99580.5636548427  -99580.5636548427
 
0.44  0.21     -99555.4221698567  -99580.4801147481  -99580.4801147481
 
0.44  0.24     -99555.4221697143  -99580.3201230473  -99580.3201230473
 
0.44  0.27     -99555.4221696883  -99580.1118626224  -99580.1118626224
 
0.44  0.3     -99555.4221698026  -99579.9861555449  -99579.9861555448
 
0.44  0.33     -99555.4221698538  -99580.1429979981   -99580.142997998
 
0.44  0.36     -99555.4221697483  -99580.3110701733  -99580.3110701732
 
0.44  0.39     -99555.4221697891  -99580.4573919375  -99580.4573919376
 
0.44  0.42     -99555.4221696419   -99580.574444169   -99580.574444169
 
0.44  0.45     -99555.4221697154  -99580.6611341773  -99580.6611341773
 
0.44  0.48     -99555.4221695048  -99580.7163948118  -99580.7163948117
 
0.44  0.51     -99555.4221693838  -99580.7307507913  -99580.7307507912
 
0.44  0.54     -99555.4221695683   -99580.691596028  -99580.6915960281
 
0.44  0.57     -99555.4221694478  -99580.5955197016  -99580.5955197017
 
0.44  0.6     -99555.4221693829  -99580.4250027958  -99580.4250027958
 
0.44  0.63     -99555.4221695182  -99580.1807348439   -99580.180734844
 
0.44  0.66     -99555.4221694207  -99579.8610468546  -99579.8610468546
 
0.44  0.69     -99555.4221695793  -99579.4670795398  -99579.4670795397
 
0.44  0.72     -99555.4221696338   -99579.004263037   -99579.004263037
 
0.44  0.75     -99555.4221694343  -99578.4841375896  -99578.4841375895
 
0.44  0.78     -99555.4221695453  -99577.9185523958  -99577.9185523958
 
0.44  0.81     -99555.4221694834  -99577.3101071613  -99577.3101071612
 
0.44  0.84     -99555.4221697044  -99577.0988440055  -99577.0988440055
 
0.44  0.87       -99555.42216955  -99577.7784390287  -99577.7784390287
 
0.44  0.9     -99555.4221695795  -99578.1879407847  -99578.1879407847
 
0.44  0.93     -99555.4221695968  -99578.5499000772  -99578.5499000772
 
0.44  0.96     -99555.4221694389  -99578.8848743129  -99578.8848743129
 
0.44  0.99     -99555.4221695094   -99579.242662309   -99579.242662309
 
0.44  1.00     -99555.4221694501  -99579.3472773824  -99579.3472773825
 
0.48  0.00     -99555.4221697198  -99579.3225956609  -99579.3225956609
 
0.48  0.03     -99555.4221695916  -99579.7038865137  -99579.7038865137
 
0.48  0.06      -99555.422169568  -99580.0411360285  -99580.0411360285
 
0.48  0.09     -99555.4221696774  -99580.3150357462  -99580.3150357463
 
0.48  0.12     -99555.4221695382   -99580.508150471   -99580.508150471
 
0.48  0.15     -99555.4221697804  -99580.6102382355  -99580.6102382354
 
0.48  0.18     -99555.4221697453  -99580.6181046776  -99580.6181046776
 
0.48  0.21     -99555.4221697983  -99580.5354532317  -99580.5354532316
 
0.48  0.24     -99555.4221697865  -99580.3747817819  -99580.3747817819
 
0.48  0.27     -99555.4221697781  -99580.1630736586  -99580.1630736586
 
0.48  0.3     -99555.4221699112  -99580.0172937437  -99580.0172937437
 
0.48  0.33     -99555.4221697197   -99580.181206259   -99580.181206259
 
0.48  0.36     -99555.4221698389  -99580.3526747365  -99580.3526747364
 
0.48  0.39     -99555.4221698026  -99580.4998911876  -99580.4998911876
 
0.48  0.42     -99555.4221697725  -99580.6166163822  -99580.6166163822
 
0.48  0.45     -99555.4221697054  -99580.7022745353  -99580.7022745353
 
0.48  0.48     -99555.4221695884  -99580.7549324367  -99580.7549324368
 
0.48  0.51     -99555.4221697105  -99580.7635319546  -99580.7635319547
 
0.48  0.54     -99555.4221696449  -99580.7179124088  -99580.7179124087
 
0.48  0.57     -99555.4221694931  -99580.6059555135  -99580.6059555134
 
0.48  0.6     -99555.4221696597  -99580.4231634408  -99580.4231634408
 
0.48  0.63     -99555.4221693312  -99580.1650134763  -99580.1650134764
 
0.48  0.66     -99555.4221694311   -99579.829187727   -99579.829187727
 
0.48  0.69     -99555.4221694051  -99579.4159997179  -99579.4159997178
 
0.48  0.72     -99555.4221693656  -99578.9304877222  -99578.9304877222
 
0.48  0.75     -99555.4221696442  -99578.3866606632  -99578.3866606632
 
0.48  0.78     -99555.4221694387  -99577.7971041048  -99577.7971041048
 
0.48  0.81      -99555.422169604  -99577.1673781017  -99577.1673781017
 
0.48  0.84     -99555.4221695202  -99576.9634003958  -99576.9634003958
 
0.48  0.87     -99555.4221694309  -99577.4427257324  -99577.4427257323
 
0.48  0.9     -99555.4221696077  -99577.8747694922  -99577.8747694923
 
0.48  0.93     -99555.4221694989  -99578.3185407637  -99578.3185407637
 
0.48  0.96     -99555.4221696628  -99578.7824807571  -99578.7824807571
 
0.48  0.99     -99555.4221696266  -99579.2088372363  -99579.2088372363
 
0.48  1.00     -99555.4221697198  -99579.3225956609  -99579.3225956609
 
0.5  0.00     -99555.4221696557  -99579.3125374262  -99579.3125374262
 
0.5  0.03     -99555.4221695574  -99579.7025388769   -99579.702538877
 
0.5  0.06     -99555.4221696929  -99580.0444590113  -99580.0444590114
 
0.5  0.09     -99555.4221696064   -99580.320308821   -99580.320308821
 
0.5  0.12     -99555.4221695894  -99580.5141757718  -99580.5141757717
 
0.5  0.15     -99555.4221696599  -99580.6165398243  -99580.6165398244
 
0.5  0.18     -99555.4221697679  -99580.6244950233  -99580.6244950233
 
0.5  0.21     -99555.4221697324  -99580.5418162846  -99580.5418162845
 
0.5  0.24     -99555.4221698809  -99580.3809119036  -99580.3809119036
 
0.5  0.27     -99555.4221697077  -99580.1683290376  -99580.1683290376
 
0.5  0.3     -99555.4221697827  -99580.0115263877  -99580.0115263876
 
0.5  0.33     -99555.4221698506  -99580.1794933185  -99580.1794933185
 
0.5  0.36     -99555.4221699176  -99580.3535317465  -99580.3535317465
 
0.5  0.39     -99555.4221697696  -99580.5023135762  -99580.5023135763
 
0.5  0.42     -99555.4221699144   -99580.620233965   -99580.620233965
 
0.5  0.45     -99555.4221697067  -99580.7070601767  -99580.7070601767
 
0.5  0.48     -99555.4221696896   -99580.760540902   -99580.760540902
 
0.5  0.51     -99555.4221695021  -99580.7690024489  -99580.7690024491
 
0.5  0.54     -99555.4221694645   -99580.719721231   -99580.719721231
 
0.5  0.57     -99555.4221697133   -99580.604568566   -99580.604568566
 
0.5  0.6     -99555.4221696226  -99580.4172572567  -99580.4172572567
 
0.5  0.63     -99555.4221694938  -99580.1530039498  -99580.1530039497
 
0.5  0.66     -99555.4221695582  -99579.8092366972  -99579.8092366972
 
0.5  0.69     -99555.4221693524   -99579.386122425   -99579.386122425
 
0.5  0.72     -99555.4221693716  -99578.8883792322  -99578.8883792322
 
0.5  0.75     -99555.4221695538  -99578.3319589861  -99578.3319589862
 
0.5  0.78     -99555.4221695251   -99577.731047481  -99577.7310474809
 
0.5  0.81     -99555.4221696981  -99577.0898615731  -99577.0898615731
 
0.5  0.84     -99555.4221694254  -99576.6808865145  -99576.6808865145
 
0.5  0.87     -99555.4221694191  -99577.2446131602  -99577.2446131602
 
0.5  0.9     -99555.4221695088  -99577.7751143843  -99577.7751143843
 
0.5  0.93     -99555.4221693592  -99578.2832270918  -99578.2832270917
 
0.5  0.96       -99555.42216949  -99578.7583477131  -99578.7583477132
 
0.5  0.99     -99555.4221695779  -99579.1957206928  -99579.1957206928
 
0.5  1.00     -99555.4221696557  -99579.3125374262  -99579.3125374262
 
0.52  0.00      -99555.422169579  -99579.3047291767  -99579.3047291767
 
0.52  0.03     -99555.4221695232   -99579.697227702   -99579.697227702
 
0.52  0.06      -99555.422169642  -99580.0396439945  -99580.0396439946
 
0.52  0.09     -99555.4221695028  -99580.3148643543  -99580.3148643543
 
0.52  0.12     -99555.4221696285  -99580.5078492834  -99580.5078492834
 
0.52  0.15      -99555.422169691  -99580.6094478561  -99580.6094478561
 
0.52  0.18     -99555.4221697727  -99580.6168502295  -99580.6168502295
 
0.52  0.21     -99555.4221697713  -99580.5338346485  -99580.5338346485
 
0.52  0.24     -99555.4221697887  -99580.3727572216  -99580.3727572217
 
0.52  0.27     -99555.4221698023  -99580.1598172546  -99580.1598172547
 
0.52  0.3     -99555.4221697168  -99579.9914383225  -99579.9914383225
 
0.52  0.33     -99555.4221698649  -99580.1637896434  -99580.1637896434
 
0.52  0.36     -99555.4221698316   -99580.341021025   -99580.341021025
 
0.52  0.39      -99555.422169818  -99580.4921658359  -99580.4921658358
 
0.52  0.42     -99555.4221698247  -99580.6122500449   -99580.612250045
 
0.52  0.45     -99555.4221696415  -99580.7014133955  -99580.7014133955
 
0.52  0.48     -99555.4221697925  -99580.7571056182  -99580.7571056182
 
0.52  0.51     -99555.4221693721  -99580.7652023347  -99580.7652023347
 
0.52  0.54     -99555.4221694831  -99580.7158872884  -99580.7158872883
 
0.52  0.57     -99555.4221696471  -99580.5996441259  -99580.5996441258
 
0.52  0.6     -99555.4221694699  -99580.4099709689   -99580.409970969
 
0.52  0.63     -99555.4221696127  -99580.1414711956  -99580.1414711956
 
0.52  0.66     -99555.4221697109  -99579.7903491117  -99579.7903491117
 
0.52  0.69     -99555.4221693405  -99579.3561915482  -99579.3561915481
 
0.52  0.72     -99555.4221694715  -99578.8443259938  -99578.8443259938
 
0.52  0.75      -99555.422169441  -99578.2733567654  -99578.2733567655
 
0.52  0.78     -99555.4221695774  -99577.6606754543  -99577.6606754544
 
0.52  0.81     -99555.4221695068   -99576.975273433  -99576.9752734329
 
0.52  0.84     -99555.4221695795  -99576.9388673333  -99576.9388673334
 
0.52  0.87     -99555.4221696009  -99577.2647959904  -99577.2647959905
 
0.52  0.9     -99555.4221694063  -99577.7854388306  -99577.7854388306
 
0.52  0.93     -99555.4221694074  -99578.2773920284  -99578.2773920283
 
0.52  0.96     -99555.4221694584  -99578.7454905159  -99578.7454905158
 
0.52  0.99     -99555.4221695296  -99579.1855160923  -99579.1855160923
 
0.52  1.00      -99555.422169579  -99579.3047291767  -99579.3047291767
 
0.56  0.00     -99555.4221694239   -99579.295373121  -99579.2953731209
 
0.56  0.03     -99555.4221695824  -99579.6747269392  -99579.6747269392
 
0.56  0.06      -99555.422169528  -99580.0060977821  -99580.0060977821
 
0.56  0.09      -99555.422169653  -99580.2724141021  -99580.2724141022
 
0.56  0.12     -99555.4221697288  -99580.4586946353  -99580.4586946353
 
0.56  0.15      -99555.422169673  -99580.5555472761   -99580.555547276
 
0.56  0.18     -99555.4221696591  -99580.5598573521   -99580.559857352
 
0.56  0.21     -99555.4221698027  -99580.4751902283  -99580.4751902283
 
0.56  0.24     -99555.4221697958  -99580.3138363141  -99580.3138363141
 
0.56  0.27     -99555.4221697356  -99580.1015596862  -99580.1015596862
 
0.56  0.3      -99555.422169846  -99579.9084220898  -99579.9084220897
 
0.56  0.33     -99555.4221698858  -99580.0903916126  -99580.0903916126
 
0.56  0.36     -99555.4221697818  -99580.2759199803  -99580.2759199803
 
0.56  0.39     -99555.4221698429  -99580.4342861509  -99580.4342861509
 
0.56  0.42     -99555.4221696928  -99580.5617410196  -99580.5617410195
 
0.56  0.45     -99555.4221698847  -99580.6551999661  -99580.6551999661
 
0.56  0.48     -99555.4221695687  -99580.7197211815  -99580.7197211815
 
0.56  0.51     -99555.4221696255  -99580.7360573614  -99580.7360573615
 
0.56  0.54      -99555.422169756  -99580.6922462845  -99580.6922462845
 
0.56  0.57     -99555.4221695066  -99580.5802189706  -99580.5802189706
 
0.56  0.6     -99555.4221695225  -99580.3934009493  -99580.3934009494
 
0.56  0.63     -99555.4221694553  -99580.1262476049  -99580.1262476049
 
0.56  0.66     -99555.4221693966   -99579.774543258  -99579.7745432579
 
0.56  0.69     -99555.4221696351  -99579.3359288772  -99579.3359288771
 
0.56  0.72     -99555.4221695634  -99578.8110838054  -99578.8110838054
 
0.56  0.75     -99555.4221695767  -99578.2072456653  -99578.2072456653
 
0.56  0.78     -99555.4221693569  -99577.6334129214  -99577.6334129214
 
0.56  0.81     -99555.4221692795  -99577.3202269724  -99577.3202269725
 
0.56  0.84     -99555.4221695074  -99577.4399337605  -99577.4399337606
 
0.56  0.87     -99555.4221694318  -99577.5869942738  -99577.5869942738
 
0.56  0.9     -99555.4221695141  -99577.8242854061   -99577.824285406
 
0.56  0.93     -99555.4221695031  -99578.2990547079  -99578.2990547079
 
0.56  0.96     -99555.4221694235  -99578.7500458977  -99578.7500458977
 
0.56  0.99     -99555.4221694978    -99579.17528302    -99579.17528302
 
0.56  1.00     -99555.4221694239   -99579.295373121  -99579.2953731209
 
0.60  0.00     -99555.4221695584  -99579.2883268549  -99579.2883268549
 
0.60  0.03     -99555.4221696064  -99579.6380379298  -99579.6380379298
 
0.60  0.06     -99555.4221696189  -99579.9445601935  -99579.9445601935
 
0.60  0.09     -99555.4221695515  -99580.1916835091  -99580.1916835091
 
0.60  0.12     -99555.4221695862   -99580.364076978   -99580.364076978
 
0.60  0.15     -99555.4221696655  -99580.4513759675  -99580.4513759675
 
0.60  0.18     -99555.4221697672  -99580.4495649838  -99580.4495649838
 
0.60  0.21     -99555.4221698291  -99580.3616467462  -99580.3616467462
 
0.60  0.24     -99555.4221698596  -99580.1998055819  -99580.1998055818
 
0.60  0.27     -99555.4221699057  -99579.9896449158  -99579.9896449157
 
0.60  0.3     -99555.4221698439  -99579.7824952506  -99579.7824952505
 
0.60  0.33     -99555.4221697141  -99579.9614499869   -99579.961449987
 
0.60  0.36     -99555.4221699235  -99580.1578284207  -99580.1578284206
 
0.60  0.39     -99555.4221697853  -99580.3267959494  -99580.3267959493
 
0.60  0.42     -99555.4221699378  -99580.4585560106  -99580.4585560106
 
0.60  0.45     -99555.4221696648  -99580.5715540993  -99580.5715540993
 
0.60  0.48     -99555.4221697608  -99580.6508676787  -99580.6508676787
 
0.60  0.51     -99555.4221697841  -99580.6801760468  -99580.6801760468
 
0.60  0.54     -99555.4221696351  -99580.6477647709  -99580.6477647709
 
0.60  0.57     -99555.4221696844  -99580.5458259272  -99580.5458259272
 
0.60  0.6     -99555.4221697913  -99580.3678197803  -99580.3678197802
 
0.60  0.63     -99555.4221695397  -99580.1082890711  -99580.1082890712
 
0.60  0.66     -99555.4221695354  -99579.7633640842  -99579.7633640842
 
0.60  0.69     -99555.4221695173  -99579.3314390183  -99579.3314390183
 
0.60  0.72     -99555.4221694887   -99578.814457605   -99578.814457605
 
0.60  0.75     -99555.4221695392  -99578.2364626054  -99578.2364626054
 
0.60  0.78     -99555.4221694669  -99577.9497591441  -99577.9497591442
 
0.60  0.81     -99555.4221695598  -99577.7515545217  -99577.7515545218
 
0.60  0.84     -99555.4221693473  -99577.9044055587  -99577.9044055587
 
0.60  0.87     -99555.4221693861  -99578.0592331956  -99578.0592331955
 
0.60  0.9     -99555.4221694264  -99578.2579953479  -99578.2579953479
 
0.60  0.93     -99555.4221694526  -99578.5710430052  -99578.5710430053
 
0.60  0.96     -99555.4221695299  -99578.8531379281  -99578.8531379281
 
0.60  0.99     -99555.4221695563  -99579.1716102085  -99579.1716102084
 
0.60  1.00     -99555.4221695584  -99579.2883268549  -99579.2883268549
 
0.64  0.00     -99555.4221694593  -99579.4843560033  -99579.4843560032
 
0.64  0.03      -99555.422169591  -99579.6424531062  -99579.6424531062
 
0.64  0.06     -99555.4221694831  -99579.8680524423  -99579.8680524423
 
0.64  0.09     -99555.4221694839  -99580.0825822351  -99580.0825822351
 
0.64  0.12     -99555.4221695593  -99580.2319849662  -99580.2319849662
 
0.64  0.15      -99555.422169715  -99580.3035973066  -99580.3035973068
 
0.64  0.18     -99555.4221696815  -99580.2916899483  -99580.2916899483
 
0.64  0.21     -99555.4221697459   -99580.198129577  -99580.1981295771
 
0.64  0.24     -99555.4221698539  -99580.0347732252  -99580.0347732252
 
0.64  0.27     -99555.4221697594  -99579.8273926026  -99579.8273926026
 
0.64  0.3     -99555.4221698431  -99579.6208334298  -99579.6208334298
 
0.64  0.33     -99555.4221697913  -99579.7781119779  -99579.7781119779
 
0.64  0.36     -99555.4221697022  -99579.9762286073  -99579.9762286073
 
0.64  0.39     -99555.4221698552  -99580.1603822548  -99580.1603822548
 
0.64  0.42     -99555.4221696203  -99580.3177229699  -99580.3177229698
 
0.64  0.45     -99555.4221697185  -99580.4521263628  -99580.4521263628
 
0.64  0.48     -99555.4221698109  -99580.5521790314  -99580.5521790314
 
0.64  0.51     -99555.4221695222  -99580.5984571007  -99580.5984571007
 
0.64  0.54     -99555.4221696493  -99580.5809847663  -99580.5809847662
 
0.64  0.57     -99555.4221695738  -99580.4925750103  -99580.4925750103
 
0.64  0.6      -99555.422169552  -99580.3267564289   -99580.326756429
 
0.64  0.63     -99555.4221697897  -99580.0781573925  -99580.0781573925
 
0.64  0.66     -99555.4221697227  -99579.7433447066  -99579.7433447066
 
0.64  0.69     -99555.4221694959  -99579.3218895959  -99579.3218895959
 
0.64  0.72     -99555.4221695402  -99578.7842522162  -99578.7842522162
 
0.64  0.75     -99555.4221695673  -99578.5265854525  -99578.5265854526
 
0.64  0.78     -99555.4221695087   -99578.272004018   -99578.272004018
 
0.64  0.81     -99555.4221694553  -99578.1757043006  -99578.1757043006
 
0.64  0.84     -99555.4221696082  -99578.3316128604  -99578.3316128604
 
0.64  0.87     -99555.4221695063  -99578.4932486606  -99578.4932486606
 
0.64  0.9      -99555.422169413  -99578.6526143382  -99578.6526143383
 
0.64  0.93     -99555.4221694661  -99578.9388702882  -99578.9388702882
 
0.64  0.96     -99555.4221692775  -99579.1936288833  -99579.1936288834
 
0.64  0.99     -99555.4221693603  -99579.4096803682  -99579.4096803681
 
0.64  1.00     -99555.4221694593  -99579.4843560033  -99579.4843560032
 
0.68  0.00     -99555.4221694824  -99579.7561617653  -99579.7561617653
 
0.68  0.03      -99555.422169547  -99579.8750631203  -99579.8750631203
 
0.68  0.06     -99555.4221694645  -99579.9420222596  -99579.9420222596
 
0.68  0.09     -99555.4221695429  -99579.9746445942  -99579.9746445942
 
0.68  0.12     -99555.4221696468  -99580.0791572615  -99580.0791572614
 
0.68  0.15     -99555.4221696321  -99580.1249045648  -99580.1249045647
 
0.68  0.18     -99555.4221696025  -99580.0968880843  -99580.0968880841
 
0.68  0.21     -99555.4221697303  -99579.9937667334  -99579.9937667334
 
0.68  0.24     -99555.4221697203  -99579.8258815332  -99579.8258815332
 
0.68  0.27     -99555.4221698252  -99579.6201363662  -99579.6201363662
 
0.68  0.3     -99555.4221698195  -99579.4158755991  -99579.4158755992
 
0.68  0.33      -99555.422169728  -99579.5302511804  -99579.5302511804
 
0.68  0.36     -99555.4221697781  -99579.7546911139  -99579.7546911139
 
0.68  0.39     -99555.4221697228  -99579.9565746917  -99579.9565746917
 
0.68  0.42     -99555.4221697412  -99580.1369107953  -99580.1369107953
 
0.68  0.45     -99555.4221698566  -99580.3016937977  -99580.3016937977
 
0.68  0.48     -99555.4221695824  -99580.4250033448  -99580.4250033449
 
0.68  0.51     -99555.4221698063  -99580.4903086701    -99580.49030867
 
0.68  0.54     -99555.4221698112  -99580.4901798178  -99580.4901798178
 
0.68  0.57     -99555.4221696815  -99580.4180029462  -99580.4180029462
 
0.68  0.6     -99555.4221696818   -99580.267392258  -99580.2673922581
 
0.68  0.63      -99555.422169602  -99580.0332785812  -99580.0332785812
 
0.68  0.66      -99555.422169607   -99579.713398543  -99579.7133985431
 
0.68  0.69     -99555.4221696561  -99579.3116021899  -99579.3116021899
 
0.68  0.72     -99555.4221696235  -99579.0450714214  -99579.0450714214
 
0.68  0.75     -99555.4221696117  -99578.8232752357  -99578.8232752358
 
0.68  0.78     -99555.4221693923  -99578.6173836038  -99578.6173836037
 
0.68  0.81     -99555.4221694314  -99578.5641843528  -99578.5641843528
 
0.68  0.84     -99555.4221693912  -99578.7211149005  -99578.7211149005
 
0.68  0.87     -99555.4221694433  -99578.8878989059  -99578.8878989059
 
0.68  0.9     -99555.4221694672  -99579.0484604156  -99579.0484604157
 
0.68  0.93     -99555.4221693936  -99579.2770382764  -99579.2770382764
 
0.68  0.96     -99555.4221693896  -99579.5043609227  -99579.5043609227
 
0.68  0.99     -99555.4221693791  -99579.6911419328  -99579.6911419329
 
0.68  1.00     -99555.4221694824  -99579.7561617653  -99579.7561617653
 
0.7  0.00     -99555.4221694861   -99579.880636389  -99579.8806363891
 
0.7  0.03     -99555.4221694878  -99579.9845177999  -99579.9845177999
 
0.7  0.06     -99555.4221695062  -99580.0318257516  -99580.0318257517
 
0.7  0.09     -99555.4221694186  -99580.0262898512  -99580.0262898512
 
0.7  0.12     -99555.4221696394  -99580.0095377663  -99580.0095377663
 
0.7  0.15     -99555.4221696092  -99580.0313113066  -99580.0313113067
 
0.7  0.18     -99555.4221697194   -99579.991062827   -99579.991062827
 
0.7  0.21     -99555.4221697352  -99579.8808094299  -99579.8808094299
 
0.7  0.24     -99555.4221697339  -99579.7084403185  -99579.7084403185
 
0.7  0.27     -99555.4221698961  -99579.5018160377  -99579.5018160378
 
0.7  0.3     -99555.4221697192  -99579.3051425474  -99579.3051425474
 
0.7  0.33     -99555.4221697668  -99579.3923910311  -99579.3923910311
 
0.7  0.36     -99555.4221698689   -99579.625749825   -99579.625749825
 
0.7  0.39     -99555.4221696951  -99579.8379087927  -99579.8379087927
 
0.7  0.42     -99555.4221698852  -99580.0337299482  -99580.0337299482
 
0.7  0.45     -99555.4221695946  -99580.2158156568  -99580.2158156568
 
0.7  0.48     -99555.4221696534  -99580.3508028424  -99580.3508028424
 
0.7  0.51     -99555.4221697773  -99580.4261786728  -99580.4261786728
 
0.7  0.54     -99555.4221696925  -99580.4355318677  -99580.4355318678
 
0.7  0.57     -99555.4221697066   -99580.372488914  -99580.3724889139
 
0.7  0.6     -99555.4221697984   -99580.230786332  -99580.2307863319
 
0.7  0.63     -99555.4221697003  -99580.0057677996  -99580.0057677996
 
0.7  0.66     -99555.4221695572  -99579.6966610664  -99579.6966610665
 
0.7  0.69     -99555.4221695372  -99579.3629284744  -99579.3629284744
 
0.7  0.72     -99555.4221695219  -99579.1810049507  -99579.1810049507
 
0.7  0.75     -99555.4221697447  -99578.9724529477  -99578.9724529477
 
0.7  0.78     -99555.4221695239  -99578.7845562132  -99578.7845562132
 
0.7  0.81     -99555.4221694228  -99578.7444530769  -99578.7444530769
 
0.7  0.84     -99555.4221694821  -99578.9015287576  -99578.9015287575
 
0.7  0.87     -99555.4221693936  -99579.0700044057  -99579.0700044057
 
0.7  0.9     -99555.4221693984  -99579.2316976987  -99579.2316976987
 
0.7  0.93     -99555.4221694242  -99579.4344737915  -99579.4344737914
 
0.7  0.96     -99555.4221693877  -99579.6471485101  -99579.6471485101
 
0.7  0.99     -99555.4221694644  -99579.8203022008  -99579.8203022008
 
0.7  1.00     -99555.4221694861   -99579.880636389  -99579.8806363891
 
0.72  0.00     -99555.4221694746   -99579.996737696   -99579.996737696
 
0.72  0.03     -99555.4221694849  -99580.0868590731  -99580.0868590732
 
0.72  0.06      -99555.422169394  -99580.1178484788  -99580.1178484788
 
0.72  0.09     -99555.4221695645  -99580.0894146084  -99580.0894146084
 
0.72  0.12     -99555.4221695398  -99580.0109581458  -99580.0109581457
 
0.72  0.15     -99555.4221695034  -99579.9440599486  -99579.9440599486
 
0.72  0.18     -99555.4221697902  -99579.8841653156  -99579.8841653156
 
0.72  0.21     -99555.4221697601  -99579.7639885618  -99579.7639885618
 
0.72  0.24     -99555.4221698289  -99579.5849941537  -99579.5849941537
 
0.72  0.27     -99555.4221697418  -99579.3750733215  -99579.3750733215
 
0.72  0.3     -99555.4221696682  -99579.1793166451  -99579.1793166451
 
0.72  0.33     -99555.4221697972   -99579.242307195  -99579.2423071951
 
0.72  0.36     -99555.4221698313  -99579.4850584728  -99579.4850584728
 
0.72  0.39     -99555.4221698246  -99579.7085680411  -99579.7085680411
 
0.72  0.42     -99555.4221698532   -99579.924204418  -99579.9242044179
 
0.72  0.45     -99555.4221696159   -99580.122966527   -99580.122966527
 
0.72  0.48     -99555.4221698089  -99580.2695972068  -99580.2695972068
 
0.72  0.51     -99555.4221695717  -99580.3554028473  -99580.3554028473
 
0.72  0.54     -99555.4221695756  -99580.3748021453  -99580.3748021452
 
0.72  0.57     -99555.4221697645  -99580.3216685537  -99580.3216685537
 
0.72  0.6      -99555.422169774  -99580.1899912389  -99580.1899912389
 
0.72  0.63     -99555.4221696627  -99579.9759491419  -99579.9759491419
 
0.72  0.66     -99555.4221696906  -99579.6821538016  -99579.6821538017
 
0.72  0.69     -99555.4221696405  -99579.4820801734  -99579.4820801734
 
0.72  0.72     -99555.4221695461   -99579.317633685   -99579.317633685
 
0.72  0.75     -99555.4221695815  -99579.1213481102  -99579.1213481101
 
0.72  0.78     -99555.4221696712  -99578.9440151767  -99578.9440151767
 
0.72  0.81     -99555.4221696668  -99578.9148837564  -99578.9148837563
 
0.72  0.84     -99555.4221695172   -99579.072144505   -99579.072144505
 
0.72  0.87     -99555.4221694319  -99579.2416008829  -99579.2416008829
 
0.72  0.9      -99555.422169513   -99579.403059828  -99579.4030598281
 
0.72  0.93     -99555.4221694428  -99579.5841945867  -99579.5841945867
 
0.72  0.96     -99555.4221694315  -99579.7813390764  -99579.7813390764
 
0.72  0.99     -99555.4221695846  -99579.9411276793  -99579.9411276793
 
0.72  1.00     -99555.4221694746   -99579.996737696   -99579.996737696
 
0.76  0.00     -99555.4221694108  -99580.2033495944  -99580.2033495944
 
0.76  0.03     -99555.4221694604   -99580.268228401  -99580.2682284011
 
0.76  0.06     -99555.4221694796  -99580.2718039509  -99580.2718039509
 
0.76  0.09     -99555.4221694675  -99580.2100716216  -99580.2100716217
 
0.76  0.12       -99555.42216947  -99580.0841500171  -99580.0841500171
 
0.76  0.15     -99555.4221697051  -99579.9028290753  -99579.9028290754
 
0.76  0.18     -99555.4221695831  -99579.6993556565  -99579.6993556564
 
0.76  0.21       -99555.42216979  -99579.5314700815  -99579.5314700814
 
0.76  0.24     -99555.4221697131  -99579.3298608559  -99579.3298608558
 
0.76  0.27      -99555.422169685  -99579.1180687501  -99579.1180687501
 
0.76  0.3     -99555.4221698299  -99578.9032475128  -99578.9032475127
 
0.76  0.33     -99555.4221697043    -99578.90695636    -99578.90695636
 
0.76  0.36     -99555.4221696443  -99579.1696173257  -99579.1696173257
 
0.76  0.39     -99555.4221697229  -99579.4206641423  -99579.4206641423
 
0.76  0.42     -99555.4221695744  -99579.6886070173  -99579.6886070174
 
0.76  0.45     -99555.4221697519  -99579.9167427371  -99579.9167427371
 
0.76  0.48     -99555.4221695858  -99580.0868025668  -99580.0868025668
 
0.76  0.51     -99555.4221695951  -99580.1947160788  -99580.1947160788
 
0.76  0.54       -99555.42216961  -99580.2362190098  -99580.2362190097
 
0.76  0.57     -99555.4221695141  -99580.2059555888  -99580.2059555888
 
0.76  0.6     -99555.4221696734  -99580.0994585533  -99580.0994585534
 
0.76  0.63     -99555.4221697427  -99579.9188063552  -99579.9188063552
 
0.76  0.66     -99555.4221696998  -99579.8129430095  -99579.8129430095
 
0.76  0.69     -99555.4221697347  -99579.7280081059  -99579.7280081059
 
0.76  0.72     -99555.4221697126  -99579.5870525744  -99579.5870525743
 
0.76  0.75      -99555.422169575   -99579.408566716   -99579.408566716
 
0.76  0.78     -99555.4221695841  -99579.2365610114  -99579.2365610114
 
0.76  0.81     -99555.4221696069  -99579.2245653503  -99579.2245653503
 
0.76  0.84      -99555.422169643  -99579.3825771562  -99579.3825771561
 
0.76  0.87     -99555.4221695879  -99579.5519132382  -99579.5519132382
 
0.76  0.9     -99555.4221694989  -99579.7099281514  -99579.7099281514
 
0.76  0.93     -99555.4221694566  -99579.8613218572  -99579.8613218572
 
0.76  0.96     -99555.4221694044  -99580.0239298644  -99580.0239298645
 
0.76  0.99       -99555.42216933  -99580.1573618711   -99580.157361871
 
0.76  1.00     -99555.4221694108  -99580.2033495944  -99580.2033495944
 
0.80  0.00     -99555.4221694923  -99580.3762315736  -99580.3762315736
 
0.80  0.03     -99555.4221694101  -99580.4179466991   -99580.417946699
 
0.80  0.06      -99555.422169465  -99580.3981937569  -99580.3981937569
 
0.80  0.09     -99555.4221694179  -99580.3110430948  -99580.3110430947
 
0.80  0.12     -99555.4221695286  -99580.1547256946  -99580.1547256946
 
0.80  0.15     -99555.4221694965  -99579.9324807277  -99579.9324807277
 
0.80  0.18     -99555.4221696616  -99579.6536430789  -99579.6536430789
 
0.80  0.21      -99555.422169653  -99579.3517527607  -99579.3517527607
 
0.80  0.24     -99555.4221696473  -99579.0948706148  -99579.0948706148
 
0.80  0.27     -99555.4221698512  -99578.8314210931  -99578.8314210931
 
0.80  0.3     -99555.4221696519  -99578.6004046477  -99578.6004046477
 
0.80  0.33     -99555.4221696112   -99578.527657332   -99578.527657332
 
0.80  0.36     -99555.4221697447  -99578.8110837374  -99578.8110837373
 
0.80  0.39      -99555.422169583  -99579.1183288699  -99579.1183288699
 
0.80  0.42     -99555.4221697362  -99579.4300418286  -99579.4300418286
 
0.80  0.45     -99555.4221697059  -99579.6846714696  -99579.6846714696
 
0.80  0.48     -99555.4221696434  -99579.8789097228  -99579.8789097228
 
0.80  0.51     -99555.4221696992  -99580.0112583374  -99580.0112583373
 
0.80  0.54     -99555.4221697061  -99580.0788568891  -99580.0788568891
 
0.80  0.57     -99555.4221697139  -99580.0785012038  -99580.0785012039
 
0.80  0.6     -99555.4221697151  -99580.0134883671  -99580.0134883671
 
0.80  0.63     -99555.4221697148  -99580.0169822227  -99580.0169822228
 
0.80  0.66      -99555.422169692  -99580.0258553893  -99580.0258553893
 
0.80  0.69     -99555.4221697887  -99579.9669179243  -99579.9669179242
 
0.80  0.72     -99555.4221696548  -99579.8406790842  -99579.8406790842
 
0.80  0.75     -99555.4221697219  -99579.6679644595  -99579.6679644595
 
0.80  0.78     -99555.4221696958   -99579.490871236   -99579.490871236
 
0.80  0.81     -99555.4221695784  -99579.4901143671  -99579.4901143671
 
0.80  0.84     -99555.4221695755  -99579.6492460996  -99579.6492460996
 
0.80  0.87     -99555.4221695754  -99579.8165997317  -99579.8165997316
 
0.80  0.9     -99555.4221695381  -99579.9691097575  -99579.9691097575
 
0.80  0.93     -99555.4221694467  -99580.1038269076  -99580.1038269076
 
0.80  0.96     -99555.4221694472  -99580.2326386222  -99580.2326386221
 
0.80  0.99     -99555.4221694884    -99580.34001514  -99580.3400151399
 
0.80  1.00     -99555.4221694923  -99580.3762315736  -99580.3762315736
 
0.84  0.00     -99555.4221694627   -99580.516607368   -99580.516607368
 
0.84  0.03     -99555.4221693847   -99580.536961334   -99580.536961334
 
0.84  0.06     -99555.4221694129  -99580.4966947007  -99580.4966947007
 
0.84  0.09     -99555.4221695573  -99580.3885989004  -99580.3885989004
 
0.84  0.12     -99555.4221694021  -99580.2092660358  -99580.2092660358
 
0.84  0.15     -99555.4221694952  -99579.9595989682  -99579.9595989682
 
0.84  0.18     -99555.4221696453  -99579.6525804564  -99579.6525804564
 
0.84  0.21     -99555.4221694989  -99579.2832616791  -99579.2832616791
 
0.84  0.24     -99555.4221697725  -99578.8831045599  -99578.8831045599
 
0.84  0.27     -99555.4221696678  -99578.5469242961  -99578.5469242961
 
0.84  0.3     -99555.4221695726  -99578.2773558083  -99578.2773558084
 
0.84  0.33     -99555.4221697693  -99578.0797705283  -99578.0797705284
 
0.84  0.36     -99555.4221696114   -99578.413423644   -99578.413423644
 
0.84  0.39     -99555.4221697569  -99578.8105068648  -99578.8105068648
 
0.84  0.42     -99555.4221695922    -99579.15047194    -99579.15047194
 
0.84  0.45     -99555.4221696434   -99579.430258183   -99579.430258183
 
0.84  0.48     -99555.4221697177  -99579.6504736943  -99579.6504736943
 
0.84  0.51     -99555.4221695133   -99579.811537759   -99579.811537759
 
0.84  0.54     -99555.4221694863  -99579.9135233433  -99579.9135233433
 
0.84  0.57     -99555.4221696341  -99579.9645006735  -99579.9645006735
 
0.84  0.6     -99555.4221697567  -99580.0812575126  -99580.0812575126
 
0.84  0.63      -99555.422169704  -99580.1887646323  -99580.1887646322
 
0.84  0.66     -99555.4221698481  -99580.2256946648  -99580.2256946647
 
0.84  0.69     -99555.4221697789  -99580.1830067667  -99580.1830067667
 
0.84  0.72     -99555.4221696849  -99580.0651107236  -99580.0651107236
 
0.84  0.75     -99555.4221697043  -99579.8914298704  -99579.8914298704
 
0.84  0.78     -99555.4221697721  -99579.7042835845  -99579.7042835845
 
0.84  0.81     -99555.4221697776  -99579.7086869834  -99579.7086869834
 
0.84  0.84     -99555.4221695295  -99579.8693096753  -99579.8693096753
 
0.84  0.87     -99555.4221696532  -99580.0341466936  -99580.0341466935
 
0.84  0.9     -99555.4221696306   -99580.180716859  -99580.1807168589
 
0.84  0.93     -99555.4221693723   -99580.303688673   -99580.303688673
 
0.84  0.96      -99555.422169522  -99580.4076712534  -99580.4076712534
 
0.84  0.99     -99555.4221694549  -99580.4900610241  -99580.4900610241
 
0.84  1.00     -99555.4221694627   -99580.516607368   -99580.516607368
 
0.88  0.00     -99555.4221694338  -99580.6259792092  -99580.6259792091
 
0.88  0.03     -99555.4221694371   -99580.626962304   -99580.626962304
 
0.88  0.06     -99555.4221696053  -99580.5685886007  -99580.5685886006
 
0.88  0.09     -99555.4221693584  -99580.4427165906  -99580.4427165906
 
0.88  0.12     -99555.4221694818  -99580.2447768295  -99580.2447768295
 
0.88  0.15     -99555.4221696027  -99579.9829872059  -99579.9829872059
 
0.88  0.18     -99555.4221694521  -99579.6435969899  -99579.6435969899
 
0.88  0.21     -99555.4221697478  -99579.2427906702  -99579.2427906702
 
0.88  0.24     -99555.4221694792  -99578.7918470529  -99578.7918470529
 
0.88  0.27     -99555.4221696041  -99578.3066663943  -99578.3066663943
 
0.88  0.3     -99555.4221696988   -99577.937981694   -99577.937981694
 
0.88  0.33     -99555.4221696002  -99577.7246399249  -99577.7246399249
 
0.88  0.36     -99555.4221696131  -99578.0735846898  -99578.0735846898
 
0.88  0.39     -99555.4221695646  -99578.4932272865  -99578.4932272865
 
0.88  0.42     -99555.4221695774  -99578.8547374951  -99578.8547374952
 
0.88  0.45     -99555.4221695605  -99579.1597022073  -99579.1597022072
 
0.88  0.48     -99555.4221694959  -99579.4104533161  -99579.4104533161
 
0.88  0.51     -99555.4221696777  -99579.6108180045  -99579.6108180045
 
0.88  0.54     -99555.4221696735  -99579.7802501438  -99579.7802501438
 
0.88  0.57     -99555.4221695398  -99580.0032197385  -99580.0032197385
 
0.88  0.6     -99555.4221696358  -99580.2054046342  -99580.2054046341
 
0.88  0.63     -99555.4221696472   -99580.341608528  -99580.3416085281
 
0.88  0.66     -99555.4221696581   -99580.395622822   -99580.395622822
 
0.88  0.69     -99555.4221697516  -99580.3630613285  -99580.3630613286
 
0.88  0.72     -99555.4221696726  -99580.2494233416  -99580.2494233417
 
0.88  0.75     -99555.4221696926  -99580.0728500947  -99580.0728500947
 
0.88  0.78     -99555.4221698257  -99579.8742798322  -99579.8742798323
 
0.88  0.81     -99555.4221696852  -99579.8775151278  -99579.8775151278
 
0.88  0.84     -99555.4221697184  -99580.0403775481  -99580.0403775481
 
0.88  0.87     -99555.4221697545  -99580.2031967043  -99580.2031967043
 
0.88  0.9     -99555.4221696683  -99580.3445556217  -99580.3445556217
 
0.88  0.93     -99555.4221696043  -99580.4588180118  -99580.4588180119
 
0.88  0.96     -99555.4221695442  -99580.5470494333  -99580.5470494334
 
0.88  0.99     -99555.4221695225  -99580.6084461542  -99580.6084461543
 
0.88  1.00     -99555.4221694338  -99580.6259792092  -99580.6259792091
 
0.92  0.00     -99555.4221695177  -99580.7054499589   -99580.705449959
 
0.92  0.03     -99555.4221695131  -99580.6898348828  -99580.6898348828
 
0.92  0.06     -99555.4221694039  -99580.6157091403  -99580.6157091403
 
0.92  0.09     -99555.4221694728   -99580.481314073  -99580.4813140729
 
0.92  0.12     -99555.4221695015  -99580.2686305232  -99580.2686305232
 
0.92  0.15     -99555.4221693822  -99579.9814835569  -99579.9814835569
 
0.92  0.18     -99555.4221696449  -99579.6224284164  -99579.6224284164
 
0.92  0.21     -99555.4221694107  -99579.1986825913  -99579.1986825913
 
0.92  0.24     -99555.4221694988  -99578.7211137229  -99578.7211137229
 
0.92  0.27     -99555.4221697309  -99578.1988476377  -99578.1988476376
 
0.92  0.3      -99555.422169513   -99577.640031096   -99577.640031096
 
0.92  0.33     -99555.4221695922  -99577.3529472397  -99577.3529472397
 
0.92  0.36     -99555.4221696042  -99577.7310446814  -99577.7310446814
 
0.92  0.39     -99555.4221696017  -99578.1670653805  -99578.1670653804
 
0.92  0.42     -99555.4221695902  -99578.5494589325  -99578.5494589326
 
0.92  0.45     -99555.4221694831  -99578.8848645808  -99578.8848645808
 
0.92  0.48     -99555.4221696406  -99579.1822408257  -99579.1822408257
 
0.92  0.51     -99555.4221696537  -99579.4785265878  -99579.4785265879
 
0.92  0.54     -99555.4221696494  -99579.7907764403  -99579.7907764403
 
0.92  0.57     -99555.4221696115   -99580.076770824   -99580.076770824
 
0.92  0.6     -99555.4221696921  -99580.3069455652  -99580.3069455652
 
0.92  0.63     -99555.4221697502  -99580.4597266161  -99580.4597266161
 
0.92  0.66     -99555.4221696967  -99580.5240147955  -99580.5240147955
 
0.92  0.69     -99555.4221697415  -99580.4973803505  -99580.4973803506
 
0.92  0.72     -99555.4221697069  -99580.3858089341   -99580.385808934
 
0.92  0.75      -99555.422169889  -99580.2065443172  -99580.2065443173
 
0.92  0.78     -99555.4221698157  -99579.9980322459  -99579.9980322459
 
0.92  0.81     -99555.4221697663  -99579.9939597659  -99579.9939597659
 
0.92  0.84     -99555.4221697485  -99580.1602670959  -99580.1602670959
 
0.92  0.87     -99555.4221698234  -99580.3223690045  -99580.3223690045
 
0.92  0.9     -99555.4221697037  -99580.4601958347  -99580.4601958347
 
0.92  0.93     -99555.4221696613  -99580.5687352585  -99580.5687352585
 
0.92  0.96     -99555.4221697086  -99580.6478685753  -99580.6478685752
 
0.92  0.99     -99555.4221694999  -99580.6952296953  -99580.6952296953
 
0.92  1.00     -99555.4221695177  -99580.7054499589   -99580.705449959
 
0.96  0.00     -99555.4221696066    -99580.75464778    -99580.75464778
 
0.96  0.03     -99555.4221694631   -99580.727264551   -99580.727264551
 
0.96  0.06     -99555.4221695165   -99580.644247727  -99580.6442477271
 
0.96  0.09     -99555.4221695673  -99580.4912615998  -99580.4912615998
 
0.96  0.12     -99555.4221693875  -99580.2652325131   -99580.265232513
 
0.96  0.15     -99555.4221696114   -99579.963044349   -99579.963044349
 
0.96  0.18     -99555.4221694193  -99579.5860111187  -99579.5860111186
 
0.96  0.21     -99555.4221695272  -99579.1412955645  -99579.1412955644
 
0.96  0.24     -99555.4221695773  -99578.6416621289  -99578.6416621288
 
0.96  0.27     -99555.4221694372  -99578.0958617243  -99578.0958617243
 
0.96  0.3     -99555.4221694965  -99577.5081133974  -99577.5081133974
 
0.96  0.33     -99555.4221696612  -99576.9614929703  -99576.9614929703
 
0.96  0.36     -99555.4221694377   -99577.381439387   -99577.381439387
 
0.96  0.39     -99555.4221695744  -99577.8357110263  -99577.8357110263
 
0.96  0.42     -99555.4221694657   -99578.248258212  -99578.2482582121
 
0.96  0.45     -99555.4221695409  -99578.6538114015  -99578.6538114015
 
0.96  0.48     -99555.4221696204  -99579.0712288864  -99579.0712288864
 
0.96  0.51     -99555.4221695009  -99579.4595248059  -99579.4595248059
 
0.96  0.54     -99555.4221695661  -99579.8159234952  -99579.8159234952
 
0.96  0.57     -99555.4221696735  -99580.1273489441  -99580.1273489442
 
0.96  0.6     -99555.4221695686  -99580.3722442188  -99580.3722442188
 
0.96  0.63     -99555.4221696122  -99580.5337987045  -99580.5337987045
 
0.96  0.66     -99555.4221697249   -99580.603385398   -99580.603385398
 
0.96  0.69     -99555.4221697346  -99580.5797132199  -99580.5797132199
 
0.96  0.72     -99555.4221696949  -99580.4690025945  -99580.4690025946
 
0.96  0.75     -99555.4221697915  -99580.2878889449   -99580.287888945
 
0.96  0.78      -99555.422169856  -99580.0723880098  -99580.0723880097
 
0.96  0.81     -99555.4221698714  -99580.0557577829  -99580.0557577828
 
0.96  0.84     -99555.4221696568  -99580.2270834713  -99580.2270834713
 
0.96  0.87     -99555.4221698126  -99580.3904108122  -99580.3904108123
 
0.96  0.9     -99555.4221696564  -99580.5271566533  -99580.5271566533
 
0.96  0.93     -99555.4221696729  -99580.6333090606  -99580.6333090606
 
0.96  0.96     -99555.4221697577    -99580.70861343    -99580.70861343
 
0.96  0.99     -99555.4221696497  -99580.7491932843  -99580.7491932843
 
0.96  1.00     -99555.4221696066    -99580.75464778    -99580.75464778
 
1.00  0.00     -99555.4221694743  -99580.7721065297  -99580.7721065297
 
1.00  0.03     -99555.4221695776  -99580.7403227724  -99580.7403227724
 
1.00  0.06     -99555.4221696619  -99580.6469428172  -99580.6469428172
 
1.00  0.09     -99555.4221694328  -99580.4850882163  -99580.4850882163
 
1.00  0.12     -99555.4221696041   -99580.248566248   -99580.248566248
 
1.00  0.15     -99555.4221695169  -99579.9328033413  -99579.9328033413
 
1.00  0.18     -99555.4221693668  -99579.5369796845  -99579.5369796845
 
1.00  0.21     -99555.4221695853  -99579.0683597286  -99579.0683597286
 
1.00  0.24     -99555.4221694047  -99578.5449594029  -99578.5449594028
 
1.00  0.27      -99555.422169475  -99577.9774087822  -99577.9774087822
 
1.00  0.3     -99555.4221695216  -99577.3676770502  -99577.3676770501
 
1.00  0.33     -99555.4221694355  -99576.7181621926  -99576.7181621926
 
1.00  0.36     -99555.4221695493  -99577.0408679724  -99577.0408679724
 
1.00  0.39      -99555.422169409  -99577.5798496709  -99577.5798496709
 
1.00  0.42      -99555.422169527  -99578.0890957029  -99578.0890957028
 
1.00  0.45     -99555.4221695453   -99578.578471647  -99578.5784716471
 
1.00  0.48     -99555.4221694372  -99579.0313613681  -99579.0313613681
 
1.00  0.51     -99555.4221696688  -99579.4469930735  -99579.4469930735
 
1.00  0.54     -99555.4221696644  -99579.8226867098  -99579.8226867098
 
1.00  0.57      -99555.422169569  -99580.1446494862  -99580.1446494862
 
1.00  0.6     -99555.4221696664  -99580.3946511359  -99580.3946511359
 
1.00  0.63     -99555.4221695408  -99580.5587401615  -99580.5587401614
 
1.00  0.66     -99555.4221696299  -99580.6296379699  -99580.6296379699
 
1.00  0.69     -99555.4221697999  -99580.6066070717  -99580.6066070717
 
1.00  0.72     -99555.4221697366  -99580.4959300512  -99580.4959300511
 
1.00  0.75     -99555.4221697503   -99580.313882954   -99580.313882954
 
1.00  0.78     -99555.4221698752    -99580.09457554    -99580.09457554
 
1.00  0.81      -99555.422169747  -99580.0612857887  -99580.0612857887
 
1.00  0.84     -99555.4221698218  -99580.2394312014  -99580.2394312013
 
1.00  0.87     -99555.4221698229  -99580.4064088993  -99580.4064088994
 
1.00  0.9     -99555.4221697598  -99580.5451048653  -99580.5451048653
 
1.00  0.93     -99555.4221698099  -99580.6526116317  -99580.6526116317
 
1.00  0.96     -99555.4221696696  -99580.7289707367  -99580.7289707366
 
1.00  0.99      -99555.422169558  -99580.7690695574  -99580.7690695574
 
1.00  1.00     -99555.4221694743  -99580.7721065297  -99580.7721065297
