0.00  0.00     -110408.057306717  -110425.698808932  -110425.698808932
 
0.00  0.03     -110408.057306487  -110425.681229498  -110425.681229498
 
0.00  0.06     -110408.057306579  -110425.625377627  -110425.625377627
 
0.00  0.09     -110408.057306334  -110425.527105338  -110425.527105338
 
0.00  0.12     -110408.057306442  -110425.383109093  -110425.383109093
 
0.00  0.15     -110408.057306708  -110425.191267394  -110425.191267394
 
0.00  0.18     -110408.057307004  -110424.950979221  -110424.950979221
 
0.00  0.21     -110408.057306551  -110424.663614436  -110424.663614436
 
0.00  0.24     -110408.057306748  -110424.333067284  -110424.333067284
 
0.00  0.27     -110408.057306875  -110423.966752663  -110423.966752663
 
0.00  0.3     -110408.057306683  -110423.578276046  -110423.578276046
 
0.00  0.33     -110408.057306295  -110423.237421685  -110423.237421685
 
0.00  0.36     -110408.057306279  -110423.407877497  -110423.407877497
 
0.00  0.39     -110408.057306707  -110423.743701214  -110423.743701214
 
0.00  0.42     -110408.057306742  -110424.079679217  -110424.079679217
 
0.00  0.45     -110408.057306664  -110424.384427942  -110424.384427942
 
0.00  0.48     -110408.057306482  -110424.654734817  -110424.654734817
 
0.00  0.51     -110408.057306294   -110424.88952297   -110424.88952297
 
0.00  0.54     -110408.057306768  -110425.087866246  -110425.087866246
 
0.00  0.57     -110408.057306205  -110425.248079699  -110425.248079699
 
0.00  0.6     -110408.057306439  -110425.367406518  -110425.367406518
 
0.00  0.63     -110408.057306698  -110425.442811797  -110425.442811797
 
0.00  0.66     -110408.057306331  -110425.473482537  -110425.473482537
 
0.00  0.69     -110408.057306777   -110425.46380847  -110425.463808471
 
0.00  0.72      -110408.05730665  -110425.425123948  -110425.425123948
 
0.00  0.75     -110408.057306731  -110425.376949837  -110425.376949837
 
0.00  0.78      -110408.05730667  -110425.344932958  -110425.344932958
 
0.00  0.81     -110408.057306414  -110425.350437558  -110425.350437558
 
0.00  0.84     -110408.057306615  -110425.396893179  -110425.396893179
 
0.00  0.87     -110408.057306297   -110425.46877031   -110425.46877031
 
0.00  0.9     -110408.057306713  -110425.546834068  -110425.546834068
 
0.00  0.93      -110408.05730655  -110425.617102245  -110425.617102245
 
0.00  0.96      -110408.05730648  -110425.669672715  -110425.669672715
 
0.00  0.99     -110408.057306796   -110425.69656275   -110425.69656275
 
0.00  1.00     -110408.057306717  -110425.698808932  -110425.698808932
 
0.04  0.00     -110408.057306593  -110425.688995836  -110425.688995836
 
0.04  0.03     -110408.057306833  -110425.672495604  -110425.672495603
 
0.04  0.06      -110408.05730695  -110425.616916478  -110425.616916478
 
0.04  0.09     -110408.057306881  -110425.518314815  -110425.518314815
 
0.04  0.12     -110408.057306902  -110425.373606069  -110425.373606069
 
0.04  0.15     -110408.057306664  -110425.180852078  -110425.180852079
 
0.04  0.18     -110408.057306501  -110424.939582251  -110424.939582251
 
0.04  0.21     -110408.057306886  -110424.651322003  -110424.651322003
 
0.04  0.24     -110408.057306671   -110424.32033342   -110424.32033342
 
0.04  0.27     -110408.057306659  -110423.955028291  -110423.955028291
 
0.04  0.3     -110408.057306882  -110423.573521996  -110423.573521996
 
0.04  0.33     -110408.057306927  -110423.425808516  -110423.425808516
 
0.04  0.36     -110408.057306838  -110423.569048246  -110423.569048246
 
0.04  0.39      -110408.05730629  -110423.821996472  -110423.821996472
 
0.04  0.42      -110408.05730631  -110424.127500345  -110424.127500345
 
0.04  0.45     -110408.057306532  -110424.415133833  -110424.415133833
 
0.04  0.48     -110408.057306716  -110424.674040198  -110424.674040198
 
0.04  0.51     -110408.057306704  -110424.900524711  -110424.900524711
 
0.04  0.54     -110408.057306383  -110425.092339542  -110425.092339542
 
0.04  0.57     -110408.057306678  -110425.247055018  -110425.247055018
 
0.04  0.6     -110408.057306714  -110425.361568363  -110425.361568363
 
0.04  0.63     -110408.057306423  -110425.432805379  -110425.432805379
 
0.04  0.66     -110408.057306867   -110425.45986423   -110425.45986423
 
0.04  0.69      -110408.05730641  -110425.447001277  -110425.447001277
 
0.04  0.72     -110408.057306534  -110425.405760023  -110425.405760023
 
0.04  0.75     -110408.057306762  -110425.355791346  -110425.355791346
 
0.04  0.78      -110408.05730648  -110425.322308261  -110425.322308261
 
0.04  0.81     -110408.057306748  -110425.326791279  -110425.326791279
 
0.04  0.84     -110408.057306268  -110425.373712985  -110425.373712985
 
0.04  0.87      -110408.05730669   -110425.44763089   -110425.44763089
 
0.04  0.9     -110408.057306363  -110425.528813223  -110425.528813223
 
0.04  0.93     -110408.057306416  -110425.602813238  -110425.602813238
 
0.04  0.96     -110408.057306617  -110425.659048892  -110425.659048892
 
0.04  0.99     -110408.057306318    -110425.6874964    -110425.6874964
 
0.04  1.00     -110408.057306593  -110425.688995836  -110425.688995836
 
0.08  0.00     -110408.057306378  -110425.660064784  -110425.660064784
 
0.08  0.03     -110408.057306483  -110425.647865545  -110425.647865545
 
0.08  0.06     -110408.057306408  -110425.596082453  -110425.596082453
 
0.08  0.09     -110408.057306659  -110425.501048774  -110425.501048774
 
0.08  0.12     -110408.057306508  -110425.360051876  -110425.360051876
 
0.08  0.15     -110408.057306986  -110425.171674411  -110425.171674411
 
0.08  0.18     -110408.057307113  -110424.936260725  -110424.936260725
 
0.08  0.21     -110408.057306758  -110424.656928321  -110424.656928321
 
0.08  0.24     -110408.057306864  -110424.342255623  -110424.342255623
 
0.08  0.27     -110408.057306592  -110424.016930931  -110424.016930931
 
0.08  0.3     -110408.057306482  -110423.747392023  -110423.747392023
 
0.08  0.33     -110408.057306319  -110423.721514382  -110423.721514382
 
0.08  0.36     -110408.057306396  -110423.845741094  -110423.845741094
 
0.08  0.39     -110408.057306731  -110424.031566437  -110424.031566437
 
0.08  0.42      -110408.05730651  -110424.265800748  -110424.265800748
 
0.08  0.45     -110408.057306464  -110424.512099467  -110424.512099467
 
0.08  0.48     -110408.057306107  -110424.740912726  -110424.740912726
 
0.08  0.51     -110408.057306296  -110424.943265728  -110424.943265728
 
0.08  0.54     -110408.057306517  -110425.114801236  -110425.114801236
 
0.08  0.57     -110408.057306522  -110425.252084132  -110425.252084132
 
0.08  0.6     -110408.057306186  -110425.351643088  -110425.351643088
 
0.08  0.63     -110408.057306901  -110425.410392081  -110425.410392081
 
0.08  0.66     -110408.057306519   -110425.42738431   -110425.42738431
 
0.08  0.69     -110408.057306854  -110425.406507148  -110425.406507148
 
0.08  0.72     -110408.057306812  -110425.359172013  -110425.359172013
 
0.08  0.75     -110408.057306536  -110425.304918738  -110425.304918738
 
0.08  0.78     -110408.057306754  -110425.268309826  -110425.268309826
 
0.08  0.81     -110408.057306403  -110425.270988074  -110425.270988074
 
0.08  0.84     -110408.057306792  -110425.318592292  -110425.318592292
 
0.08  0.87     -110408.057306596  -110425.395934783  -110425.395934783
 
0.08  0.9     -110408.057306488  -110425.482459262  -110425.482459262
 
0.08  0.93     -110408.057306707   -110425.56228631   -110425.56228631
 
0.08  0.96     -110408.057306227  -110425.623795645  -110425.623795645
 
0.08  0.99     -110408.057306676  -110425.658453883  -110425.658453883
 
0.08  1.00     -110408.057306378  -110425.660064784  -110425.660064784
 
0.12  0.00      -110408.05730674    -110425.6129044    -110425.6129044
 
0.12  0.03     -110408.057306889  -110425.608348276  -110425.608348276
 
0.12  0.06     -110408.057306856   -110425.56414097   -110425.56414097
 
0.12  0.09     -110408.057306587  -110425.477038544  -110425.477038544
 
0.12  0.12     -110408.057306701  -110425.344936376  -110425.344936375
 
0.12  0.15     -110408.057306572  -110425.167488355  -110425.167488355
 
0.12  0.18     -110408.057306539  -110424.947079291  -110424.947079291
 
0.12  0.21     -110408.057306577  -110424.691161097  -110424.691161097
 
0.12  0.24     -110408.057306486  -110424.417663569  -110424.417663569
 
0.12  0.27     -110408.057306918  -110424.162492295  -110424.162492295
 
0.12  0.3     -110408.057306975   -110423.99246599   -110423.99246599
 
0.12  0.33     -110408.057306926  -110424.007559497  -110424.007559497
 
0.12  0.36     -110408.057306588   -110424.11886746   -110424.11886746
 
0.12  0.39     -110408.057306515  -110424.274802924  -110424.274802924
 
0.12  0.42     -110408.057306626  -110424.457576118  -110424.457576118
 
0.12  0.45     -110408.057306704  -110424.654822839  -110424.654822839
 
0.12  0.48     -110408.057306836  -110424.844749287  -110424.844749287
 
0.12  0.51     -110408.057306774  -110425.013810985  -110425.013810985
 
0.12  0.54     -110408.057306666  -110425.155732387  -110425.155732387
 
0.12  0.57     -110408.057306423  -110425.266375669  -110425.266375669
 
0.12  0.6     -110408.057306833  -110425.342224312  -110425.342224312
 
0.12  0.63     -110408.057306346  -110425.380568073  -110425.380568073
 
0.12  0.66     -110408.057306601  -110425.380779639  -110425.380779639
 
0.12  0.69     -110408.057306647  -110425.346522502  -110425.346522502
 
0.12  0.72     -110408.057306454  -110425.288827506  -110425.288827506
 
0.12  0.75     -110408.057306848  -110425.226832979  -110425.226832979
 
0.12  0.78     -110408.057306417  -110425.184541861  -110425.184541861
 
0.12  0.81     -110408.057306765  -110425.183928654  -110425.183928654
 
0.12  0.84     -110408.057306419  -110425.232081611  -110425.232081611
 
0.12  0.87     -110408.057306426  -110425.314169975  -110425.314169975
 
0.12  0.9     -110408.057306674  -110425.409313418  -110425.409313418
 
0.12  0.93     -110408.057306285   -110425.49727208   -110425.49727208
 
0.12  0.96     -110408.057306764  -110425.567399389  -110425.567399389
 
0.12  0.99     -110408.057306616  -110425.610086875  -110425.610086875
 
0.12  1.00      -110408.05730674    -110425.6129044    -110425.6129044
 
0.16  0.00     -110408.057306393  -110425.548561127  -110425.548561127
 
0.16  0.03     -110408.057306399     -110425.555112     -110425.555112
 
0.16  0.06     -110408.057306425  -110425.522513187  -110425.522513187
 
0.16  0.09     -110408.057306757  -110425.448131285  -110425.448131285
 
0.16  0.12     -110408.057306818   -110425.33078614   -110425.33078614
 
0.16  0.15      -110408.05730692  -110425.171802736  -110425.171802736
 
0.16  0.18     -110408.057306998  -110424.976517119  -110424.976517119
 
0.16  0.21     -110408.057306842  -110424.756901337  -110424.756901337
 
0.16  0.24     -110408.057306822  -110424.534810928  -110424.534810928
 
0.16  0.27     -110408.057306422  -110424.343739309  -110424.343739309
 
0.16  0.3     -110408.057306479  -110424.243907022  -110424.243907022
 
0.16  0.33     -110408.057306478  -110424.274587683  -110424.274587683
 
0.16  0.36     -110408.057306679  -110424.376191728  -110424.376191728
 
0.16  0.39     -110408.057306398  -110424.511824146  -110424.511824146
 
0.16  0.42     -110408.057306296  -110424.663327908  -110424.663327908
 
0.16  0.45     -110408.057306259   -110424.82067953   -110424.82067953
 
0.16  0.48     -110408.057306307  -110424.972158995  -110424.972158995
 
0.16  0.51     -110408.057306421  -110425.105664988  -110425.105664988
 
0.16  0.54     -110408.057306274  -110425.213968385  -110425.213968384
 
0.16  0.57     -110408.057306789  -110425.292720461  -110425.292720461
 
0.16  0.6     -110408.057306432  -110425.338738015  -110425.338738015
 
0.16  0.63     -110408.057306804  -110425.349961565  -110425.349961565
 
0.16  0.66     -110408.057306807  -110425.326612219  -110425.326612219
 
0.16  0.69     -110408.057306503  -110425.272858415  -110425.272858415
 
0.16  0.72     -110408.057306892  -110425.199429161  -110425.199429161
 
0.16  0.75     -110408.057306407  -110425.124928596  -110425.124928596
 
0.16  0.78     -110408.057306835   -110425.07317325   -110425.07317325
 
0.16  0.81     -110408.057306552  -110425.066800748  -110425.066800748
 
0.16  0.84     -110408.057306541  -110425.114897459  -110425.114897459
 
0.16  0.87     -110408.057306717  -110425.205290111  -110425.205290111
 
0.16  0.9     -110408.057306368  -110425.308830825  -110425.308830825
 
0.16  0.93     -110408.057306585  -110425.408269001  -110425.408269001
 
0.16  0.96     -110408.057306402  -110425.489677612  -110425.489677612
 
0.16  0.99     -110408.057306406  -110425.543241761  -110425.543241761
 
0.16  1.00     -110408.057306393  -110425.548561127  -110425.548561127
 
0.20  0.00     -110408.057306568  -110425.468427918  -110425.468427918
 
0.20  0.03     -110408.057306382  -110425.489706488  -110425.489706488
 
0.20  0.06      -110408.05730629  -110425.473012535  -110425.473012535
 
0.20  0.09     -110408.057306389  -110425.416513591  -110425.416513591
 
0.20  0.12     -110408.057306531  -110425.320218114  -110425.320218114
 
0.20  0.15     -110408.057306736  -110425.187339371  -110425.187339371
 
0.20  0.18     -110408.057306726  -110425.025511749  -110425.025511749
 
0.20  0.21      -110408.05730654  -110424.848003563  -110424.848003563
 
0.20  0.24      -110408.05730672  -110424.675067626  -110424.675067626
 
0.20  0.27      -110408.05730682  -110424.536152462  -110424.536152462
 
0.20  0.3     -110408.057306548  -110424.479574423  -110424.479574423
 
0.20  0.33     -110408.057306383  -110424.517779617  -110424.517779617
 
0.20  0.36     -110408.057306207   -110424.61150704   -110424.61150704
 
0.20  0.39     -110408.057306918  -110424.731665361  -110424.731665361
 
0.20  0.42     -110408.057306779  -110424.860947094  -110424.860947094
 
0.20  0.45     -110408.057306667  -110424.989272892  -110424.989272892
 
0.20  0.48     -110408.057306377  -110425.108478099  -110425.108478099
 
0.20  0.51     -110408.057306239  -110425.209610473  -110425.209610473
 
0.20  0.54     -110408.057306717  -110425.285432193  -110425.285432193
 
0.20  0.57     -110408.057306495  -110425.331495566  -110425.331495566
 
0.20  0.6     -110408.057306514  -110425.345161763  -110425.345161763
 
0.20  0.63     -110408.057306676  -110425.325144145  -110425.325144144
 
0.20  0.66      -110408.05730626  -110425.272534202  -110425.272534202
 
0.20  0.69     -110408.057306896  -110425.192623757  -110425.192623757
 
0.20  0.72     -110408.057306667  -110425.096676048  -110425.096676048
 
0.20  0.75     -110408.057306622  -110425.003364617  -110425.003364617
 
0.20  0.78     -110408.057306564  -110424.936892148  -110424.936892148
 
0.20  0.81     -110408.057306361  -110424.919177678  -110424.919177678
 
0.20  0.84     -110408.057306791  -110424.969025463  -110424.969025463
 
0.20  0.87     -110408.057306391  -110425.066169772  -110425.066169772
 
0.20  0.9     -110408.057306564  -110425.182935503  -110425.182935503
 
0.20  0.93     -110408.057306643  -110425.296474831  -110425.296474831
 
0.20  0.96     -110408.057306297  -110425.391775081  -110425.391775081
 
0.20  0.99     -110408.057306723  -110425.459125778  -110425.459125778
 
0.20  1.00     -110408.057306568  -110425.468427918  -110425.468427918
 
0.24  0.00     -110408.057306437  -110425.374590055  -110425.374590055
 
0.24  0.03     -110408.057306743  -110425.414474423  -110425.414474423
 
0.24  0.06     -110408.057306665  -110425.418325924  -110425.418325924
 
0.24  0.09     -110408.057306898  -110425.385236932  -110425.385236932
 
0.24  0.12     -110408.057306987  -110425.316409548  -110425.316409548
 
0.24  0.15     -110408.057306608  -110425.216149824  -110425.216149824
 
0.24  0.18     -110408.057306507  -110425.091934282  -110425.091934282
 
0.24  0.21     -110408.057306873  -110424.955385421  -110424.955385421
 
0.24  0.24     -110408.057306582  -110424.823826852  -110424.823826852
 
0.24  0.27     -110408.057306578  -110424.723884897  -110424.723884897
 
0.24  0.3     -110408.057306574  -110424.692457208  -110424.692457208
 
0.24  0.33     -110408.057306719   -110424.73403713   -110424.73403713
 
0.24  0.36     -110408.057306865  -110424.821071232  -110424.821071232
 
0.24  0.39     -110408.057306218  -110424.928932121  -110424.928932121
 
0.24  0.42     -110408.057306256  -110425.041201642  -110425.041201642
 
0.24  0.45     -110408.057306443  -110425.147756975  -110425.147756975
 
0.24  0.48     -110408.057306497  -110425.241523299  -110425.241523299
 
0.24  0.51     -110408.057306758  -110425.315572322  -110425.315572322
 
0.24  0.54     -110408.057306418  -110425.363227853  -110425.363227853
 
0.24  0.57     -110408.057306861  -110425.379633527  -110425.379633527
 
0.24  0.6     -110408.057306606  -110425.362196817  -110425.362196817
 
0.24  0.63     -110408.057306406  -110425.310288319  -110425.310288319
 
0.24  0.66     -110408.057306875  -110425.225590347  -110425.225590347
 
0.24  0.69     -110408.057306492  -110425.113854865  -110425.113854865
 
0.24  0.72     -110408.057306609  -110424.987478182  -110424.987478182
 
0.24  0.75      -110408.05730662  -110424.867122605  -110424.867122605
 
0.24  0.78     -110408.057306569  -110424.770265225  -110424.770265225
 
0.24  0.81     -110408.057306877  -110424.743700399  -110424.743700399
 
0.24  0.84     -110408.057306343  -110424.792159743  -110424.792159743
 
0.24  0.87     -110408.057306663  -110424.900426201  -110424.900426201
 
0.24  0.9     -110408.057306375  -110425.033352308  -110425.033352308
 
0.24  0.93     -110408.057306308  -110425.163528188  -110425.163528188
 
0.24  0.96     -110408.057306504  -110425.275382218  -110425.275382218
 
0.24  0.99     -110408.057306351  -110425.359598155  -110425.359598155
 
0.24  1.00     -110408.057306437  -110425.374590055  -110425.374590055
 
0.28  0.00     -110408.057306231  -110425.270268754  -110425.270268754
 
0.28  0.03     -110408.057306313  -110425.333013011  -110425.333013011
 
0.28  0.06     -110408.057306383  -110425.362406871  -110425.362406871
 
0.28  0.09     -110408.057306649   -110425.35833784   -110425.35833784
 
0.28  0.12     -110408.057306563   -110425.32234793   -110425.32234793
 
0.28  0.15     -110408.057306956  -110425.257866638  -110425.257866638
 
0.28  0.18     -110408.057306933  -110425.170379179  -110425.170379179
 
0.28  0.21     -110408.057306822  -110425.069066829  -110425.069066829
 
0.28  0.24     -110408.057306924  -110424.969354137  -110424.969354137
 
0.28  0.27     -110408.057306502  -110424.895996278  -110424.895996278
 
0.28  0.3     -110408.057306358  -110424.878752243  -110424.878752243
 
0.28  0.33      -110408.05730639  -110424.921217898  -110424.921217898
 
0.28  0.36     -110408.057306437  -110425.002469609  -110425.002469609
 
0.28  0.39     -110408.057306752  -110425.100469005  -110425.100469005
 
0.28  0.42     -110408.057306551  -110425.199429223  -110425.199429223
 
0.28  0.45      -110408.05730633  -110425.289272144  -110425.289272144
 
0.28  0.48     -110408.057306323  -110425.363260921  -110425.363260921
 
0.28  0.51     -110408.057306378  -110425.415502791  -110425.415502791
 
0.28  0.54     -110408.057306551  -110425.439936623  -110425.439936623
 
0.28  0.57     -110408.057306765  -110425.431474327  -110425.431474327
 
0.28  0.6     -110408.057306404  -110425.387035564  -110425.387035564
 
0.28  0.63     -110408.057306793  -110425.305888164  -110425.305888164
 
0.28  0.66     -110408.057306567  -110425.189787513  -110425.189787513
 
0.28  0.69     -110408.057306647  -110425.044049046  -110425.044049046
 
0.28  0.72     -110408.057306878  -110424.874812336  -110424.874812336
 
0.28  0.75     -110408.057306396  -110424.711826062  -110424.711826062
 
0.28  0.78     -110408.057306829  -110424.590645577  -110424.590645577
 
0.28  0.81     -110408.057306426  -110424.543049039  -110424.543049039
 
0.28  0.84     -110408.057306793  -110424.587833699  -110424.587833699
 
0.28  0.87     -110408.057306595  -110424.710453691  -110424.710453691
 
0.28  0.9     -110408.057306329  -110424.862459733  -110424.862459733
 
0.28  0.93     -110408.057306622   -110425.01183355   -110425.01183355
 
0.28  0.96     -110408.057306263  -110425.143114038  -110425.143114038
 
0.28  0.99     -110408.057306381  -110425.247598253  -110425.247598253
 
0.28  1.00     -110408.057306231  -110425.270268754  -110425.270268754
 
0.32  0.00     -110408.057306645  -110425.160291296  -110425.160291296
 
0.32  0.03     -110408.057306877  -110425.250448826  -110425.250448826
 
0.32  0.06     -110408.057306679  -110425.310216467  -110425.310216467
 
0.32  0.09     -110408.057306561  -110425.339429795  -110425.339429795
 
0.32  0.12     -110408.057306743  -110425.338504127  -110425.338504127
 
0.32  0.15     -110408.057306476  -110425.308697347  -110425.308697347
 
0.32  0.18     -110408.057306489  -110425.253132522  -110425.253132522
 
0.32  0.21     -110408.057306627  -110425.179374259  -110425.179374259
 
0.32  0.24     -110408.057306443  -110425.102274934  -110425.102274935
 
0.32  0.27     -110408.057306804  -110425.045648802  -110425.045648802
 
0.32  0.3     -110408.057306871  -110425.035956357  -110425.035956357
 
0.32  0.33     -110408.057306778  -110425.077787158  -110425.077787158
 
0.32  0.36     -110408.057306786  -110425.154091932  -110425.154091932
 
0.32  0.39     -110408.057306388  -110425.244295729  -110425.244295729
 
0.32  0.42     -110408.057306588   -110425.33295451   -110425.33295451
 
0.32  0.45     -110408.057306786   -110425.41004004   -110425.41004004
 
0.32  0.48     -110408.057306793  -110425.468875202  -110425.468875202
 
0.32  0.51     -110408.057306726  -110425.504006064  -110425.504006064
 
0.32  0.54     -110408.057306712  -110425.509879516  -110425.509879516
 
0.32  0.57     -110408.057306553  -110425.481379123  -110425.481379123
 
0.32  0.6      -110408.05730691  -110425.414946246  -110425.414946246
 
0.32  0.63     -110408.057306355   -110425.30918205   -110425.30918205
 
0.32  0.66     -110408.057306787  -110425.165229939  -110425.165229939
 
0.32  0.69     -110408.057306698  -110424.987654136  -110424.987654136
 
0.32  0.72     -110408.057306431  -110424.780746316  -110424.780746316
 
0.32  0.75     -110408.057306838  -110424.569006934  -110424.569006934
 
0.32  0.78     -110408.057306413  -110424.399422337  -110424.399422337
 
0.32  0.81     -110408.057306776  -110424.320315126  -110424.320315126
 
0.32  0.84     -110408.057306551   -110424.35828782   -110424.35828782
 
0.32  0.87     -110408.057306384  -110424.499720181  -110424.499720181
 
0.32  0.9     -110408.057306593  -110424.673663771  -110424.673663771
 
0.32  0.93     -110408.057306217  -110424.845047277  -110424.845047277
 
0.32  0.96     -110408.057306702  -110424.999031946  -110424.999031946
 
0.32  0.99      -110408.05730647  -110425.127680761  -110425.127680761
 
0.32  1.00     -110408.057306645  -110425.160291296  -110425.160291296
 
0.36  0.00     -110408.057306489  -110425.051440504  -110425.051440504
 
0.36  0.03     -110408.057306614  -110425.173081145  -110425.173081145
 
0.36  0.06     -110408.057306771  -110425.266298329  -110425.266298329
 
0.36  0.09      -110408.05730664  -110425.329821309  -110425.329821309
 
0.36  0.12     -110408.057306825  -110425.362078779  -110425.362078779
 
0.36  0.15      -110408.05730667  -110425.362140639  -110425.362140639
 
0.36  0.18     -110408.057306526  -110425.331622904  -110425.331622904
 
0.36  0.21     -110408.057306789  -110425.277722399  -110425.277722399
 
0.36  0.24     -110408.057306568  -110425.215443566  -110425.215443566
 
0.36  0.27     -110408.057306607  -110425.168482063  -110425.168482063
 
0.36  0.3     -110408.057306629  -110425.162234204  -110425.162234204
 
0.36  0.33     -110408.057306768  -110425.202598843  -110425.202598843
 
0.36  0.36     -110408.057306742  -110425.274846545  -110425.274846545
 
0.36  0.39     -110408.057306345  -110425.359142965  -110425.359142965
 
0.36  0.42     -110408.057306317    -110425.4401769    -110425.4401769
 
0.36  0.45     -110408.057306547  -110425.507893684  -110425.507893684
 
0.36  0.48     -110408.057306795  -110425.555531665  -110425.555531665
 
0.36  0.51     -110408.057306876  -110425.577718693  -110425.577718693
 
0.36  0.54     -110408.057306475  -110425.569235438  -110425.569235438
 
0.36  0.57     -110408.057306755  -110425.525072732  -110425.525072732
 
0.36  0.6      -110408.05730683  -110425.441330268  -110425.441330268
 
0.36  0.63     -110408.057306474   -110425.31593789   -110425.31593789
 
0.36  0.66     -110408.057306972   -110425.15360019   -110425.15360019
 
0.36  0.69     -110408.057306472  -110424.945788934  -110424.945788934
 
0.36  0.72     -110408.057306642  -110424.704984641  -110424.704984641
 
0.36  0.75     -110408.057306815  -110424.445900693  -110424.445900693
 
0.36  0.78      -110408.05730651  -110424.208302034  -110424.208302034
 
0.36  0.81     -110408.057306902  -110424.079814606  -110424.079814606
 
0.36  0.84     -110408.057306472  -110424.107117525  -110424.107117525
 
0.36  0.87      -110408.05730657  -110424.273091249  -110424.273091249
 
0.36  0.9     -110408.057306514  -110424.471986175  -110424.471986175
 
0.36  0.93     -110408.057306345   -110424.66874824   -110424.66874824
 
0.36  0.96     -110408.057306669  -110424.849336053  -110424.849336053
 
0.36  0.99     -110408.057306202  -110425.006542541  -110425.006542541
 
0.36  1.00     -110408.057306489  -110425.051440504  -110425.051440504
 
0.40  0.00     -110408.057306334  -110424.952548877  -110424.952548877
 
0.40  0.03     -110408.057306465   -110425.10753852   -110425.10753852
 
0.40  0.06     -110408.057306225   -110425.23356707   -110425.23356707
 
0.40  0.09     -110408.057306361  -110425.327988872  -110425.327988872
 
0.40  0.12     -110408.057306371  -110425.387640804  -110425.387640805
 
0.40  0.15      -110408.05730671  -110425.410456436  -110425.410456436
 
0.40  0.18      -110408.05730686  -110425.397786764  -110425.397786764
 
0.40  0.21     -110408.057306612  -110425.357042827  -110425.357042827
 
0.40  0.24     -110408.057306673   -110425.30359683   -110425.30359683
 
0.40  0.27     -110408.057306717  -110425.261520891  -110425.261520891
 
0.40  0.3     -110408.057306566  -110425.256174392  -110425.256174392
 
0.40  0.33       -110408.0573063  -110425.294771142  -110425.294771142
 
0.40  0.36     -110408.057306266  -110425.363978953  -110425.363978953
 
0.40  0.39     -110408.057306702  -110425.444211344  -110425.444211344
 
0.40  0.42     -110408.057306666  -110425.520147813  -110425.520147813
 
0.40  0.45     -110408.057306612  -110425.581596529   -110425.58159653
 
0.40  0.48     -110408.057306431  -110425.621586769  -110425.621586769
 
0.40  0.51     -110408.057306363  -110425.634604429  -110425.634604429
 
0.40  0.54     -110408.057306786  -110425.615560093  -110425.615560093
 
0.40  0.57     -110408.057306435  -110425.559608688  -110425.559608688
 
0.40  0.6     -110408.057306476  -110425.468428567  -110425.468428567
 
0.40  0.63     -110408.057306865  -110425.328063108  -110425.328063108
 
0.40  0.66     -110408.057306442  -110425.142740972  -110425.142740972
 
0.40  0.69     -110408.057306938  -110424.913976563  -110424.913976563
 
0.40  0.72     -110408.057306873  -110424.646452539  -110424.646452539
 
0.40  0.75     -110408.057306578  -110424.350045815  -110424.350045815
 
0.40  0.78     -110408.057306823  -110424.046824643  -110424.046824643
 
0.40  0.81     -110408.057306375  -110423.828727201  -110423.828727201
 
0.40  0.84     -110408.057306845  -110423.841103266  -110423.841103266
 
0.40  0.87     -110408.057306599  -110424.037555814  -110424.037555814
 
0.40  0.9     -110408.057306569  -110424.265150833  -110424.265150833
 
0.40  0.93     -110408.057306684  -110424.491628904  -110424.491628904
 
0.40  0.96     -110408.057306332  -110424.703402992  -110424.703402992
 
0.40  0.99     -110408.057306664  -110424.893484412  -110424.893484412
 
0.40  1.00     -110408.057306334  -110424.952548877  -110424.952548877
 
0.44  0.00     -110408.057306472  -110424.874812199  -110424.874812199
 
0.44  0.03      -110408.05730656  -110425.059915165  -110425.059915165
 
0.44  0.06     -110408.057306806  -110425.212526154  -110425.212526154
 
0.44  0.09     -110408.057306812  -110425.329856742  -110425.329856742
 
0.44  0.12     -110408.057306694  -110425.408576748  -110425.408576748
 
0.44  0.15     -110408.057306546  -110425.446475915  -110425.446475915
 
0.44  0.18     -110408.057306495  -110425.445057889  -110425.445057888
 
0.44  0.21     -110408.057306655   -110425.41197906   -110425.41197906
 
0.44  0.24     -110408.057306628  -110425.363005996  -110425.363005996
 
0.44  0.27      -110408.05730657  -110425.322713316  -110425.322713316
 
0.44  0.3     -110408.057306573  -110425.316758374  -110425.316758374
 
0.44  0.33     -110408.057306935  -110425.353664771  -110425.353664771
 
0.44  0.36     -110408.057306746  -110425.420996137  -110425.420996137
 
0.44  0.39     -110408.057306267  -110425.499054402  -110425.499054402
 
0.44  0.42     -110408.057306243  -110425.572367819  -110425.572367819
 
0.44  0.45     -110408.057306408  -110425.630504054  -110425.630504054
 
0.44  0.48     -110408.057306734  -110425.666134504  -110425.666134504
 
0.44  0.51     -110408.057306941  -110425.673457236  -110425.673457236
 
0.44  0.54     -110408.057306483  -110425.647350116  -110425.647350116
 
0.44  0.57     -110408.057306746  -110425.587284161  -110425.587284161
 
0.44  0.6     -110408.057306849  -110425.481596522  -110425.481596522
 
0.44  0.63     -110408.057306526  -110425.330545223  -110425.330545223
 
0.44  0.66     -110408.057306916  -110425.132763061  -110425.132763061
 
0.44  0.69     -110408.057306455  -110424.888877732  -110424.888877733
 
0.44  0.72     -110408.057306713  -110424.602085728  -110424.602085728
 
0.44  0.75     -110408.057306765  -110424.279287439  -110424.279287439
 
0.44  0.78     -110408.057306644  -110423.933950556  -110423.933950556
 
0.44  0.81     -110408.057306844  -110423.599134843  -110423.599134843
 
0.44  0.84     -110408.057306386   -110423.57279036   -110423.57279036
 
0.44  0.87     -110408.057306579   -110423.80416679   -110423.80416679
 
0.44  0.9     -110408.057306437  -110424.065977165  -110424.065977165
 
0.44  0.93     -110408.057306273  -110424.328074879  -110424.328074879
 
0.44  0.96     -110408.057306731  -110424.575914413  -110424.575914413
 
0.44  0.99      -110408.05730626  -110424.801270551  -110424.801270551
 
0.44  1.00     -110408.057306472  -110424.874812199  -110424.874812199
 
0.48  0.00     -110408.057306245  -110424.830250258  -110424.830250258
 
0.48  0.03     -110408.057306345  -110425.033656585  -110425.033656585
 
0.48  0.06     -110408.057306291  -110425.201147545  -110425.201147545
 
0.48  0.09     -110408.057306333  -110425.330812699  -110425.330812699
 
0.48  0.12     -110408.057306356  -110425.419600125  -110425.419600125
 
0.48  0.15     -110408.057306727   -110425.46520007   -110425.46520007
 
0.48  0.18      -110408.05730677   -110425.46914216   -110425.46914216
 
0.48  0.21     -110408.057306645  -110425.439224319  -110425.439224319
 
0.48  0.24     -110408.057306699  -110425.391491802  -110425.391491802
 
0.48  0.27     -110408.057306698  -110425.350882994  -110425.350882994
 
0.48  0.3     -110408.057306516  -110425.343402373  -110425.343402373
 
0.48  0.33     -110408.057306362  -110425.378944582  -110425.378944582
 
0.48  0.36     -110408.057306222  -110425.445676804  -110425.445676804
 
0.48  0.39     -110408.057306791  -110425.523524975  -110425.523524975
 
0.48  0.42     -110408.057306631  -110425.596700853  -110425.596700853
 
0.48  0.45     -110408.057306608  -110425.654394635  -110425.654394635
 
0.48  0.48      -110408.05730644  -110425.688774054  -110425.688774054
 
0.48  0.51     -110408.057306319  -110425.693648362  -110425.693648362
 
0.48  0.54     -110408.057306722   -110425.66555938   -110425.66555938
 
0.48  0.57      -110408.05730643  -110425.597255177  -110425.597255177
 
0.48  0.6     -110408.057306542  -110425.485678339  -110425.485678339
 
0.48  0.63     -110408.057306938  -110425.327842825  -110425.327842825
 
0.48  0.66     -110408.057306434  -110425.122119281  -110425.122119281
 
0.48  0.69      -110408.05730689  -110424.868625769  -110424.868625769
 
0.48  0.72     -110408.057306744  -110424.569695876  -110424.569695876
 
0.48  0.75     -110408.057306625  -110424.230624234  -110424.230624234
 
0.48  0.78     -110408.057306831  -110423.861212037  -110423.861212037
 
0.48  0.81     -110408.057306439  -110423.481073706  -110423.481073706
 
0.48  0.84     -110408.057306874  -110423.323937913  -110423.323937913
 
0.48  0.87     -110408.057306434  -110423.594052674  -110423.594052674
 
0.48  0.9     -110408.057306618    -110423.9010489    -110423.9010489
 
0.48  0.93     -110408.057306793  -110424.207852551  -110424.207852551
 
0.48  0.96     -110408.057306204  -110424.492757545  -110424.492757545
 
0.48  0.99     -110408.057306622  -110424.746467741  -110424.746467741
 
0.48  1.00     -110408.057306245  -110424.830250258  -110424.830250258
 
0.5  0.00      -110408.05730654   -110424.82237206   -110424.82237206
 
0.5  0.03     -110408.057306529  -110425.028602827  -110425.028602827
 
0.5  0.06     -110408.057306407  -110425.198460541  -110425.198460541
 
0.5  0.09     -110408.057306277  -110425.330115362  -110425.330115362
 
0.5  0.12     -110408.057306195  -110425.420535595  -110425.420535595
 
0.5  0.15     -110408.057306657  -110425.467310107  -110425.467310107
 
0.5  0.18     -110408.057306779   -110425.47187506  -110425.471875059
 
0.5  0.21     -110408.057306678  -110425.442029642  -110425.442029642
 
0.5  0.24     -110408.057306622  -110425.393896923  -110425.393896923
 
0.5  0.27     -110408.057306811  -110425.352485735  -110425.352485735
 
0.5  0.3     -110408.057306606  -110425.343964701  -110425.343964701
 
0.5  0.33     -110408.057306453  -110425.378958359  -110425.378958359
 
0.5  0.36     -110408.057306191  -110425.445893488  -110425.445893488
 
0.5  0.39     -110408.057306723  -110425.524404798  -110425.524404798
 
0.5  0.42     -110408.057306748  -110425.598459117  -110425.598459117
 
0.5  0.45     -110408.057306778  -110425.656992147  -110425.656992147
 
0.5  0.48     -110408.057306611  -110425.691868317  -110425.691868317
 
0.5  0.51     -110408.057306435  -110425.696916874  -110425.696916874
 
0.5  0.54     -110408.057306934  -110425.667083954  -110425.667083954
 
0.5  0.57     -110408.057306377  -110425.597517687  -110425.597517687
 
0.5  0.6     -110408.057306587  -110425.484318865  -110425.484318865
 
0.5  0.63     -110408.057306788  -110425.324542252  -110425.324542252
 
0.5  0.66      -110408.05730648  -110425.116531654  -110425.116531654
 
0.5  0.69     -110408.057307025  -110424.860289997  -110424.860289997
 
0.5  0.72     -110408.057306667  -110424.557948897  -110424.557948897
 
0.5  0.75     -110408.057306903  -110424.214437133  -110424.214437133
 
0.5  0.78     -110408.057306668  -110423.838752986  -110423.838752986
 
0.5  0.81     -110408.057306316  -110423.448343894  -110423.448343894
 
0.5  0.84     -110408.057306858  -110423.240429866  -110423.240429866
 
0.5  0.87     -110408.057306403  -110423.514111254  -110423.514111254
 
0.5  0.9     -110408.057306737   -110423.85868844   -110423.85868844
 
0.5  0.93     -110408.057306631  -110424.184976542  -110424.184976542
 
0.5  0.96     -110408.057306361  -110424.478427193  -110424.478427193
 
0.5  0.99     -110408.057306823  -110424.736982392  -110424.736982392
 
0.5  1.00      -110408.05730654   -110424.82237206   -110424.82237206
 
0.52  0.00     -110408.057306524  -110424.823895703  -110424.823895703
 
0.52  0.03     -110408.057306738  -110425.028820654  -110425.028820654
 
0.52  0.06     -110408.057306716  -110425.197709185  -110425.197709185
 
0.52  0.09     -110408.057306788  -110425.328584945  -110425.328584945
 
0.52  0.12     -110408.057306725  -110425.418371757  -110425.418371757
 
0.52  0.15     -110408.057306536  -110425.464550022  -110425.464550022
 
0.52  0.18     -110408.057306521  -110425.468395741  -110425.468395742
 
0.52  0.21     -110408.057306668  -110425.437644037  -110425.437644037
 
0.52  0.24     -110408.057306477  -110425.388463531  -110425.388463531
 
0.52  0.27     -110408.057306632  -110425.345834127  -110425.345834127
 
0.52  0.3     -110408.057306658  -110425.336080248  -110425.336080248
 
0.52  0.33     -110408.057306839  -110425.370589295  -110425.370589295
 
0.52  0.36     -110408.057306763  -110425.438058117  -110425.438058117
 
0.52  0.39     -110408.057306271  -110425.517760869  -110425.517760869
 
0.52  0.42     -110408.057306299  -110425.593341025  -110425.593341025
 
0.52  0.45     -110408.057306481  -110425.653415879  -110425.653415879
 
0.52  0.48       -110408.0573066  -110425.689520357  -110425.689520357
 
0.52  0.51     -110408.057306779  -110425.694549791  -110425.694549791
 
0.52  0.54     -110408.057306447  -110425.664706944  -110425.664706944
 
0.52  0.57     -110408.057306833   -110425.59472757   -110425.59472757
 
0.52  0.6     -110408.057306879  -110425.480813335  -110425.480813335
 
0.52  0.63     -110408.057306586  -110425.320103044  -110425.320103045
 
0.52  0.66      -110408.05730698  -110425.110982403  -110425.110982403
 
0.52  0.69     -110408.057306412  -110424.853447144  -110424.853447145
 
0.52  0.72       -110408.0573066  -110424.549603475  -110424.549603475
 
0.52  0.75     -110408.057306766  -110424.204353989  -110424.204353989
 
0.52  0.78     -110408.057306591  -110423.826632164  -110423.826632164
 
0.52  0.81     -110408.057306944   -110423.43364357   -110423.43364357
 
0.52  0.84     -110408.057306357  -110423.317794147  -110423.317794147
 
0.52  0.87     -110408.057306696  -110423.535355682  -110423.535355682
 
0.52  0.9     -110408.057306545   -110423.87317571   -110423.87317571
 
0.52  0.93     -110408.057306287  -110424.193336244  -110424.193336244
 
0.52  0.96     -110408.057306538   -110424.48319746   -110424.48319746
 
0.52  0.99     -110408.057306103  -110424.739462592  -110424.739462592
 
0.52  1.00     -110408.057306524  -110424.823895703  -110424.823895703
 
0.56  0.00     -110408.057306333  -110424.853675526  -110424.853675526
 
0.56  0.03     -110408.057306447  -110425.045102316  -110425.045102316
 
0.56  0.06     -110408.057306434  -110425.202675299  -110425.202675299
 
0.56  0.09     -110408.057306748   -110425.32392981   -110425.32392981
 
0.56  0.12     -110408.057306805  -110425.405668565  -110425.405668565
 
0.56  0.15     -110408.057306755  -110425.445275746  -110425.445275747
 
0.56  0.18     -110408.057306598  -110425.443609705  -110425.443609705
 
0.56  0.21     -110408.057306985  -110425.408036671  -110425.408036671
 
0.56  0.24     -110408.057306707  -110425.354709915  -110425.354709915
 
0.56  0.27     -110408.057306525  -110425.308284796  -110425.308284796
 
0.56  0.3     -110408.057306508  -110425.295359769  -110425.295359769
 
0.56  0.33     -110408.057306473  -110425.328948425  -110425.328948425
 
0.56  0.36     -110408.057306616  -110425.398422729  -110425.398422729
 
0.56  0.39     -110408.057306358  -110425.482134275  -110425.482134275
 
0.56  0.42       -110408.0573062    -110425.5627429    -110425.5627429
 
0.56  0.45      -110408.05730641  -110425.627077084  -110425.627077084
 
0.56  0.48     -110408.057306532  -110425.667084047  -110425.667084047
 
0.56  0.51     -110408.057306621  -110425.676055255  -110425.676055255
 
0.56  0.54     -110408.057306396  -110425.648642895  -110425.648642895
 
0.56  0.57      -110408.05730696  -110425.580491072  -110425.580491072
 
0.56  0.6     -110408.057306527  -110425.468057761  -110425.468057761
 
0.56  0.63      -110408.05730685  -110425.308781272  -110425.308781272
 
0.56  0.66     -110408.057307008  -110425.101399658  -110425.101399659
 
0.56  0.69     -110408.057306605  -110424.846369593  -110424.846369593
 
0.56  0.72     -110408.057306896  -110424.546702269  -110424.546702269
 
0.56  0.75      -110408.05730649  -110424.209643335  -110424.209643335
 
0.56  0.78     -110408.057306901  -110423.854684844  -110423.854684844
 
0.56  0.81     -110408.057306859  -110423.567133133  -110423.567133133
 
0.56  0.84     -110408.057306362  -110423.607695023  -110423.607695023
 
0.56  0.87     -110408.057306871   -110423.76846485   -110423.76846485
 
0.56  0.9     -110408.057306317  -110424.003581859  -110424.003581859
 
0.56  0.93     -110408.057306523  -110424.279170215  -110424.279170215
 
0.56  0.96     -110408.057306572   -110424.54144104   -110424.54144104
 
0.56  0.99       -110408.0573063  -110424.777595827  -110424.777595827
 
0.56  1.00     -110408.057306333  -110424.853675526  -110424.853675526
 
0.60  0.00     -110408.057306338  -110424.916476349  -110424.916476349
 
0.60  0.03     -110408.057306275  -110425.082750025  -110425.082750025
 
0.60  0.06     -110408.057306303  -110425.218201865  -110425.218201865
 
0.60  0.09     -110408.057306623  -110425.319951565  -110425.319951565
 
0.60  0.12     -110408.057306548  -110425.384917145  -110425.384917145
 
0.60  0.15     -110408.057306885  -110425.410686083  -110425.410686083
 
0.60  0.18     -110408.057306833  -110425.397792071  -110425.397792071
 
0.60  0.21     -110408.057306812  -110425.353070313  -110425.353070313
 
0.60  0.24     -110408.057306783  -110425.292359935  -110425.292359935
 
0.60  0.27     -110408.057306546  -110425.239809808  -110425.239809808
 
0.60  0.3     -110408.057306394  -110425.222304349  -110425.222304349
 
0.60  0.33     -110408.057306394  -110425.254734864  -110425.254734864
 
0.60  0.36     -110408.057306387  -110425.327365953  -110425.327365953
 
0.60  0.39     -110408.057306534   -110425.41731303   -110425.41731303
 
0.60  0.42     -110408.057306372   -110425.50606827   -110425.50606827
 
0.60  0.45     -110408.057306341  -110425.577719801  -110425.577719801
 
0.60  0.48       -110408.0573063  -110425.624650781  -110425.624650781
 
0.60  0.51     -110408.057306386  -110425.639928202  -110425.639928202
 
0.60  0.54      -110408.05730649  -110425.618336525  -110425.618336525
 
0.60  0.57      -110408.05730685   -110425.55580857   -110425.55580857
 
0.60  0.6     -110408.057306401  -110425.449174877  -110425.449174877
 
0.60  0.63     -110408.057307038  -110425.296426508  -110425.296426508
 
0.60  0.66     -110408.057306696  -110425.097220088  -110425.097220088
 
0.60  0.69     -110408.057306704  -110424.853746201  -110424.853746201
 
0.60  0.72     -110408.057306958   -110424.57302677   -110424.57302677
 
0.60  0.75     -110408.057306565  -110424.273487835  -110424.273487835
 
0.60  0.78     -110408.057306903  -110423.997480019   -110423.99748002
 
0.60  0.81      -110408.05730654  -110423.842886543  -110423.842886543
 
0.60  0.84     -110408.057306672  -110423.897681933  -110423.897681933
 
0.60  0.87     -110408.057306843   -110424.03559525   -110424.03559525
 
0.60  0.9     -110408.057306328  -110424.217470946  -110424.217470946
 
0.60  0.93     -110408.057306711  -110424.431379252  -110424.431379252
 
0.60  0.96     -110408.057306292  -110424.651184075  -110424.651184076
 
0.60  0.99     -110408.057306439  -110424.854056356  -110424.854056356
 
0.60  1.00     -110408.057306338  -110424.916476349  -110424.916476349
 
0.64  0.00      -110408.05730631  -110425.007232356  -110425.007232356
 
0.64  0.03     -110408.057306414  -110425.141282732  -110425.141282732
 
0.64  0.06     -110408.057306526  -110425.247014758  -110425.247014758
 
0.64  0.09     -110408.057306818   -110425.32141029   -110425.32141029
 
0.64  0.12     -110408.057306809  -110425.361793028  -110425.361793028
 
0.64  0.15     -110408.057306716   -110425.36643261   -110425.36643261
 
0.64  0.18     -110408.057306481  -110425.336064339  -110425.336064339
 
0.64  0.21     -110408.057306792  -110425.277131985  -110425.277131985
 
0.64  0.24      -110408.05730669  -110425.204829921  -110425.204829921
 
0.64  0.27     -110408.057306411  -110425.142832276  -110425.142832276
 
0.64  0.3     -110408.057306494  -110425.118439183  -110425.118439183
 
0.64  0.33     -110408.057306684   -110425.14892881   -110425.14892881
 
0.64  0.36     -110408.057306609  -110425.229504434  -110425.229504434
 
0.64  0.39      -110408.05730634  -110425.326828585  -110425.326828585
 
0.64  0.42     -110408.057306323  -110425.423846814  -110425.423846814
 
0.64  0.45     -110408.057306363  -110425.505723197  -110425.505723197
 
0.64  0.48     -110408.057306404  -110425.562437621  -110425.562437621
 
0.64  0.51     -110408.057306552  -110425.587153345  -110425.587153345
 
0.64  0.54     -110408.057306304  -110425.574940063  -110425.574940063
 
0.64  0.57     -110408.057306927  -110425.522149004  -110425.522149004
 
0.64  0.6     -110408.057306616  -110425.426180211  -110425.426180211
 
0.64  0.63     -110408.057306856  -110425.285942955  -110425.285942955
 
0.64  0.66     -110408.057306936  -110425.102817516  -110425.102817516
 
0.64  0.69     -110408.057306527  -110424.882260083  -110424.882260083
 
0.64  0.72     -110408.057306893  -110424.637251806  -110424.637251805
 
0.64  0.75     -110408.057306645  -110424.393253206  -110424.393253206
 
0.64  0.78     -110408.057306843  -110424.191284452  -110424.191284452
 
0.64  0.81     -110408.057306796  -110424.113669613  -110424.113669613
 
0.64  0.84     -110408.057306432  -110424.173016482  -110424.173016482
 
0.64  0.87     -110408.057306872  -110424.295214941  -110424.295214941
 
0.64  0.9     -110408.057306298  -110424.448406979  -110424.448406979
 
0.64  0.93     -110408.057306554  -110424.618638873  -110424.618638873
 
0.64  0.96      -110408.05730659  -110424.794459681  -110424.794459681
 
0.64  0.99     -110408.057306279  -110424.959360541  -110424.959360541
 
0.64  1.00      -110408.05730631  -110425.007232356  -110425.007232356
 
0.68  0.00     -110408.057306289  -110425.116876238  -110425.116876238
 
0.68  0.03     -110408.057306252  -110425.217362114  -110425.217362114
 
0.68  0.06     -110408.057306324  -110425.290246842  -110425.290246842
 
0.68  0.09     -110408.057306695  -110425.332774308  -110425.332774308
 
0.68  0.12     -110408.057306584  -110425.342939127  -110425.342939127
 
0.68  0.15     -110408.057306843   -110425.31985961   -110425.31985961
 
0.68  0.18     -110408.057306709  -110425.265327656  -110425.265327656
 
0.68  0.21     -110408.057306781  -110425.186029162  -110425.186029162
 
0.68  0.24     -110408.057306892  -110425.096634897  -110425.096634897
 
0.68  0.27     -110408.057306472  -110425.020512758  -110425.020512758
 
0.68  0.3     -110408.057306315  -110424.985738131  -110424.985738131
 
0.68  0.33     -110408.057306481  -110425.015535428  -110425.015535428
 
0.68  0.36     -110408.057306496  -110425.098563131  -110425.098563131
 
0.68  0.39     -110408.057306562  -110425.207488612  -110425.207488612
 
0.68  0.42     -110408.057306436  -110425.317523205  -110425.317523205
 
0.68  0.45     -110408.057306244  -110425.412271511  -110425.412271511
 
0.68  0.48     -110408.057306223  -110425.481595854  -110425.481595854
 
0.68  0.51     -110408.057306422  -110425.518947645  -110425.518947645
 
0.68  0.54     -110408.057306436  -110425.519838058  -110425.519838058
 
0.68  0.57     -110408.057306803  -110425.481188078  -110425.481188078
 
0.68  0.6     -110408.057306463  -110425.401194939  -110425.401194939
 
0.68  0.63     -110408.057306941   -110425.28005328   -110425.28005328
 
0.68  0.66     -110408.057306725  -110425.121337677  -110425.121337677
 
0.68  0.69      -110408.05730675  -110424.933635228  -110424.933635227
 
0.68  0.72     -110408.057306893   -110424.73267609   -110424.73267609
 
0.68  0.75     -110408.057306452  -110424.542929324  -110424.542929324
 
0.68  0.78      -110408.05730684  -110424.401073825  -110424.401073825
 
0.68  0.81     -110408.057306441  -110424.366099475  -110424.366099475
 
0.68  0.84     -110408.057306838   -110424.42695214   -110424.42695214
 
0.68  0.87     -110408.057306875  -110424.537128514  -110424.537128514
 
0.68  0.9     -110408.057306321  -110424.670069736  -110424.670069736
 
0.68  0.93     -110408.057306759  -110424.811307098  -110424.811307098
 
0.68  0.96     -110408.057306264  -110424.951786458  -110424.951786458
 
0.68  0.99     -110408.057306436  -110425.081380329  -110425.081380329
 
0.68  1.00     -110408.057306289  -110425.116876238  -110425.116876238
 
0.7  0.00     -110408.057306705  -110425.175066003  -110425.175066003
 
0.7  0.03     -110408.057306821  -110425.259879242  -110425.259879242
 
0.7  0.06     -110408.057306654  -110425.316676185  -110425.316676185
 
0.7  0.09     -110408.057306387  -110425.342874493  -110425.342874493
 
0.7  0.12     -110408.057306478  -110425.336838182  -110425.336838182
 
0.7  0.15     -110408.057306417  -110425.298148054  -110425.298148054
 
0.7  0.18     -110408.057306682  -110425.229120478  -110425.229120478
 
0.7  0.21     -110408.057306428  -110425.136978799  -110425.136978799
 
0.7  0.24     -110408.057306487  -110425.036463084  -110425.036463084
 
0.7  0.27      -110408.05730687  -110424.951023187  -110424.951023187
 
0.7  0.3      -110408.05730677  -110424.907817754  -110424.907817754
 
0.7  0.33     -110408.057306618  -110424.935664433  -110424.935664432
 
0.7  0.36     -110408.057306471  -110425.022441956  -110425.022441956
 
0.7  0.39     -110408.057306595  -110425.138279881  -110425.138279881
 
0.7  0.42     -110408.057306658  -110425.255813414  -110425.255813414
 
0.7  0.45     -110408.057306741  -110425.357965683  -110425.357965683
 
0.7  0.48     -110408.057306667   -110425.43466439   -110425.43466439
 
0.7  0.51      -110408.05730665  -110425.479571859  -110425.479571859
 
0.7  0.54     -110408.057306757  -110425.488479804  -110425.488479804
 
0.7  0.57     -110408.057306351  -110425.458651566  -110425.458651566
 
0.7  0.6     -110408.057306773  -110425.388758171  -110425.388758171
 
0.7  0.63     -110408.057306562  -110425.279712521  -110425.279712521
 
0.7  0.66     -110408.057306525  -110425.136089056  -110425.136089056
 
0.7  0.69     -110408.057306919  -110424.967237423  -110424.967237423
 
0.7  0.72     -110408.057306519  -110424.788633152  -110424.788633152
 
0.7  0.75     -110408.057306871  -110424.623103613  -110424.623103613
 
0.7  0.78     -110408.057306443  -110424.505468166  -110424.505468166
 
0.7  0.81     -110408.057306655  -110424.483699683  -110424.483699683
 
0.7  0.84     -110408.057306531  -110424.544585128  -110424.544585128
 
0.7  0.87     -110408.057306322  -110424.649674371  -110424.649674371
 
0.7  0.9     -110408.057306768  -110424.774345308  -110424.774345308
 
0.7  0.93     -110408.057306399  -110424.904216405  -110424.904216405
 
0.7  0.96     -110408.057306607  -110425.030461505  -110425.030461505
 
0.7  0.99     -110408.057306782  -110425.144613922  -110425.144613922
 
0.7  1.00     -110408.057306705  -110425.175066003  -110425.175066003
 
0.72  0.00     -110408.057306415  -110425.233564826  -110425.233564826
 
0.72  0.03     -110408.057306368  -110425.303885177  -110425.303885177
 
0.72  0.06     -110408.057306255  -110425.345500119  -110425.345500119
 
0.72  0.09     -110408.057306377  -110425.355784286  -110425.355784286
 
0.72  0.12     -110408.057306442  -110425.333472538  -110425.333472538
 
0.72  0.15     -110408.057306757  -110425.278569113  -110425.278569113
 
0.72  0.18     -110408.057306851   -110425.19379848   -110425.19379848
 
0.72  0.21     -110408.057306692  -110425.086947332  -110425.086947332
 
0.72  0.24     -110408.057306832  -110424.973271284  -110424.973271284
 
0.72  0.27     -110408.057306588  -110424.876696103  -110424.876696103
 
0.72  0.3     -110408.057306391  -110424.823320201  -110424.823320201
 
0.72  0.33      -110408.05730635  -110424.848553296  -110424.848553296
 
0.72  0.36     -110408.057306295  -110424.939531574  -110424.939531574
 
0.72  0.39     -110408.057306755  -110425.063048167  -110425.063048167
 
0.72  0.42     -110408.057306603  -110425.188718672  -110425.188718672
 
0.72  0.45     -110408.057306369   -110425.29892355   -110425.29892355
 
0.72  0.48     -110408.057306194  -110425.383731532  -110425.383731532
 
0.72  0.51     -110408.057306352  -110425.437055261  -110425.437055261
 
0.72  0.54     -110408.057306579  -110425.455007619  -110425.455007619
 
0.72  0.57     -110408.057306592  -110425.435231858  -110425.435231858
 
0.72  0.6     -110408.057306442   -110425.37690469   -110425.37690469
 
0.72  0.63     -110408.057306845   -110425.28163099   -110425.28163099
 
0.72  0.66     -110408.057306466  -110425.154664142  -110425.154664142
 
0.72  0.69     -110408.057306949  -110425.005323957  -110425.005323957
 
0.72  0.72     -110408.057306782  -110424.848178069  -110424.848178069
 
0.72  0.75     -110408.057306614  -110424.704402867  -110424.704402867
 
0.72  0.78      -110408.05730666  -110424.606985162  -110424.606985162
 
0.72  0.81     -110408.057306399  -110424.594934079  -110424.594934079
 
0.72  0.84     -110408.057306869  -110424.655493265  -110424.655493265
 
0.72  0.87      -110408.05730651  -110424.755977576  -110424.755977576
 
0.72  0.9     -110408.057306466  -110424.873308968  -110424.873308968
 
0.72  0.93     -110408.057306778   -110424.99327518   -110424.99327518
 
0.72  0.96     -110408.057306237  -110425.107135231  -110425.107135232
 
0.72  0.99     -110408.057306717  -110425.207444835  -110425.207444835
 
0.72  1.00     -110408.057306415  -110425.233564826  -110425.233564826
 
0.76  0.00     -110408.057306464  -110425.346861588  -110425.346861588
 
0.76  0.03     -110408.057306368  -110425.391966072  -110425.391966072
 
0.76  0.06      -110408.05730631  -110425.406780552  -110425.406780552
 
0.76  0.09     -110408.057306656   -110425.38812966   -110425.38812966
 
0.76  0.12     -110408.057306638  -110425.334898347  -110425.334898347
 
0.76  0.15     -110408.057306946  -110425.247676699  -110425.247676699
 
0.76  0.18     -110408.057306914  -110425.129548383  -110425.129548383
 
0.76  0.21     -110408.057306872  -110424.988551408  -110424.988551409
 
0.76  0.24     -110408.057306871  -110424.841611121  -110424.841611121
 
0.76  0.27     -110408.057306552  -110424.706774015  -110424.706774015
 
0.76  0.3     -110408.057306411  -110424.636334722  -110424.636334722
 
0.76  0.33     -110408.057306464  -110424.653516022  -110424.653516022
 
0.76  0.36     -110408.057306456  -110424.754554594  -110424.754554594
 
0.76  0.39     -110408.057306543  -110424.895774842  -110424.895774842
 
0.76  0.42     -110408.057306312   -110425.03959659   -110425.03959659
 
0.76  0.45     -110408.057306282   -110425.16791455   -110425.16791455
 
0.76  0.48     -110408.057306263   -110425.27126254   -110425.27126254
 
0.76  0.51      -110408.05730641  -110425.344169225  -110425.344169225
 
0.76  0.54     -110408.057306412   -110425.38348635   -110425.38348635
 
0.76  0.57     -110408.057306696  -110425.387693029  -110425.387693029
 
0.76  0.6     -110408.057306393  -110425.356923677  -110425.356923677
 
0.76  0.63     -110408.057306928  -110425.293573385  -110425.293573385
 
0.76  0.66     -110408.057306753  -110425.202533971  -110425.202533971
 
0.76  0.69     -110408.057306726  -110425.091497079  -110425.091497079
 
0.76  0.72     -110408.057306953  -110424.972493291  -110424.972493291
 
0.76  0.75     -110408.057306399  -110424.864337482  -110424.864337482
 
0.76  0.78     -110408.057306814  -110424.796571026  -110424.796571026
 
0.76  0.81      -110408.05730653  -110424.796917803  -110424.796917803
 
0.76  0.84     -110408.057306687  -110424.856013878  -110424.856013878
 
0.76  0.87     -110408.057306826  -110424.948498841  -110424.948498841
 
0.76  0.9     -110408.057306234  -110425.053445335  -110425.053445335
 
0.76  0.93     -110408.057306736  -110425.157035364  -110425.157035364
 
0.76  0.96     -110408.057306363  -110425.250573088  -110425.250573088
 
0.76  0.99     -110408.057306462  -110425.327633217  -110425.327633217
 
0.76  1.00     -110408.057306464  -110425.346861588  -110425.346861588
 
0.80  0.00     -110408.057306428  -110425.449605671  -110425.449605671
 
0.80  0.03     -110408.057306323  -110425.474271798  -110425.474271798
 
0.80  0.06     -110408.057306343  -110425.467189186  -110425.467189186
 
0.80  0.09     -110408.057306472  -110425.424616235  -110425.424616235
 
0.80  0.12     -110408.057306489  -110425.344822711  -110425.344822711
 
0.80  0.15     -110408.057306886  -110425.228198134  -110425.228198134
 
0.80  0.18     -110408.057306955  -110425.077585317  -110425.077585317
 
0.80  0.21     -110408.057306732  -110424.898285172  -110424.898285172
 
0.80  0.24     -110408.057306876  -110424.704330503  -110424.704330503
 
0.80  0.27     -110408.057306526  -110424.532047693  -110424.532047693
 
0.80  0.3     -110408.057306455  -110424.428691994  -110424.428691994
 
0.80  0.33     -110408.057306477  -110424.432472031  -110424.432472031
 
0.80  0.36     -110408.057306308  -110424.546701574  -110424.546701574
 
0.80  0.39     -110408.057306755  -110424.708724382  -110424.708724382
 
0.80  0.42     -110408.057306512  -110424.873261227  -110424.873261227
 
0.80  0.45     -110408.057306443  -110425.022599059  -110425.022599059
 
0.80  0.48     -110408.057306364   -110425.14789715   -110425.14789715
 
0.80  0.51     -110408.057306161  -110425.244393033  -110425.244393033
 
0.80  0.54      -110408.05730654  -110425.309733176  -110425.309733176
 
0.80  0.57     -110408.057306586  -110425.343109748  -110425.343109748
 
0.80  0.6     -110408.057306371  -110425.344891851  -110425.344891851
 
0.80  0.63     -110408.057306937  -110425.316649497  -110425.316649497
 
0.80  0.66     -110408.057306529  -110425.261286427  -110425.261286427
 
0.80  0.69     -110408.057306819  -110425.184083576  -110425.184083576
 
0.80  0.72     -110408.057306793    -110425.0952068    -110425.0952068
 
0.80  0.75     -110408.057306609  -110425.012484706  -110425.012484706
 
0.80  0.78     -110408.057306691  -110424.963064393  -110424.963064393
 
0.80  0.81     -110408.057306415  -110424.969790178  -110424.969790178
 
0.80  0.84     -110408.057306657  -110425.026713492  -110425.026713492
 
0.80  0.87     -110408.057306528  -110425.112583277  -110425.112583277
 
0.80  0.9     -110408.057306507  -110425.207727433  -110425.207727433
 
0.80  0.93     -110408.057306831  -110425.298607411  -110425.298607411
 
0.80  0.96     -110408.057306255  -110425.376555678  -110425.376555678
 
0.80  0.99     -110408.057306764  -110425.435485677  -110425.435485677
 
0.80  1.00     -110408.057306428  -110425.449605671  -110425.449605671
 
0.84  0.00     -110408.057306325  -110425.537338089  -110425.537338089
 
0.84  0.03     -110408.057306294  -110425.545868049  -110425.545868049
 
0.84  0.06     -110408.057306479  -110425.521405597  -110425.521405597
 
0.84  0.09     -110408.057306775  -110425.459833331  -110425.459833331
 
0.84  0.12     -110408.057306798  -110425.358680525  -110425.358680525
 
0.84  0.15     -110408.057306887  -110425.217561497  -110425.217561497
 
0.84  0.18     -110408.057306903  -110425.041582647  -110425.041582647
 
0.84  0.21     -110408.057306942   -110424.82662764   -110424.82662764
 
0.84  0.24     -110408.057306937  -110424.589145237  -110424.589145237
 
0.84  0.27     -110408.057306402  -110424.359058503  -110424.359058502
 
0.84  0.3      -110408.05730643  -110424.205670445  -110424.205670445
 
0.84  0.33     -110408.057306456   -110424.18798952   -110424.18798952
 
0.84  0.36     -110408.057306683  -110424.320333303  -110424.320333303
 
0.84  0.39     -110408.057306563  -110424.506141015  -110424.506141015
 
0.84  0.42     -110408.057306351  -110424.694283024  -110424.694283024
 
0.84  0.45      -110408.05730628   -110424.86802818   -110424.86802818
 
0.84  0.48     -110408.057306277  -110425.019167845  -110425.019167845
 
0.84  0.51     -110408.057306374  -110425.143577458  -110425.143577458
 
0.84  0.54     -110408.057306403  -110425.239407698  -110425.239407698
 
0.84  0.57     -110408.057306706    -110425.3058337    -110425.3058337
 
0.84  0.6     -110408.057306445  -110425.342269136  -110425.342269136
 
0.84  0.63     -110408.057306873  -110425.348278459  -110425.348278459
 
0.84  0.66     -110408.057306694  -110425.324416959  -110425.324416959
 
0.84  0.69     -110408.057306676  -110425.274216041  -110425.274216041
 
0.84  0.72     -110408.057306999  -110425.207257556  -110425.207257556
 
0.84  0.75     -110408.057306561  -110425.141291351  -110425.141291351
 
0.84  0.78      -110408.05730674   -110425.10241647   -110425.10241647
 
0.84  0.81     -110408.057306472  -110425.111878288  -110425.111878288
 
0.84  0.84      -110408.05730663  -110425.166317097  -110425.166317097
 
0.84  0.87     -110408.057306774   -110425.24684333   -110425.24684333
 
0.84  0.9     -110408.057306261   -110425.33443959   -110425.33443959
 
0.84  0.93     -110408.057306777  -110425.415695024  -110425.415695024
 
0.84  0.96     -110408.057306339  -110425.481927299  -110425.481927299
 
0.84  0.99     -110408.057306431  -110425.527079995  -110425.527079995
 
0.84  1.00     -110408.057306325  -110425.537338089  -110425.537338089
 
0.88  0.00     -110408.057306344  -110425.607346189  -110425.607346189
 
0.88  0.03     -110408.057306387  -110425.603655801  -110425.603655801
 
0.88  0.06     -110408.057306367  -110425.565849968  -110425.565849968
 
0.88  0.09     -110408.057306554  -110425.489642444  -110425.489642444
 
0.88  0.12     -110408.057306622  -110425.371992795  -110425.371992795
 
0.88  0.15     -110408.057306755  -110425.217250293  -110425.217250293
 
0.88  0.18      -110408.05730697  -110425.013832314  -110425.013832314
 
0.88  0.21     -110408.057306831  -110424.771098439  -110424.771098439
 
0.88  0.24     -110408.057307001   -110424.49700115   -110424.49700115
 
0.88  0.27     -110408.057306575   -110424.21010911   -110424.21010911
 
0.88  0.3     -110408.057306345  -110423.976148404  -110423.976148404
 
0.88  0.33     -110408.057306419  -110423.923434188  -110423.923434188
 
0.88  0.36     -110408.057306435  -110424.081452362  -110424.081452362
 
0.88  0.39     -110408.057306787  -110424.294212738  -110424.294212738
 
0.88  0.42     -110408.057306601  -110424.509581016  -110424.509581016
 
0.88  0.45     -110408.057306228  -110424.711814458  -110424.711814458
 
0.88  0.48     -110408.057306219  -110424.893038251  -110424.893038251
 
0.88  0.51     -110408.057306159  -110425.049254074  -110425.049254074
 
0.88  0.54     -110408.057306468  -110425.178326439  -110425.178326439
 
0.88  0.57      -110408.05730664  -110425.278490718  -110425.278490718
 
0.88  0.6     -110408.057306382  -110425.347527433  -110425.347527433
 
0.88  0.63     -110408.057306859  -110425.383008603  -110425.383008603
 
0.88  0.66     -110408.057306662  -110425.383984408  -110425.383984408
 
0.88  0.69     -110408.057306859  -110425.353472407  -110425.353472407
 
0.88  0.72     -110408.057306749  -110425.301249197  -110425.301249197
 
0.88  0.75     -110408.057306503  -110425.245375962  -110425.245375962
 
0.88  0.78     -110408.057306657  -110425.211889027  -110425.211889027
 
0.88  0.81     -110408.057306467  -110425.221872071  -110425.221872071
 
0.88  0.84     -110408.057306785  -110425.273886589  -110425.273886589
 
0.88  0.87     -110408.057306548  -110425.350352818  -110425.350352818
 
0.88  0.9     -110408.057306607  -110425.432510221  -110425.432510221
 
0.88  0.93     -110408.057306903  -110425.506949045  -110425.506949045
 
0.88  0.96     -110408.057306288  -110425.564873613  -110425.564873613
 
0.88  0.99     -110408.057306727  -110425.600090472  -110425.600090472
 
0.88  1.00     -110408.057306344  -110425.607346189  -110425.607346189
 
0.92  0.00     -110408.057306663  -110425.658030258  -110425.658030258
 
0.92  0.03     -110408.057306605  -110425.645772525  -110425.645772525
 
0.92  0.06     -110408.057306569  -110425.598286182  -110425.598286182
 
0.92  0.09     -110408.057306294    -110425.5164086    -110425.5164086
 
0.92  0.12     -110408.057306358  -110425.387104851  -110425.387104851
 
0.92  0.15     -110408.057306577  -110425.212449826  -110425.212449826
 
0.92  0.18     -110408.057306922   -110424.99224992  -110424.992249921
 
0.92  0.21     -110408.057306532   -110424.72861648   -110424.72861648
 
0.92  0.24     -110408.057306781   -110424.42695315   -110424.42695315
 
0.92  0.27     -110408.057306827  -110424.098672849  -110424.098672849
 
0.92  0.3     -110408.057306594  -110423.773372247  -110423.773372247
 
0.92  0.33     -110408.057306403  -110423.644092441  -110423.644092441
 
0.92  0.36     -110408.057306444  -110423.838752353  -110423.838752353
 
0.92  0.39     -110408.057306695   -110424.08262683   -110424.08262683
 
0.92  0.42     -110408.057306754  -110424.330148124  -110424.330148124
 
0.92  0.45     -110408.057306612  -110424.565686009  -110424.565686009
 
0.92  0.48      -110408.05730638  -110424.780747148  -110424.780747148
 
0.92  0.51      -110408.05730636  -110424.970430871  -110424.970430871
 
0.92  0.54     -110408.057306703  -110425.131520306  -110425.131520306
 
0.92  0.57     -110408.057306224  -110425.261254773  -110425.261254773
 
0.92  0.6     -110408.057306455  -110425.356460119  -110425.356460119
 
0.92  0.63      -110408.05730664  -110425.413868551  -110425.413868551
 
0.92  0.66     -110408.057306514  -110425.432245908  -110425.432245908
 
0.92  0.69     -110408.057306915  -110425.414760597  -110425.414760597
 
0.92  0.72     -110408.057306483  -110425.371475973  -110425.371475973
 
0.92  0.75     -110408.057306742  -110425.320943819  -110425.320943819
 
0.92  0.78     -110408.057306539   -110425.28953957   -110425.28953957
 
0.92  0.81     -110408.057306408   -110425.29876059   -110425.29876059
 
0.92  0.84     -110408.057306827  -110425.348723978  -110425.348723978
 
0.92  0.87     -110408.057306374  -110425.422506907  -110425.422506907
 
0.92  0.9     -110408.057306736  -110425.501304809  -110425.501304809
 
0.92  0.93     -110408.057306692  -110425.571606408  -110425.571606408
 
0.92  0.96     -110408.057306489  -110425.624385564  -110425.624385564
 
0.92  0.99     -110408.057306838  -110425.653167297  -110425.653167297
 
0.92  1.00     -110408.057306663  -110425.658030258  -110425.658030258
 
0.96  0.00     -110408.057306441  -110425.688571283  -110425.688571283
 
0.96  0.03     -110408.057306339  -110425.671212049  -110425.671212049
 
0.96  0.06     -110408.057306453  -110425.620620622  -110425.620620622
 
0.96  0.09      -110408.05730645   -110425.52736233   -110425.52736233
 
0.96  0.12      -110408.05730647  -110425.389925747  -110425.389925747
 
0.96  0.15     -110408.057306929  -110425.205860081  -110425.205860081
 
0.96  0.18     -110408.057307147  -110424.974321334  -110424.974321334
 
0.96  0.21     -110408.057306798  -110424.696490842  -110424.696490842
 
0.96  0.24     -110408.057306903  -110424.376190444  -110424.376190444
 
0.96  0.27     -110408.057306533  -110424.021306469  -110424.021306469
 
0.96  0.3     -110408.057306394  -110423.647929722  -110423.647929722
 
0.96  0.33      -110408.05730646  -110423.369561702  -110423.369561702
 
0.96  0.36     -110408.057306423  -110423.606875917  -110423.606875917
 
0.96  0.39     -110408.057306644  -110423.888592287  -110423.888592287
 
0.96  0.42     -110408.057306513  -110424.175813354  -110424.175813353
 
0.96  0.45     -110408.057306367  -110424.449690055  -110424.449690055
 
0.96  0.48      -110408.05730636  -110424.698687787  -110424.698687787
 
0.96  0.51     -110408.057306181  -110424.916958052  -110424.916958052
 
0.96  0.54     -110408.057306471  -110425.101902979  -110425.101902979
 
0.96  0.57     -110408.057306457  -110425.251646157  -110425.251646157
 
0.96  0.6     -110408.057306387    -110425.3635592    -110425.3635592
 
0.96  0.63     -110408.057306839  -110425.434488592  -110425.434488592
 
0.96  0.66     -110408.057306597  -110425.463140095  -110425.463140095
 
0.96  0.69     -110408.057306696   -110425.45289982   -110425.45289982
 
0.96  0.72     -110408.057306747  -110425.414016762  -110425.414016762
 
0.96  0.75     -110408.057306521  -110425.365498378  -110425.365498378
 
0.96  0.78     -110408.057306816  -110425.334084119  -110425.334084119
 
0.96  0.81     -110408.057306424  -110425.341878299  -110425.341878299
 
0.96  0.84     -110408.057306626  -110425.390392939  -110425.390392939
 
0.96  0.87     -110408.057306475  -110425.462972233  -110425.462972233
 
0.96  0.9     -110408.057306521  -110425.540531508  -110425.540531508
 
0.96  0.93     -110408.057306798  -110425.609327947  -110425.609327947
 
0.96  0.96     -110408.057306273  -110425.659983403  -110425.659983403
 
0.96  0.99     -110408.057306662  -110425.685584198  -110425.685584198
 
0.96  1.00     -110408.057306441  -110425.688571283  -110425.688571283
 
1.00  0.00     -110408.057306717  -110425.698808932  -110425.698808932
 
1.00  0.03     -110408.057306487  -110425.680349866  -110425.680349866
 
1.00  0.06     -110408.057306579  -110425.624672663  -110425.624672663
 
1.00  0.09     -110408.057306334  -110425.527756354  -110425.527756354
 
1.00  0.12     -110408.057306442  -110425.386087643  -110425.386087643
 
1.00  0.15     -110408.057306708  -110425.197060848  -110425.197060848
 
1.00  0.18     -110408.057307004   -110424.95947186   -110424.95947186
 
1.00  0.21     -110408.057306551  -110424.674003686  -110424.674003686
 
1.00  0.24     -110408.057306748  -110424.343760529  -110424.343760529
 
1.00  0.27     -110408.057306875  -110423.975227069  -110423.975227069
 
1.00  0.3     -110408.057306683  -110423.580886658  -110423.580886658
 
1.00  0.33     -110408.057306295  -110423.236346261  -110423.236346261
 
1.00  0.36     -110408.057306279  -110423.419065501  -110423.419065501
 
1.00  0.39     -110408.057306707  -110423.763571518  -110423.763571518
 
1.00  0.42     -110408.057306742  -110424.097926879  -110424.097926879
 
1.00  0.45     -110408.057306664  -110424.399131141  -110424.399131141
 
1.00  0.48     -110408.057306482  -110424.664988873  -110424.664988873
 
1.00  0.51     -110408.057306294  -110424.895103316  -110424.895103316
 
1.00  0.54     -110408.057306768  -110425.089323368  -110425.089323368
 
1.00  0.57     -110408.057306205  -110425.246721744  -110425.246721744
 
1.00  0.6     -110408.057306439   -110425.36499859   -110425.36499859
 
1.00  0.63     -110408.057306698  -110425.441016416  -110425.441016416
 
1.00  0.66     -110408.057306331  -110425.473281171  -110425.473281171
 
1.00  0.69     -110408.057306777  -110425.465148129  -110425.465148129
 
1.00  0.72      -110408.05730665  -110425.426943785  -110425.426943785
 
1.00  0.75     -110408.057306731  -110425.377928316  -110425.377928316
 
1.00  0.78      -110408.05730667  -110425.344997264  -110425.344997264
 
1.00  0.81     -110408.057306414  -110425.350962617  -110425.350962617
 
1.00  0.84     -110408.057306615  -110425.398745387  -110425.398745387
 
1.00  0.87     -110408.057306297  -110425.471694253  -110425.471694253
 
1.00  0.9     -110408.057306713  -110425.550211612  -110425.550211612
 
1.00  0.93      -110408.05730655  -110425.620141002  -110425.620141002
 
1.00  0.96      -110408.05730648  -110425.671591391  -110425.671591391
 
1.00  0.99     -110408.057306796  -110425.697092515  -110425.697092515
 
1.00  1.00     -110408.057306717  -110425.698808932  -110425.698808932
