0.00  0.00     -99555.4221698293  -99571.6153498146  -99571.6153498146
 
0.00  0.03        -99555.4221696  -99577.1406039401  -99577.1406039401
 
0.00  0.06     -99555.4221696696  -99577.6706700742  -99577.6706700741
 
0.00  0.09     -99555.4221696791  -99578.1667050356  -99578.1667050356
 
0.00  0.12     -99555.4221697162  -99578.6371181508  -99578.6371181508
 
0.00  0.15     -99555.4221696059   -99579.088237506   -99579.088237506
 
0.00  0.18     -99555.4221696736  -99579.5149923218  -99579.5149923218
 
0.00  0.21      -99555.422169499  -99579.9031831136  -99579.9031831137
 
0.00  0.24     -99555.4221695964  -99580.2318920778  -99580.2318920778
 
0.00  0.27     -99555.4221695728   -99580.481387808   -99580.481387808
 
0.00  0.3     -99555.4221695518  -99580.6389022179  -99580.6389022179
 
0.00  0.33     -99555.4221695991  -99580.6988680402  -99580.6988680403
 
0.00  0.36     -99555.4221697274  -99580.6623623218  -99580.6623623217
 
0.00  0.39     -99555.4221695949  -99580.5376717999     -99580.5376718
 
0.00  0.42     -99555.4221698908  -99580.3424351813  -99580.3424351813
 
0.00  0.45     -99555.4221698259  -99580.1072059719  -99580.1072059719
 
0.00  0.48     -99555.4221697424  -99580.0268581414  -99580.0268581414
 
0.00  0.51     -99555.4221699187  -99580.1775470107  -99580.1775470108
 
0.00  0.54     -99555.4221698861  -99580.3308617165  -99580.3308617165
 
0.00  0.57     -99555.4221697789  -99580.4664595578  -99580.4664595578
 
0.00  0.6     -99555.4221696692  -99580.5779877433  -99580.5779877433
 
0.00  0.63     -99555.4221695266   -99580.658703906   -99580.658703906
 
0.00  0.66     -99555.4221694887  -99580.6976460387  -99580.6976460387
 
0.00  0.69     -99555.4221694349  -99580.6829673055  -99580.6829673055
 
0.00  0.72     -99555.4221693385  -99580.6053174031  -99580.6053174031
 
0.00  0.75     -99555.4221695277  -99580.4576457283  -99580.4576457284
 
0.00  0.78     -99555.4221693276  -99580.2345261312  -99580.2345261312
 
0.00  0.81      -99555.422169357  -99579.9321694438  -99579.9321694438
 
0.00  0.84      -99555.422169309  -99579.5487619293  -99579.5487619292
 
0.00  0.87       -99555.42216946  -99579.0851867159  -99579.0851867158
 
0.00  0.9     -99555.4221696748  -99578.5469344404  -99578.5469344404
 
0.00  0.93      -99555.422169562  -99577.9469668392  -99577.9469668392
 
0.00  0.96     -99555.4221696456  -99577.3001892928  -99577.3001892927
 
0.00  0.99      -99555.422169803  -99576.6160115569   -99576.616011557
 
0.00  1.00     -99555.4221698293  -99571.6153498146  -99571.6153498146
 
0.04  0.00     -99555.4221696268  -99577.0846010168  -99577.0846010168
 
0.04  0.03     -99555.4221696496  -99577.2200852555  -99577.2200852556
 
0.04  0.06     -99555.4221698257  -99577.7331367956  -99577.7331367956
 
0.04  0.09     -99555.4221695974  -99578.2146234775  -99578.2146234775
 
0.04  0.12     -99555.4221696396  -99578.6712733135  -99578.6712733135
 
0.04  0.15     -99555.4221695509   -99579.107801358   -99579.107801358
 
0.04  0.18      -99555.422169652  -99579.5203982777  -99579.5203982776
 
0.04  0.21     -99555.4221696244  -99579.8962942627  -99579.8962942627
 
0.04  0.24     -99555.4221697285  -99580.2153261679  -99580.2153261679
 
0.04  0.27     -99555.4221695446  -99580.4578624557  -99580.4578624557
 
0.04  0.3     -99555.4221695052  -99580.6106543051  -99580.6106543051
 
0.04  0.33     -99555.4221696409  -99580.6676760223  -99580.6676760223
 
0.04  0.36     -99555.4221696971  -99580.6297732804  -99580.6297732805
 
0.04  0.39     -99555.4221697272  -99580.5053519297  -99580.5053519297
 
0.04  0.42     -99555.4221698604  -99580.3123103251  -99580.3123103251
 
0.04  0.45     -99555.4221697949  -99580.0805042946  -99580.0805042946
 
0.04  0.48     -99555.4221699422  -99579.9867064144  -99579.9867064144
 
0.04  0.51     -99555.4221697051  -99580.1443791031  -99580.1443791031
 
0.04  0.54     -99555.4221697391  -99580.3022664291  -99580.3022664291
 
0.04  0.57     -99555.4221698807  -99580.4413808745  -99580.4413808744
 
0.04  0.6     -99555.4221697044  -99580.5565956799  -99580.5565956799
 
0.04  0.63     -99555.4221696963  -99580.6414110861  -99580.6414110861
 
0.04  0.66     -99555.4221696581  -99580.6838632618  -99580.6838632618
 
0.04  0.69     -99555.4221694929  -99580.6714786532  -99580.6714786533
 
0.04  0.72     -99555.4221693695   -99580.594938051  -99580.5949380509
 
0.04  0.75     -99555.4221692686  -99580.4471873655  -99580.4471873654
 
0.04  0.78     -99555.4221695403  -99580.2225457532  -99580.2225457532
 
0.04  0.81     -99555.4221694892  -99579.9166395332  -99579.9166395332
 
0.04  0.84     -99555.4221693727  -99579.5265522679  -99579.5265522679
 
0.04  0.87     -99555.4221695614  -99579.0510770658  -99579.0510770657
 
0.04  0.9     -99555.4221694208  -99578.4915023802  -99578.4915023802
 
0.04  0.93     -99555.4221694578  -99577.8553916109  -99577.8553916109
 
0.04  0.96     -99555.4221695445  -99577.3821120259  -99577.3821120259
 
0.04  0.99     -99555.4221695885  -99577.0081800945  -99577.0081800945
 
0.04  1.00     -99555.4221696268  -99577.0846010168  -99577.0846010168
 
0.08  0.00     -99555.4221695115  -99577.5609776637  -99577.5609776637
 
0.08  0.03     -99555.4221697787  -99577.7316348496  -99577.7316348496
 
0.08  0.06     -99555.4221696473   -99577.917698496   -99577.917698496
 
0.08  0.09     -99555.4221695199   -99578.276493792   -99578.276493792
 
0.08  0.12     -99555.4221696818  -99578.7106545102  -99578.7106545102
 
0.08  0.15     -99555.4221696145  -99579.1239309188  -99579.1239309188
 
0.08  0.18     -99555.4221696245  -99579.5115003138  -99579.5115003139
 
0.08  0.21     -99555.4221695635  -99579.8630570541   -99579.863057054
 
0.08  0.24     -99555.4221696704  -99580.1615909427  -99580.1615909426
 
0.08  0.27     -99555.4221695656  -99580.3887055821   -99580.388705582
 
0.08  0.3     -99555.4221696432  -99580.5306080615  -99580.5306080615
 
0.08  0.33       -99555.42216963   -99580.580388163   -99580.580388163
 
0.08  0.36     -99555.4221696627  -99580.5383353718  -99580.5383353718
 
0.08  0.39     -99555.4221696662  -99580.4129407255  -99580.4129407255
 
0.08  0.42     -99555.4221697444  -99580.2227012822  -99580.2227012822
 
0.08  0.45     -99555.4221698688  -99579.9969817909  -99579.9969817909
 
0.08  0.48     -99555.4221697335   -99579.890076207   -99579.890076207
 
0.08  0.51      -99555.422169868  -99580.0568894728  -99580.0568894729
 
0.08  0.54     -99555.4221699576   -99580.222417006  -99580.2224170061
 
0.08  0.57     -99555.4221697516  -99580.3688938781  -99580.3688938781
 
0.08  0.6     -99555.4221696836  -99580.4923865468  -99580.4923865467
 
0.08  0.63     -99555.4221696561  -99580.5862853908  -99580.5862853908
 
0.08  0.66     -99555.4221694929  -99580.6371422285  -99580.6371422285
 
0.08  0.69     -99555.4221696504  -99580.6322077431  -99580.6322077432
 
0.08  0.72     -99555.4221696061  -99580.5625948639  -99580.5625948638
 
0.08  0.75      -99555.422169426  -99580.4214221965  -99580.4214221966
 
0.08  0.78     -99555.4221693638  -99580.2029972077  -99580.2029972077
 
0.08  0.81     -99555.4221692839  -99579.9029867995  -99579.9029867995
 
0.08  0.84     -99555.4221695162  -99579.5188713139  -99579.5188713139
 
0.08  0.87     -99555.4221694751  -99579.0508784558  -99579.0508784557
 
0.08  0.9     -99555.4221694918  -99578.5049407161  -99578.5049407161
 
0.08  0.93     -99555.4221696641  -99578.0123693825  -99578.0123693825
 
0.08  0.96     -99555.4221694606  -99577.6844718491  -99577.6844718491
 
0.08  0.99     -99555.4221695763  -99577.4952526651  -99577.4952526651
 
0.08  1.00     -99555.4221695115  -99577.5609776637  -99577.5609776637
 
0.12  0.00     -99555.4221696472  -99578.0008362713  -99578.0008362714
 
0.12  0.03     -99555.4221695899  -99578.1758105183  -99578.1758105183
 
0.12  0.06     -99555.4221695297  -99578.3540169966  -99578.3540169966
 
0.12  0.09     -99555.4221696612  -99578.6463722327  -99578.6463722327
 
0.12  0.12     -99555.4221696135  -99578.9348734488  -99578.9348734487
 
0.12  0.15     -99555.4221695686  -99579.1914290358  -99579.1914290358
 
0.12  0.18     -99555.4221695988  -99579.4932360875  -99579.4932360875
 
0.12  0.21     -99555.4221694576  -99579.8073230272  -99579.8073230271
 
0.12  0.24      -99555.422169664  -99580.0751879058  -99580.0751879058
 
0.12  0.27      -99555.422169652  -99580.2786063996  -99580.2786063995
 
0.12  0.3     -99555.4221695568  -99580.4031624355  -99580.4031624354
 
0.12  0.33     -99555.4221695543  -99580.4409115842  -99580.4409115842
 
0.12  0.36     -99555.4221697215  -99580.3914103079  -99580.3914103079
 
0.12  0.39     -99555.4221696169  -99580.2633462822  -99580.2633462823
 
0.12  0.42     -99555.4221698124  -99580.0763264345  -99580.0763264346
 
0.12  0.45     -99555.4221697373  -99579.8590179292  -99579.8590179292
 
0.12  0.48     -99555.4221699039  -99579.7380005377  -99579.7380005376
 
0.12  0.51     -99555.4221698921  -99579.9157771047  -99579.9157771047
 
0.12  0.54     -99555.4221699189  -99580.0919310263  -99580.0919310263
 
0.12  0.57     -99555.4221698528  -99580.2496742667  -99580.2496742666
 
0.12  0.6     -99555.4221698786  -99580.3863243429  -99580.3863243429
 
0.12  0.63     -99555.4221695966  -99580.4944721665  -99580.4944721665
 
0.12  0.66     -99555.4221695623  -99580.5585166772  -99580.5585166772
 
0.12  0.69     -99555.4221695047  -99580.5659482038  -99580.5659482038
 
0.12  0.72     -99555.4221694099  -99580.5085392715  -99580.5085392715
 
0.12  0.75     -99555.4221695483  -99580.3795041724  -99580.3795041724
 
0.12  0.78     -99555.4221693102  -99580.1730076443  -99580.1730076445
 
0.12  0.81     -99555.4221694526   -99579.884796918   -99579.884796918
 
0.12  0.84     -99555.4221693239  -99579.5132089396  -99579.5132089396
 
0.12  0.87     -99555.4221693419  -99579.0615000841  -99579.0615000841
 
0.12  0.9     -99555.4221694377  -99578.5904294446  -99578.5904294447
 
0.12  0.93     -99555.4221693486  -99578.2972991456  -99578.2972991456
 
0.12  0.96     -99555.4221697094  -99577.9944963937  -99577.9944963936
 
0.12  0.99     -99555.4221696564   -99577.936344103   -99577.936344103
 
0.12  1.00     -99555.4221696472  -99578.0008362713  -99578.0008362714
 
0.16  0.00     -99555.4221695616  -99578.4038798288  -99578.4038798289
 
0.16  0.03     -99555.4221694898  -99578.5815315828  -99578.5815315828
 
0.16  0.06     -99555.4221695983  -99578.7608060403  -99578.7608060404
 
0.16  0.09     -99555.4221695868  -99578.9996601843  -99578.9996601843
 
0.16  0.12     -99555.4221696219  -99579.2521763505  -99579.2521763504
 
0.16  0.15     -99555.4221696884  -99579.4680434318  -99579.4680434318
 
0.16  0.18     -99555.4221694815  -99579.6420408168  -99579.6420408168
 
0.16  0.21     -99555.4221695603  -99579.7778559759  -99579.7778559759
 
0.16  0.24     -99555.4221696271  -99579.9686709428  -99579.9686709429
 
0.16  0.27     -99555.4221694982  -99580.1369200399  -99580.1369200399
 
0.16  0.3     -99555.4221695145  -99580.2365560882  -99580.2365560883
 
0.16  0.33     -99555.4221696165  -99580.2568943674  -99580.2568943674
 
0.16  0.36     -99555.4221696788  -99580.1959313367  -99580.1959313367
 
0.16  0.39     -99555.4221697098  -99580.0623090159  -99580.0623090159
 
0.16  0.42     -99555.4221697035  -99579.8782186988  -99579.8782186989
 
0.16  0.45      -99555.422169815  -99579.6710277468  -99579.6710277468
 
0.16  0.48     -99555.4221698487  -99579.5323773085  -99579.5323773085
 
0.16  0.51     -99555.4221696898   -99579.722334237   -99579.722334237
 
0.16  0.54     -99555.4221697512  -99579.9118912235  -99579.9118912236
 
0.16  0.57     -99555.4221698926  -99580.0848856007  -99580.0848856006
 
0.16  0.6     -99555.4221697609  -99580.2401734475  -99580.2401734475
 
0.16  0.63     -99555.4221698557  -99580.3678694541  -99580.3678694541
 
0.16  0.66      -99555.422169788  -99580.4494540186  -99580.4494540185
 
0.16  0.69     -99555.4221695578  -99580.4735177871  -99580.4735177872
 
0.16  0.72     -99555.4221695857  -99580.4326385073  -99580.4326385073
 
0.16  0.75     -99555.4221693615  -99580.3200995414  -99580.3200995415
 
0.16  0.78     -99555.4221695559  -99580.1300284728  -99580.1300284728
 
0.16  0.81     -99555.4221694625  -99579.8587333743  -99579.8587333743
 
0.16  0.84     -99555.4221694101  -99579.5069931117  -99579.5069931117
 
0.16  0.87     -99555.4221696323  -99579.1005553088  -99579.1005553087
 
0.16  0.9      -99555.422169384  -99578.8510164007  -99578.8510164008
 
0.16  0.93     -99555.4221694086  -99578.5852269878  -99578.5852269878
 
0.16  0.96     -99555.4221694832  -99578.3105568836  -99578.3105568836
 
0.16  0.99     -99555.4221695154  -99578.3402035834  -99578.3402035835
 
0.16  1.00     -99555.4221695616  -99578.4038798288  -99578.4038798289
 
0.20  0.00     -99555.4221695334  -99578.7699774465  -99578.7699774465
 
0.20  0.03     -99555.4221695428  -99578.9479578715  -99578.9479578715
 
0.20  0.06     -99555.4221695587  -99579.1264055846  -99579.1264055846
 
0.20  0.09     -99555.4221695519  -99579.3267042588  -99579.3267042588
 
0.20  0.12     -99555.4221696344   -99579.543894887  -99579.5438948871
 
0.20  0.15     -99555.4221695102  -99579.7271741328  -99579.7271741328
 
0.20  0.18      -99555.422169508  -99579.8645107526  -99579.8645107525
 
0.20  0.21     -99555.4221695394  -99579.9507864321  -99579.9507864321
 
0.20  0.24     -99555.4221695832  -99579.9863028414  -99579.9863028415
 
0.20  0.27     -99555.4221695418  -99579.9912643999  -99579.9912643999
 
0.20  0.3     -99555.4221696491  -99580.0464828044  -99580.0464828043
 
0.20  0.33     -99555.4221695345  -99580.0414183395  -99580.0414183395
 
0.20  0.36     -99555.4221696744  -99579.9642268595  -99579.9642268595
 
0.20  0.39      -99555.422169608  -99579.8202804102  -99579.8202804102
 
0.20  0.42     -99555.4221697821  -99579.6361489523  -99579.6361489523
 
0.20  0.45     -99555.4221698034  -99579.4393381735  -99579.4393381735
 
0.20  0.48     -99555.4221697145  -99579.2760233668  -99579.2760233668
 
0.20  0.51     -99555.4221699624  -99579.4782892573  -99579.4782892573
 
0.20  0.54     -99555.4221698485  -99579.6837288348  -99579.6837288348
 
0.20  0.57      -99555.422169726  -99579.8763852567  -99579.8763852567
 
0.20  0.6     -99555.4221697897  -99580.0572199601  -99580.0572199601
 
0.20  0.63     -99555.4221696499  -99580.2091602217  -99580.2091602217
 
0.20  0.66     -99555.4221695569  -99580.3116835094  -99580.3116835095
 
0.20  0.69     -99555.4221697409  -99580.3558066846  -99580.3558066846
 
0.20  0.72     -99555.4221696939  -99580.3350569694  -99580.3350569695
 
0.20  0.75     -99555.4221695564  -99580.2429827414  -99580.2429827414
 
0.20  0.78     -99555.4221693749  -99580.0742450869  -99580.0742450869
 
0.20  0.81     -99555.4221694262  -99579.8331991082  -99579.8331991082
 
0.20  0.84     -99555.4221694678  -99579.5191220192  -99579.5191220193
 
0.20  0.87     -99555.4221695531  -99579.3322892699  -99579.3322892699
 
0.20  0.9     -99555.4221696082  -99579.1218104056  -99579.1218104056
 
0.20  0.93     -99555.4221695578  -99578.8733615638  -99578.8733615637
 
0.20  0.96     -99555.4221694398  -99578.6579563175  -99578.6579563176
 
0.20  0.99     -99555.4221694883   -99578.706950866   -99578.706950866
 
0.20  1.00     -99555.4221695334  -99578.7699774465  -99578.7699774465
 
0.24  0.00      -99555.422169577  -99579.0984540712  -99579.0984540713
 
0.24  0.03     -99555.4221695788  -99579.2740131901  -99579.2740131902
 
0.24  0.06     -99555.4221696077  -99579.4486594217  -99579.4486594217
 
0.24  0.09     -99555.4221695152  -99579.6241465095  -99579.6241465095
 
0.24  0.12     -99555.4221694759  -99579.8054349832  -99579.8054349832
 
0.24  0.15     -99555.4221694153  -99579.9584674769  -99579.9584674769
 
0.24  0.18     -99555.4221695626  -99580.0653883767  -99580.0653883767
 
0.24  0.21     -99555.4221695521  -99580.1177255447  -99580.1177255447
 
0.24  0.24     -99555.4221695132  -99580.1109597874  -99580.1109597874
 
0.24  0.27     -99555.4221696886  -99580.0452467636  -99580.0452467636
 
0.24  0.3      -99555.422169515  -99579.9295236723  -99579.9295236723
 
0.24  0.33     -99555.4221695781  -99579.8221060458  -99579.8221060459
 
0.24  0.36     -99555.4221696407  -99579.7163332254  -99579.7163332255
 
0.24  0.39     -99555.4221696394   -99579.555658671   -99579.555658671
 
0.24  0.42     -99555.4221698049  -99579.3609374601  -99579.3609374601
 
0.24  0.45     -99555.4221696332  -99579.1716354905  -99579.1716354906
 
0.24  0.48     -99555.4221699068  -99578.9996766893  -99578.9996766893
 
0.24  0.51      -99555.422169779  -99579.1856404016  -99579.1856404017
 
0.24  0.54     -99555.4221697733  -99579.4091960336  -99579.4091960336
 
0.24  0.57     -99555.4221698284   -99579.627804579   -99579.627804579
 
0.24  0.6     -99555.4221698564  -99579.8429262376  -99579.8429262376
 
0.24  0.63     -99555.4221698465  -99580.0214774295  -99580.0214774294
 
0.24  0.66     -99555.4221697483  -99580.1472167855  -99580.1472167855
 
0.24  0.69     -99555.4221695303  -99580.2142574742  -99580.2142574742
 
0.24  0.72       -99555.42216958  -99580.2171792939  -99580.2171792939
 
0.24  0.75     -99555.4221695366  -99580.1503783905  -99580.1503783904
 
0.24  0.78     -99555.4221696002  -99580.0123860854  -99580.0123860853
 
0.24  0.81     -99555.4221695573  -99579.8102425222  -99579.8102425222
 
0.24  0.84     -99555.4221694558  -99579.7183780577  -99579.7183780577
 
0.24  0.87     -99555.4221693985  -99579.5864716359  -99579.5864716359
 
0.24  0.9      -99555.422169546  -99579.3936998577  -99579.3936998578
 
0.24  0.93     -99555.4221695441  -99579.1661323084  -99579.1661323084
 
0.24  0.96     -99555.4221695051  -99578.9781208425  -99578.9781208426
 
0.24  0.99     -99555.4221695585  -99579.0361460036  -99579.0361460036
 
0.24  1.00      -99555.422169577  -99579.0984540712  -99579.0984540713
 
0.28  0.00     -99555.4221695831  -99579.3870265683  -99579.3870265683
 
0.28  0.03     -99555.4221694553   -99579.558001246   -99579.558001246
 
0.28  0.06     -99555.4221695766  -99579.7263960524  -99579.7263960524
 
0.28  0.09     -99555.4221696045  -99579.8853720971  -99579.8853720971
 
0.28  0.12     -99555.4221695899  -99580.0354675326  -99580.0354675327
 
0.28  0.15     -99555.4221695164  -99580.1598202113  -99580.1598202113
 
0.28  0.18     -99555.4221694725  -99580.2394607922  -99580.2394607923
 
0.28  0.21      -99555.422169508  -99580.2636567823  -99580.2636567823
 
0.28  0.24      -99555.422169504  -99580.2258052606  -99580.2258052607
 
0.28  0.27     -99555.4221695244  -99580.1230093262  -99580.1230093263
 
0.28  0.3     -99555.4221695888  -99579.9566830384  -99579.9566830384
 
0.28  0.33      -99555.422169598  -99579.7347670362  -99579.7347670362
 
0.28  0.36     -99555.4221694757  -99579.4919989625  -99579.4919989624
 
0.28  0.39      -99555.422169576  -99579.2904933892  -99579.2904933892
 
0.28  0.42     -99555.4221695669  -99579.0670575527  -99579.0670575526
 
0.28  0.45     -99555.4221698072  -99578.8758315269  -99578.8758315268
 
0.28  0.48      -99555.422169872  -99578.7046574605  -99578.7046574605
 
0.28  0.51     -99555.4221696983  -99578.8464909676  -99578.8464909675
 
0.28  0.54     -99555.4221698351  -99579.0906320533  -99579.0906320533
 
0.28  0.57     -99555.4221698106  -99579.3504748725  -99579.3504748725
 
0.28  0.6     -99555.4221695971  -99579.6034373439  -99579.6034373438
 
0.28  0.63     -99555.4221698463  -99579.8081831548  -99579.8081831547
 
0.28  0.66     -99555.4221697754  -99579.9587574545  -99579.9587574544
 
0.28  0.69     -99555.4221696715  -99580.0517380209  -99580.0517380209
 
0.28  0.72      -99555.422169668  -99580.0780730709  -99580.0780730709
 
0.28  0.75     -99555.4221694964   -99580.048779226   -99580.048779226
 
0.28  0.78     -99555.4221695834  -99579.9639191321  -99579.9639191321
 
0.28  0.81     -99555.4221695074  -99579.9848177409  -99579.9848177409
 
0.28  0.84     -99555.4221695876  -99579.9500391166  -99579.9500391166
 
0.28  0.87     -99555.4221696194  -99579.8392923327  -99579.8392923328
 
0.28  0.9     -99555.4221695511   -99579.660202358   -99579.660202358
 
0.28  0.93      -99555.422169537  -99579.4487760945  -99579.4487760945
 
0.28  0.96     -99555.4221694432  -99579.2623205129  -99579.2623205129
 
0.28  0.99     -99555.4221694915  -99579.3258091779  -99579.3258091779
 
0.28  1.00     -99555.4221695831  -99579.3870265683  -99579.3870265683
 
0.32  0.00     -99555.4221695059   -99579.632239189   -99579.632239189
 
0.32  0.03     -99555.4221696058  -99579.7978334545  -99579.7978334546
 
0.32  0.06     -99555.4221695577   -99579.958935177  -99579.9589351769
 
0.32  0.09     -99555.4221694939  -99580.1051281585  -99580.1051281584
 
0.32  0.12     -99555.4221695823  -99580.2322180965  -99580.2322180965
 
0.32  0.15     -99555.4221694803  -99580.3308376859  -99580.3308376859
 
0.32  0.18     -99555.4221694204  -99580.3858885581  -99580.3858885581
 
0.32  0.21     -99555.4221694299  -99580.3857080056  -99580.3857080056
 
0.32  0.24     -99555.4221694682  -99580.3225287157  -99580.3225287157
 
0.32  0.27     -99555.4221695331  -99580.1920637158  -99580.1920637158
 
0.32  0.3     -99555.4221695228  -99579.9935573399  -99579.9935573399
 
0.32  0.33     -99555.4221695519  -99579.7298939268  -99579.7298939268
 
0.32  0.36     -99555.4221697178   -99579.409092713   -99579.409092713
 
0.32  0.39     -99555.4221696291  -99579.0577305349   -99579.057730535
 
0.32  0.42     -99555.4221697542  -99578.7767186431  -99578.7767186432
 
0.32  0.45     -99555.4221697601  -99578.5588210912  -99578.5588210912
 
0.32  0.48     -99555.4221697045  -99578.3848451364  -99578.3848451364
 
0.32  0.51     -99555.4221698487   -99578.462899735   -99578.462899735
 
0.32  0.54     -99555.4221697589  -99578.7364513859   -99578.736451386
 
0.32  0.57     -99555.4221698251  -99579.0627351163  -99579.0627351163
 
0.32  0.6     -99555.4221698109  -99579.3437639626  -99579.3437639627
 
0.32  0.63     -99555.4221696145  -99579.5732845836  -99579.5732845835
 
0.32  0.66     -99555.4221696289   -99579.750619526   -99579.750619526
 
0.32  0.69     -99555.4221696991  -99579.8672571951  -99579.8672571951
 
0.32  0.72     -99555.4221695803  -99579.9407661681  -99579.9407661681
 
0.32  0.75     -99555.4221696242  -99579.9798974972  -99579.9798974972
 
0.32  0.78     -99555.4221695513  -99580.1119456153  -99580.1119456153
 
0.32  0.81       -99555.42216958  -99580.1834218904  -99580.1834218904
 
0.32  0.84     -99555.4221695594  -99580.1723108096  -99580.1723108095
 
0.32  0.87     -99555.4221695986  -99580.0773109196  -99580.0773109196
 
0.32  0.9     -99555.4221697248  -99579.9096462655  -99579.9096462655
 
0.32  0.93     -99555.4221695742  -99579.7008211119  -99579.7008211119
 
0.32  0.96     -99555.4221695856  -99579.5063760597  -99579.5063760597
 
0.32  0.99     -99555.4221695315  -99579.5727640749  -99579.5727640748
 
0.32  1.00     -99555.4221695059   -99579.632239189   -99579.632239189
 
0.36  0.00     -99555.4221696099  -99579.8308896541  -99579.8308896541
 
0.36  0.03     -99555.4221695742   -99579.991575541   -99579.991575541
 
0.36  0.06     -99555.4221695942  -99580.1456817619  -99580.1456817619
 
0.36  0.09     -99555.4221695846  -99580.2815699041  -99580.2815699041
 
0.36  0.12     -99555.4221694933  -99580.3925932101  -99580.3925932101
 
0.36  0.15       -99555.42216948  -99580.4707214329  -99580.4707214329
 
0.36  0.18     -99555.4221695694  -99580.5046995746  -99580.5046995746
 
0.36  0.21     -99555.4221693724  -99580.4836472655  -99580.4836472654
 
0.36  0.24     -99555.4221695148  -99580.3993833666  -99580.3993833666
 
0.36  0.27     -99555.4221695326  -99580.2468715333  -99580.2468715332
 
0.36  0.3     -99555.4221694191  -99580.0242537831   -99580.024253783
 
0.36  0.33     -99555.4221696401  -99579.7326393102  -99579.7326393102
 
0.36  0.36     -99555.4221696047  -99579.3761002999  -99579.3761002999
 
0.36  0.39     -99555.4221697115  -99578.9629889637  -99578.9629889638
 
0.36  0.42     -99555.4221696208  -99578.5142004354  -99578.5142004353
 
0.36  0.45      -99555.422169564  -99578.2249564724  -99578.2249564724
 
0.36  0.48     -99555.4221698667  -99578.0447157678  -99578.0447157677
 
0.36  0.51     -99555.4221697296  -99578.0368671413  -99578.0368671412
 
0.36  0.54      -99555.422169674  -99578.4114014951  -99578.4114014951
 
0.36  0.57     -99555.4221697845  -99578.7655366974  -99578.7655366974
 
0.36  0.6     -99555.4221696976  -99579.0682565063  -99579.0682565063
 
0.36  0.63     -99555.4221697104  -99579.3223542896  -99579.3223542896
 
0.36  0.66      -99555.422169747  -99579.5230905735  -99579.5230905736
 
0.36  0.69     -99555.4221696158  -99579.6933201349  -99579.6933201348
 
0.36  0.72     -99555.4221696607  -99579.8591000022  -99579.8591000022
 
0.36  0.75     -99555.4221695769  -99580.0904927418  -99580.0904927418
 
0.36  0.78     -99555.4221696905  -99580.2677612268  -99580.2677612267
 
0.36  0.81      -99555.422169739   -99580.363366511   -99580.363366511
 
0.36  0.84     -99555.4221695676  -99580.3690179456  -99580.3690179456
 
0.36  0.87     -99555.4221696614  -99580.2859511037  -99580.2859511037
 
0.36  0.9     -99555.4221696105  -99580.1257279091  -99580.1257279091
 
0.36  0.93     -99555.4221696822  -99579.9144604227  -99579.9144604227
 
0.36  0.96     -99555.4221697094  -99579.7069576094  -99579.7069576093
 
0.36  0.99     -99555.4221695953  -99579.7737091688  -99579.7737091689
 
0.36  1.00     -99555.4221696099  -99579.8308896541  -99579.8308896541
 
0.40  0.00      -99555.422169673  -99579.9802933821  -99579.9802933822
 
0.40  0.03     -99555.4221696229  -99580.1374799491   -99580.137479949
 
0.40  0.06     -99555.4221696586   -99580.285922019  -99580.2859220191
 
0.40  0.09     -99555.4221696386  -99580.4139221903  -99580.4139221903
 
0.40  0.12      -99555.422169494  -99580.5139850517  -99580.5139850517
 
0.40  0.15     -99555.4221695335  -99580.5777430224  -99580.5777430223
 
0.40  0.18     -99555.4221693703  -99580.5954736809  -99580.5954736809
 
0.40  0.21      -99555.422169458  -99580.5576110154  -99580.5576110154
 
0.40  0.24      -99555.422169402  -99580.4562170446  -99580.4562170446
 
0.40  0.27     -99555.4221693826  -99580.2859021749   -99580.285902175
 
0.40  0.3     -99555.4221695885   -99580.044094741   -99580.044094741
 
0.40  0.33     -99555.4221694405  -99579.7309388264  -99579.7309388265
 
0.40  0.36     -99555.4221694505  -99579.3491918689   -99579.349191869
 
0.40  0.39     -99555.4221695128  -99578.9047197635  -99578.9047197634
 
0.40  0.42     -99555.4221695163  -99578.4070986721  -99578.4070986721
 
0.40  0.45     -99555.4221698083  -99577.8749260285  -99577.8749260285
 
0.40  0.48     -99555.4221697403   -99577.684492168   -99577.684492168
 
0.40  0.51     -99555.4221697545  -99577.6600119227  -99577.6600119227
 
0.40  0.54     -99555.4221698162  -99578.0848361524  -99578.0848361524
 
0.40  0.57      -99555.422169621  -99578.4580422441  -99578.4580422441
 
0.40  0.6      -99555.422169581  -99578.7699794674  -99578.7699794675
 
0.40  0.63     -99555.4221697128   -99579.056537904   -99579.056537904
 
0.40  0.66     -99555.4221696903   -99579.317456445   -99579.317456445
 
0.40  0.69     -99555.4221696894  -99579.6077380916  -99579.6077380915
 
0.40  0.72     -99555.4221696449  -99579.9241526745  -99579.9241526745
 
0.40  0.75     -99555.4221696232  -99580.1977090028  -99580.1977090027
 
0.40  0.78     -99555.4221696104  -99580.3980739713  -99580.3980739713
 
0.40  0.81     -99555.4221696107  -99580.5097154774  -99580.5097154773
 
0.40  0.84     -99555.4221696898  -99580.5269839004  -99580.5269839004
 
0.40  0.87     -99555.4221697548  -99580.4520706371  -99580.4520706371
 
0.40  0.9     -99555.4221696409  -99580.2961850928  -99580.2961850929
 
0.40  0.93     -99555.4221695521  -99580.0825723781  -99580.0825723782
 
0.40  0.96     -99555.4221697005  -99579.8614964772  -99579.8614964772
 
0.40  0.99     -99555.4221696331  -99579.9255718388  -99579.9255718389
 
0.40  1.00      -99555.422169673  -99579.9802933821  -99579.9802933822
 
0.44  0.00     -99555.4221696766  -99580.0780734758  -99580.0780734758
 
0.44  0.03     -99555.4221696928  -99580.2338525901  -99580.2338525901
 
0.44  0.06     -99555.4221696417  -99580.3787791523  -99580.3787791522
 
0.44  0.09     -99555.4221695864  -99580.5016784192  -99580.5016784192
 
0.44  0.12     -99555.4221696908  -99580.5950621584  -99580.5950621584
 
0.44  0.15     -99555.4221693442  -99580.6501301283  -99580.6501301283
 
0.44  0.18     -99555.4221694288  -99580.6572065437  -99580.6572065438
 
0.44  0.21     -99555.4221693681  -99580.6073783695  -99580.6073783696
 
0.44  0.24     -99555.4221694113  -99580.4931087209  -99580.4931087209
 
0.44  0.27      -99555.422169555  -99580.3088476328  -99580.3088476328
 
0.44  0.3     -99555.4221693913  -99580.0514583484  -99580.0514583483
 
0.44  0.33     -99555.4221694941  -99579.7203595809  -99579.7203595809
 
0.44  0.36     -99555.4221696784  -99579.3176475146  -99579.3176475146
 
0.44  0.39     -99555.4221695155  -99578.8487913606  -99578.8487913607
 
0.44  0.42     -99555.4221696789  -99578.3228916029  -99578.3228916028
 
0.44  0.45     -99555.4221695284  -99577.7499814901  -99577.7499814901
 
0.44  0.48     -99555.4221696809  -99577.3017648641  -99577.3017648641
 
0.44  0.51     -99555.4221698015  -99577.3076655639  -99577.3076655639
 
0.44  0.54     -99555.4221697042  -99577.7505734044  -99577.7505734044
 
0.44  0.57     -99555.4221698941  -99578.1275334885  -99578.1275334885
 
0.44  0.6     -99555.4221696643  -99578.4826084337  -99578.4826084337
 
0.44  0.63     -99555.4221695813  -99578.8349815649  -99578.8349815649
 
0.44  0.66     -99555.4221696545  -99579.2428306583  -99579.2428306583
 
0.44  0.69     -99555.4221696089  -99579.6293733414  -99579.6293733414
 
0.44  0.72      -99555.422169565  -99579.9820741361  -99579.9820741362
 
0.44  0.75     -99555.4221697229  -99580.2766017704  -99580.2766017705
 
0.44  0.78     -99555.4221696561  -99580.4907931941  -99580.4907931941
 
0.44  0.81     -99555.4221696225  -99580.6121680404  -99580.6121680405
 
0.44  0.84      -99555.422169603  -99580.6364434672  -99580.6364434672
 
0.44  0.87      -99555.422169779  -99580.5664584891  -99580.5664584891
 
0.44  0.9     -99555.4221697678  -99580.4132841958  -99580.4132841958
 
0.44  0.93     -99555.4221697319  -99580.1987904693  -99580.1987904694
 
0.44  0.96     -99555.4221697552  -99579.9679132554  -99579.9679132553
 
0.44  0.99     -99555.4221697536  -99580.0255915124  -99580.0255915125
 
0.44  1.00     -99555.4221696766  -99580.0780734758  -99580.0780734758
 
0.48  0.00     -99555.4221697377  -99580.1222208277  -99580.1222208277
 
0.48  0.03      -99555.422169767  -99580.2791339215  -99580.2791339216
 
0.48  0.06      -99555.422169717  -99580.4233312132  -99580.4233312132
 
0.48  0.09     -99555.4221697912  -99580.5444174216  -99580.5444174216
 
0.48  0.12     -99555.4221695404   -99580.635323284   -99580.635323284
 
0.48  0.15     -99555.4221694878  -99580.6868931256  -99580.6868931256
 
0.48  0.18     -99555.4221695332  -99580.6889360624  -99580.6889360624
 
0.48  0.21     -99555.4221693487  -99580.6325227682  -99580.6325227682
 
0.48  0.24      -99555.422169536  -99580.5102460279  -99580.5102460279
 
0.48  0.27     -99555.4221693743  -99580.3163309336  -99580.3163309336
 
0.48  0.3     -99555.4221693196  -99580.0469746108  -99580.0469746108
 
0.48  0.33     -99555.4221696113  -99579.7006601026  -99579.7006601026
 
0.48  0.36     -99555.4221694058  -99579.2786605517  -99579.2786605517
 
0.48  0.39     -99555.4221696527  -99578.7864629531  -99578.7864629532
 
0.48  0.42     -99555.4221695004  -99578.2348429768  -99578.2348429767
 
0.48  0.45     -99555.4221696437  -99577.6346870423  -99577.6346870423
 
0.48  0.48     -99555.4221697128   -99576.993150103  -99576.9931501031
 
0.48  0.51     -99555.4221696373  -99576.9497484769  -99576.9497484769
 
0.48  0.54      -99555.422169629  -99577.3900132204  -99577.3900132204
 
0.48  0.57     -99555.4221697214  -99577.8147879175  -99577.8147879175
 
0.48  0.6     -99555.4221696816  -99578.3122648878  -99578.3122648878
 
0.48  0.63     -99555.4221696273   -99578.788620554   -99578.788620554
 
0.48  0.66     -99555.4221696099   -99579.232710393   -99579.232710393
 
0.48  0.69     -99555.4221696435  -99579.6452764881   -99579.645276488
 
0.48  0.72     -99555.4221695712  -99580.0146804672  -99580.0146804673
 
0.48  0.75     -99555.4221694812  -99580.3186951758  -99580.3186951758
 
0.48  0.78      -99555.422169655  -99580.5386905254  -99580.5386905254
 
0.48  0.81     -99555.4221696058  -99580.6640295811  -99580.6640295812
 
0.48  0.84      -99555.422169639  -99580.6912738399  -99580.6912738399
 
0.48  0.87     -99555.4221696604  -99580.6236754635  -99580.6236754634
 
0.48  0.9     -99555.4221697745  -99580.4723217976  -99580.4723217976
 
0.48  0.93     -99555.4221697452   -99580.258527332   -99580.258527332
 
0.48  0.96     -99555.4221698186  -99580.0231968604  -99580.0231968604
 
0.48  0.99     -99555.4221698314  -99580.0715465736  -99580.0715465736
 
0.48  1.00     -99555.4221697377  -99580.1222208277  -99580.1222208277
 
0.5  0.00     -99555.4221698073  -99580.1237132412  -99580.1237132412
 
0.5  0.03     -99555.4221697137  -99580.2822299583  -99580.2822299584
 
0.5  0.06     -99555.4221697591  -99580.4272545185  -99580.4272545185
 
0.5  0.09     -99555.4221698044  -99580.5488188218  -99580.5488188218
 
0.5  0.12     -99555.4221695944  -99580.6401282263  -99580.6401282264
 
0.5  0.15     -99555.4221696385  -99580.6918338642  -99580.6918338642
 
0.5  0.18     -99555.4221693673  -99580.6934025731   -99580.693402573
 
0.5  0.21      -99555.422169536  -99580.6357920818  -99580.6357920817
 
0.5  0.24     -99555.4221694803  -99580.5115884161  -99580.5115884161
 
0.5  0.27     -99555.4221693577  -99580.3148863182  -99580.3148863182
 
0.5  0.3     -99555.4221694658   -99580.041468609   -99580.041468609
 
0.5  0.33     -99555.4221694565  -99579.6890463293  -99579.6890463293
 
0.5  0.36     -99555.4221694299  -99579.2579523453  -99579.2579523454
 
0.5  0.39     -99555.4221695777   -99578.753333922   -99578.753333922
 
0.5  0.42     -99555.4221694418  -99578.1878050568  -99578.1878050569
 
0.5  0.45     -99555.4221697456  -99577.5741598304  -99577.5741598304
 
0.5  0.48     -99555.4221696218   -99576.919070243   -99576.919070243
 
0.5  0.51     -99555.4221696205  -99576.7660805472  -99576.7660805472
 
0.5  0.54     -99555.4221696917  -99577.3214229716  -99577.3214229716
 
0.5  0.57     -99555.4221696312  -99577.8394562418  -99577.8394562417
 
0.5  0.6     -99555.4221694906  -99578.3258780125  -99578.3258780125
 
0.5  0.63      -99555.422169634  -99578.7896305173  -99578.7896305172
 
0.5  0.66     -99555.4221696767  -99579.2337416251  -99579.2337416251
 
0.5  0.69     -99555.4221696915   -99579.649615132   -99579.649615132
 
0.5  0.72      -99555.422169657    -99580.02045341    -99580.02045341
 
0.5  0.75     -99555.4221696118  -99580.3246471754  -99580.3246471754
 
0.5  0.78     -99555.4221696821  -99580.5445266083  -99580.5445266083
 
0.5  0.81     -99555.4221695951  -99580.6698117136  -99580.6698117136
 
0.5  0.84     -99555.4221696884  -99580.6971739189  -99580.6971739189
 
0.5  0.87     -99555.4221697385   -99580.629940691  -99580.6299406911
 
0.5  0.9     -99555.4221696816   -99580.479253345   -99580.479253345
 
0.5  0.93     -99555.4221697435  -99580.2663588989  -99580.2663588989
 
0.5  0.96     -99555.4221698764  -99580.0306641174  -99580.0306641173
 
0.5  0.99     -99555.4221698829  -99580.0737680849  -99580.0737680849
 
0.5  1.00     -99555.4221698073  -99580.1237132412  -99580.1237132412
 
0.52  0.00     -99555.4221698047  -99580.1113346886  -99580.1113346886
 
0.52  0.03     -99555.4221698021  -99580.2721670831   -99580.272167083
 
0.52  0.06     -99555.4221698555  -99580.4188648477  -99580.4188648477
 
0.52  0.09     -99555.4221695961  -99580.5419025106  -99580.5419025107
 
0.52  0.12      -99555.422169731  -99580.6347611388  -99580.6347611388
 
0.52  0.15     -99555.4221696553  -99580.6878567397  -99580.6878567397
 
0.52  0.18     -99555.4221693342  -99580.6902818012  -99580.6902818012
 
0.52  0.21      -99555.422169638  -99580.6328944224  -99580.6328944224
 
0.52  0.24     -99555.4221692838  -99580.5083001169   -99580.508300117
 
0.52  0.27     -99555.4221692876  -99580.3105221828  -99580.3105221827
 
0.52  0.3     -99555.4221696157  -99580.0350096991  -99580.0350096991
 
0.52  0.33     -99555.4221693408  -99579.6786652442  -99579.6786652442
 
0.52  0.36     -99555.4221694955  -99579.2401172549  -99579.2401172549
 
0.52  0.39     -99555.4221694499  -99578.7221674072  -99578.7221674072
 
0.52  0.42     -99555.4221694827  -99578.1399754465  -99578.1399754465
 
0.52  0.45     -99555.4221695936  -99577.5115536168  -99577.5115536168
 
0.52  0.48     -99555.4221694379    -99576.99473351  -99576.9947335101
 
0.52  0.51     -99555.4221698237  -99576.8868508032  -99576.8868508032
 
0.52  0.54     -99555.4221697434  -99577.3565928675  -99577.3565928675
 
0.52  0.57     -99555.4221695749  -99577.8671312158  -99577.8671312158
 
0.52  0.6     -99555.4221695735  -99578.3467192031  -99578.3467192032
 
0.52  0.63     -99555.4221695559  -99578.8037110374  -99578.8037110373
 
0.52  0.66     -99555.4221694619  -99579.2412012492  -99579.2412012492
 
0.52  0.69     -99555.4221696331  -99579.6520252035  -99579.6520252035
 
0.52  0.72     -99555.4221696304   -99580.018998259   -99580.018998259
 
0.52  0.75     -99555.4221696303  -99580.3202346708  -99580.3202346708
 
0.52  0.78     -99555.4221696318  -99580.5380138063  -99580.5380138063
 
0.52  0.81     -99555.4221696192  -99580.6619221221  -99580.6619221222
 
0.52  0.84     -99555.4221696576  -99580.6885216951  -99580.6885216951
 
0.52  0.87     -99555.4221697562  -99580.6211207619  -99580.6211207621
 
0.52  0.9     -99555.4221696713  -99580.4709542942  -99580.4709542942
 
0.52  0.93     -99555.4221697334  -99580.2592998362  -99580.2592998362
 
0.52  0.96     -99555.4221698099  -99580.0243358973  -99580.0243358973
 
0.52  0.99     -99555.4221696725  -99580.0620054129  -99580.0620054129
 
0.52  1.00     -99555.4221698047  -99580.1113346886  -99580.1113346886
 
0.56  0.00     -99555.4221698237  -99580.0448318179  -99580.0448318179
 
0.56  0.03     -99555.4221699474  -99580.2124506988  -99580.2124506988
 
0.56  0.06     -99555.4221696967  -99580.3651420113  -99580.3651420113
 
0.56  0.09      -99555.422169757  -99580.4942750779  -99580.4942750779
 
0.56  0.12     -99555.4221697537  -99580.5938517182  -99580.5938517181
 
0.56  0.15     -99555.4221694346  -99580.6535125914  -99580.6535125913
 
0.56  0.18     -99555.4221695854    -99580.66157827    -99580.66157827
 
0.56  0.21     -99555.4221692923  -99580.6089270395  -99580.6089270394
 
0.56  0.24     -99555.4221694701  -99580.4883909087  -99580.4883909086
 
0.56  0.27     -99555.4221695853  -99580.2941161667  -99580.2941161668
 
0.56  0.3     -99555.4221693074  -99580.0214621825  -99580.0214621824
 
0.56  0.33     -99555.4221694724  -99579.6670018512  -99579.6670018512
 
0.56  0.36     -99555.4221695402  -99579.2287735642  -99579.2287735642
 
0.56  0.39     -99555.4221694557  -99578.7073120298  -99578.7073120299
 
0.56  0.42     -99555.4221696486  -99578.1087709524  -99578.1087709523
 
0.56  0.45     -99555.4221694104  -99577.6589702324  -99577.6589702324
 
0.56  0.48     -99555.4221697013  -99577.3214234112  -99577.3214234112
 
0.56  0.51     -99555.4221696691  -99577.3832197457  -99577.3832197457
 
0.56  0.54     -99555.4221696196  -99577.5518062668  -99577.5518062667
 
0.56  0.57     -99555.4221697458  -99577.9303021588  -99577.9303021588
 
0.56  0.6     -99555.4221696207  -99578.3936477844  -99578.3936477844
 
0.56  0.63     -99555.4221697046  -99578.8343864133  -99578.8343864133
 
0.56  0.66     -99555.4221696612  -99579.2534065227  -99579.2534065227
 
0.56  0.69     -99555.4221696671  -99579.6444683216  -99579.6444683216
 
0.56  0.72     -99555.4221695654  -99579.9934077907  -99579.9934077907
 
0.56  0.75     -99555.4221696364  -99580.2806001348  -99580.2806001348
 
0.56  0.78     -99555.4221696916  -99580.4883650527  -99580.4883650527
 
0.56  0.81     -99555.4221695251  -99580.6054786897  -99580.6054786897
 
0.56  0.84       -99555.42216966  -99580.6278322105  -99580.6278322106
 
0.56  0.87     -99555.4221696838  -99580.5584653055  -99580.5584653055
 
0.56  0.9     -99555.4221697861  -99580.4088764178  -99580.4088764179
 
0.56  0.93     -99555.4221698787   -99580.200687429   -99580.200687429
 
0.56  0.96     -99555.4221698296  -99579.9700524643  -99579.9700524643
 
0.56  0.99     -99555.4221698998  -99579.9964702468  -99579.9964702468
 
0.56  1.00     -99555.4221698237  -99580.0448318179  -99580.0448318179
 
0.60  0.00      -99555.422169876  -99579.9230231378  -99579.9230231378
 
0.60  0.03     -99555.4221697434  -99580.1002481535  -99580.1002481535
 
0.60  0.06     -99555.4221697961  -99580.2625484042  -99580.2625484043
 
0.60  0.09     -99555.4221699225  -99580.4022446735  -99580.4022446735
 
0.60  0.12     -99555.4221696258  -99580.5136751863  -99580.5136751863
 
0.60  0.15     -99555.4221696808  -99580.5849739122  -99580.5849739123
 
0.60  0.18      -99555.422169506  -99580.6037806066  -99580.6037806066
 
0.60  0.21     -99555.4221694581  -99580.5613780342  -99580.5613780343
 
0.60  0.24     -99555.4221695834  -99580.4509441468  -99580.4509441469
 
0.60  0.27     -99555.4221692447  -99580.2666802385  -99580.2666802385
 
0.60  0.3     -99555.4221694408  -99580.0038279387  -99580.0038279387
 
0.60  0.33     -99555.4221694585  -99579.6590438288  -99579.6590438288
 
0.60  0.36     -99555.4221693539  -99579.2312892394  -99579.2312892394
 
0.60  0.39     -99555.4221695862  -99578.7244341502  -99578.7244341501
 
0.60  0.42     -99555.4221693922  -99578.2575047274  -99578.2575047275
 
0.60  0.45     -99555.4221696641  -99577.9559206536  -99577.9559206537
 
0.60  0.48     -99555.4221696038  -99577.6433045078  -99577.6433045077
 
0.60  0.51     -99555.4221694562  -99577.8429992242  -99577.8429992242
 
0.60  0.54     -99555.4221695387   -99578.016159535   -99578.016159535
 
0.60  0.57     -99555.4221696456  -99578.2403647256  -99578.2403647256
 
0.60  0.6     -99555.4221695576  -99578.5684106109  -99578.5684106109
 
0.60  0.63     -99555.4221695621  -99578.8734224277  -99578.8734224277
 
0.60  0.66     -99555.4221696211  -99579.2590603513  -99579.2590603513
 
0.60  0.69     -99555.4221696008  -99579.6184569752  -99579.6184569753
 
0.60  0.72     -99555.4221695647  -99579.9387308736  -99579.9387308736
 
0.60  0.75     -99555.4221695174  -99580.2024982536  -99580.2024982536
 
0.60  0.78     -99555.4221696224  -99580.3926762388  -99580.3926762389
 
0.60  0.81     -99555.4221696113  -99580.4973210218  -99580.4973210218
 
0.60  0.84     -99555.4221696027   -99580.511431661   -99580.511431661
 
0.60  0.87     -99555.4221696686  -99580.4376222488  -99580.4376222487
 
0.60  0.9     -99555.4221697993  -99580.2878094078  -99580.2878094078
 
0.60  0.93     -99555.4221697258  -99580.0843138874  -99580.0843138875
 
0.60  0.96     -99555.4221699153  -99579.8612507672  -99579.8612507672
 
0.60  0.99     -99555.4221698507  -99579.8753702208  -99579.8753702208
 
0.60  1.00      -99555.422169876  -99579.9230231378  -99579.9230231378
 
0.64  0.00      -99555.422169659  -99579.7470417389  -99579.7470417389
 
0.64  0.03     -99555.4221698578  -99579.9365290163  -99579.9365290163
 
0.64  0.06     -99555.4221699088  -99580.1121039867  -99580.1121039867
 
0.64  0.09     -99555.4221697589  -99580.2672496359   -99580.267249636
 
0.64  0.12     -99555.4221698919  -99580.3960848224  -99580.3960848224
 
0.64  0.15     -99555.4221696504  -99580.4839271512  -99580.4839271511
 
0.64  0.18     -99555.4221695535  -99580.5181620795  -99580.5181620794
 
0.64  0.21     -99555.4221696751  -99580.4908387753  -99580.4908387752
 
0.64  0.24     -99555.4221693343  -99580.3954321153  -99580.3954321154
 
0.64  0.27     -99555.4221694303  -99580.2260060603  -99580.2260060603
 
0.64  0.3     -99555.4221695533  -99579.9776816011  -99579.9776816011
 
0.64  0.33     -99555.4221694278  -99579.6477089431  -99579.6477089431
 
0.64  0.36     -99555.4221694537  -99579.2564802409  -99579.2564802409
 
0.64  0.39     -99555.4221694288  -99578.7992446065  -99578.7992446064
 
0.64  0.42     -99555.4221695304  -99578.5318854351  -99578.5318854352
 
0.64  0.45     -99555.4221694538  -99578.2518880711  -99578.2518880711
 
0.64  0.48     -99555.4221694507  -99578.0968087314  -99578.0968087314
 
0.64  0.51     -99555.4221697108   -99578.265532524   -99578.265532524
 
0.64  0.54     -99555.4221696598  -99578.4423825123  -99578.4423825123
 
0.64  0.57     -99555.4221695548  -99578.6335790144  -99578.6335790143
 
0.64  0.6     -99555.4221695453  -99578.9196246481  -99578.9196246481
 
0.64  0.63     -99555.4221695133   -99579.178384885   -99579.178384885
 
0.64  0.66     -99555.4221694961  -99579.4002274975  -99579.4002274975
 
0.64  0.69     -99555.4221696309  -99579.5908606027  -99579.5908606027
 
0.64  0.72     -99555.4221696297  -99579.8638056511  -99579.8638056511
 
0.64  0.75     -99555.4221695586  -99580.0930385338  -99580.0930385338
 
0.64  0.78     -99555.4221695721  -99580.2574410425  -99580.2574410425
 
0.64  0.81     -99555.4221696077  -99580.3434606341  -99580.3434606341
 
0.64  0.84     -99555.4221697104  -99580.3447685692  -99580.3447685692
 
0.64  0.87     -99555.4221697094  -99580.2632876159  -99580.2632876159
 
0.64  0.9     -99555.4221696343   -99580.111772819   -99580.111772819
 
0.64  0.93     -99555.4221698281  -99579.9139330786  -99579.9139330787
 
0.64  0.96     -99555.4221697452   -99579.700919192   -99579.700919192
 
0.64  0.99     -99555.4221697598  -99579.6999406771  -99579.6999406772
 
0.64  1.00      -99555.422169659  -99579.7470417389  -99579.7470417389
 
0.68  0.00     -99555.4221698484   -99579.518689358   -99579.518689358
 
0.68  0.03     -99555.4221698709  -99579.7228007546  -99579.7228007546
 
0.68  0.06     -99555.4221697208  -99579.9154253142  -99579.9154253142
 
0.68  0.09     -99555.4221698875  -99580.0918084303  -99580.0918084302
 
0.68  0.12     -99555.4221697209  -99580.2438537825  -99580.2438537824
 
0.68  0.15     -99555.4221696127  -99580.3524422802  -99580.3524422803
 
0.68  0.18     -99555.4221698446  -99580.4060255376  -99580.4060255375
 
0.68  0.21        -99555.4221695  -99580.3977688714  -99580.3977688714
 
0.68  0.24     -99555.4221696426  -99580.3214545086  -99580.3214545086
 
0.68  0.27     -99555.4221695956  -99580.1711218959   -99580.171121896
 
0.68  0.3     -99555.4221693854  -99579.9423315519  -99579.9423315518
 
0.68  0.33     -99555.4221694809  -99579.6454579047  -99579.6454579047
 
0.68  0.36     -99555.4221694804  -99579.2716356363  -99579.2716356363
 
0.68  0.39     -99555.4221695957  -99579.0541522513  -99579.0541522513
 
0.68  0.42     -99555.4221694824  -99578.8113588735  -99578.8113588735
 
0.68  0.45     -99555.4221695392  -99578.5522681544  -99578.5522681543
 
0.68  0.48     -99555.4221696905  -99578.4826046183  -99578.4826046182
 
0.68  0.51     -99555.4221694916  -99578.6504404892  -99578.6504404893
 
0.68  0.54     -99555.4221695052  -99578.8292032122  -99578.8292032123
 
0.68  0.57     -99555.4221695883  -99579.0121011852  -99579.0121011851
 
0.68  0.6     -99555.4221696001  -99579.2479032548  -99579.2479032548
 
0.68  0.63     -99555.4221696024  -99579.4726369976  -99579.4726369976
 
0.68  0.66     -99555.4221696062  -99579.6574715238  -99579.6574715238
 
0.68  0.69     -99555.4221695558  -99579.7962286667  -99579.7962286667
 
0.68  0.72     -99555.4221694842  -99579.8888558172  -99579.8888558172
 
0.68  0.75     -99555.4221697236  -99579.9723146992  -99579.9723146992
 
0.68  0.78     -99555.4221695375  -99580.0952923794  -99580.0952923794
 
0.68  0.81     -99555.4221695817  -99580.1544561573  -99580.1544561572
 
0.68  0.84     -99555.4221696976  -99580.1376651002  -99580.1376651001
 
0.68  0.87     -99555.4221696319   -99580.044443462  -99580.0444434621
 
0.68  0.9     -99555.4221697311  -99579.8878593914  -99579.8878593914
 
0.68  0.93      -99555.422169822  -99579.6956348195  -99579.6956348194
 
0.68  0.96     -99555.4221699187   -99579.493932762   -99579.493932762
 
0.68  0.99     -99555.4221699584  -99579.4720742432  -99579.4720742432
 
0.68  1.00     -99555.4221698484   -99579.518689358   -99579.518689358
 
0.7  0.00     -99555.4221698493  -99579.3855883856  -99579.3855883856
 
0.7  0.03     -99555.4221697476  -99579.5977713519  -99579.5977713519
 
0.7  0.06     -99555.4221698375  -99579.8004529201    -99579.80045292
 
0.7  0.09     -99555.4221698774  -99579.9902122128  -99579.9902122128
 
0.7  0.12     -99555.4221696817  -99580.1558136514  -99580.1558136515
 
0.7  0.15      -99555.422169754  -99580.2759742026  -99580.2759742028
 
0.7  0.18     -99555.4221696746  -99580.3404431151  -99580.3404431151
 
0.7  0.21     -99555.4221696202  -99580.3430301218  -99580.3430301218
 
0.7  0.24     -99555.4221697316  -99580.2777155866  -99580.2777155867
 
0.7  0.27     -99555.4221693775  -99580.1387101822  -99580.1387101822
 
0.7  0.3     -99555.4221694763  -99579.9278288847  -99579.9278288848
 
0.7  0.33     -99555.4221696101  -99579.6396138708  -99579.6396138708
 
0.7  0.36     -99555.4221694658  -99579.3811060781  -99579.3811060781
 
0.7  0.39     -99555.4221696022  -99579.1866623306  -99579.1866623305
 
0.7  0.42     -99555.4221694808  -99578.9518529527  -99578.9518529527
 
0.7  0.45     -99555.4221694853  -99578.7149482549  -99578.7149482549
 
0.7  0.48     -99555.4221695035  -99578.6623532136  -99578.6623532136
 
0.7  0.51     -99555.4221694728  -99578.8286744131  -99578.8286744131
 
0.7  0.54     -99555.4221694815   -99579.007452391   -99579.007452391
 
0.7  0.57     -99555.4221695931  -99579.1876307033  -99579.1876307034
 
0.7  0.6     -99555.4221695675  -99579.4013720435  -99579.4013720435
 
0.7  0.63     -99555.4221695458  -99579.6095861292  -99579.6095861292
 
0.7  0.66     -99555.4221695585  -99579.7784003001  -99579.7784003001
 
0.7  0.69     -99555.4221695123  -99579.8990680333  -99579.8990680332
 
0.7  0.72     -99555.4221696522  -99579.9680182436  -99579.9680182435
 
0.7  0.75     -99555.4221695844  -99579.9884684178  -99579.9884684177
 
0.7  0.78      -99555.422169692  -99580.0140660446  -99580.0140660446
 
0.7  0.81     -99555.4221697848  -99580.0525518544  -99580.0525518544
 
0.7  0.84     -99555.4221695387  -99580.0237454926  -99580.0237454925
 
0.7  0.87     -99555.4221695659  -99579.9228998997  -99579.9228998998
 
0.7  0.9     -99555.4221696687  -99579.7614721888  -99579.7614721889
 
0.7  0.93     -99555.4221697769  -99579.5710942351  -99579.5710942351
 
0.7  0.96     -99555.4221699482  -99579.3748971638  -99579.3748971638
 
0.7  0.99     -99555.4221698143  -99579.3392280917  -99579.3392280916
 
0.7  1.00     -99555.4221698493  -99579.3855883856  -99579.3855883856
 
0.72  0.00     -99555.4221698699  -99579.2403080611  -99579.2403080611
 
0.72  0.03     -99555.4221696399  -99579.4609813179   -99579.460981318
 
0.72  0.06     -99555.4221698625  -99579.6749295282  -99579.6749295282
 
0.72  0.09     -99555.4221698377  -99579.8803861002  -99579.8803861002
 
0.72  0.12     -99555.4221697486  -99580.0604104924  -99580.0604104925
 
0.72  0.15     -99555.4221698063  -99580.1927363397  -99580.1927363397
 
0.72  0.18     -99555.4221695673  -99580.2688023965  -99580.2688023965
 
0.72  0.21     -99555.4221696634  -99580.2830776653  -99580.2830776652
 
0.72  0.24      -99555.422169471   -99580.229825185   -99580.229825185
 
0.72  0.27     -99555.4221694103   -99580.103673419  -99580.1036734191
 
0.72  0.3     -99555.4221695441  -99579.9068458106  -99579.9068458107
 
0.72  0.33     -99555.4221694992  -99579.6422244103  -99579.6422244103
 
0.72  0.36     -99555.4221695065  -99579.5022578425  -99579.5022578424
 
0.72  0.39     -99555.4221695745  -99579.3202847641  -99579.3202847641
 
0.72  0.42     -99555.4221694561  -99579.0926333324  -99579.0926333323
 
0.72  0.45     -99555.4221696116  -99578.8745939275  -99578.8745939275
 
0.72  0.48     -99555.4221694751  -99578.8330513841  -99578.8330513841
 
0.72  0.51     -99555.4221694626  -99578.9973105863  -99578.9973105863
 
0.72  0.54     -99555.4221695309  -99579.1753690574  -99579.1753690575
 
0.72  0.57     -99555.4221696546  -99579.3524195285  -99579.3524195285
 
0.72  0.6     -99555.4221694892  -99579.5473368121  -99579.5473368121
 
0.72  0.63     -99555.4221695494  -99579.7390479212  -99579.7390479212
 
0.72  0.66     -99555.4221695571  -99579.8926351446  -99579.8926351445
 
0.72  0.69     -99555.4221694448  -99579.9970774711  -99579.9970774711
 
0.72  0.72     -99555.4221695236   -99580.046772739   -99580.046772739
 
0.72  0.75     -99555.4221695117  -99580.0406900608  -99580.0406900608
 
0.72  0.78     -99555.4221696419  -99579.9868479082  -99579.9868479083
 
0.72  0.81     -99555.4221696471  -99579.9526247203  -99579.9526247202
 
0.72  0.84     -99555.4221695754  -99579.9069016797  -99579.9069016797
 
0.72  0.87     -99555.4221697973  -99579.7966550222  -99579.7966550222
 
0.72  0.9     -99555.4221695651  -99579.6283761769  -99579.6283761768
 
0.72  0.93     -99555.4221696895  -99579.4379355941  -99579.4379355941
 
0.72  0.96     -99555.4221698271   -99579.246668135   -99579.246668135
 
0.72  0.99     -99555.4221698029  -99579.1942235171  -99579.1942235171
 
0.72  1.00     -99555.4221698699  -99579.2403080611  -99579.2403080611
 
0.76  0.00     -99555.4221696742  -99578.9146454445  -99578.9146454446
 
0.76  0.03      -99555.422169914  -99579.1533331644  -99579.1533331644
 
0.76  0.06      -99555.422169753  -99579.3951036526  -99579.3951036525
 
0.76  0.09      -99555.422169756  -99579.6395381605  -99579.6395381605
 
0.76  0.12     -99555.4221698208  -99579.8492432689  -99579.8492432688
 
0.76  0.15     -99555.4221696697   -99580.007249165  -99580.0072491649
 
0.76  0.18     -99555.4221696815  -99580.1085716414  -99580.1085716413
 
0.76  0.21      -99555.422169639  -99580.1490529211   -99580.149052921
 
0.76  0.24     -99555.4221696567  -99580.1240360561   -99580.124036056
 
0.76  0.27     -99555.4221696235  -99580.0307381317  -99580.0307381316
 
0.76  0.3     -99555.4221695437  -99579.8829463301  -99579.8829463301
 
0.76  0.33     -99555.4221695253  -99579.8469380767  -99579.8469380768
 
0.76  0.36     -99555.4221696661  -99579.7508230587  -99579.7508230588
 
0.76  0.39     -99555.4221695213  -99579.5864539825  -99579.5864539825
 
0.76  0.42     -99555.4221695796  -99579.3744654327  -99579.3744654327
 
0.76  0.45      -99555.422169608  -99579.1732549153  -99579.1732549153
 
0.76  0.48     -99555.4221694187  -99579.1455347356  -99579.1455347357
 
0.76  0.51     -99555.4221695451  -99579.3048828219  -99579.3048828219
 
0.76  0.54     -99555.4221696295  -99579.4793844667  -99579.4793844667
 
0.76  0.57     -99555.4221695352  -99579.6488964709  -99579.6488964709
 
0.76  0.6       -99555.42216954  -99579.8155715259  -99579.8155715259
 
0.76  0.63     -99555.4221695485  -99579.9748208012  -99579.9748208012
 
0.76  0.66     -99555.4221695016  -99580.0995407539   -99580.099540754
 
0.76  0.69      -99555.422169576  -99580.1749411058  -99580.1749411058
 
0.76  0.72     -99555.4221695809  -99580.1928120568  -99580.1928120568
 
0.76  0.75     -99555.4221695491  -99580.1486830779  -99580.1486830779
 
0.76  0.78     -99555.4221695087  -99580.0423880279  -99580.0423880279
 
0.76  0.81     -99555.4221695158  -99579.8803449227  -99579.8803449227
 
0.76  0.84     -99555.4221696677  -99579.6942142846  -99579.6942142846
 
0.76  0.87     -99555.4221695924  -99579.5432079093  -99579.5432079093
 
0.76  0.9     -99555.4221697329   -99579.354195297   -99579.354195297
 
0.76  0.93     -99555.4221698383  -99579.1510429629  -99579.1510429629
 
0.76  0.96     -99555.4221696655  -99578.9662527929  -99578.9662527929
 
0.76  0.99     -99555.4221697694  -99578.8692625223  -99578.8692625223
 
0.76  1.00     -99555.4221696742  -99578.9146454445  -99578.9146454446
 
0.80  0.00     -99555.4221699527  -99578.5446717185  -99578.5446717185
 
0.80  0.03     -99555.4221698163  -99578.8026345605  -99578.8026345606
 
0.80  0.06     -99555.4221697376   -99579.089029144   -99579.089029144
 
0.80  0.09     -99555.4221697623  -99579.3752448327  -99579.3752448328
 
0.80  0.12     -99555.4221695986  -99579.6138747814  -99579.6138747815
 
0.80  0.15     -99555.4221697338  -99579.7991832921   -99579.799183292
 
0.80  0.18       -99555.42216981  -99579.9290304828  -99579.9290304827
 
0.80  0.21     -99555.4221696791  -99579.9940856441  -99579.9940856442
 
0.80  0.24     -99555.4221696606  -99580.0113150501  -99580.0113150501
 
0.80  0.27     -99555.4221695608   -99579.991273903  -99579.9912739031
 
0.80  0.3     -99555.4221695765  -99580.0624100623  -99580.0624100623
 
0.80  0.33     -99555.4221695844  -99580.0683352757  -99580.0683352757
 
0.80  0.36     -99555.4221696498  -99579.9934077619  -99579.9934077619
 
0.80  0.39     -99555.4221696632  -99579.8427851859  -99579.8427851858
 
0.80  0.42     -99555.4221696223  -99579.6424142798  -99579.6424142797
 
0.80  0.45     -99555.4221695137  -99579.4380892471  -99579.4380892471
 
0.80  0.48     -99555.4221695893  -99579.4159886302  -99579.4159886302
 
0.80  0.51     -99555.4221694839  -99579.5705430176  -99579.5705430176
 
0.80  0.54     -99555.4221695065  -99579.7395944039  -99579.7395944038
 
0.80  0.57     -99555.4221696452  -99579.9006233438  -99579.9006233438
 
0.80  0.6     -99555.4221695281  -99580.0482989746  -99580.0482989746
 
0.80  0.63     -99555.4221694777   -99580.179104865   -99580.179104865
 
0.80  0.66     -99555.4221695426  -99580.2770312945  -99580.2770312944
 
0.80  0.69     -99555.4221693497  -99580.3265753435  -99580.3265753434
 
0.80  0.72     -99555.4221694289  -99580.3178950487  -99580.3178950487
 
0.80  0.75     -99555.4221696381  -99580.2448994048  -99580.2448994048
 
0.80  0.78     -99555.4221694503  -99580.1051202602  -99580.1051202602
 
0.80  0.81     -99555.4221696292  -99579.9000226914  -99579.9000226914
 
0.80  0.84     -99555.4221696016  -99579.6362838218  -99579.6362838218
 
0.80  0.87     -99555.4221695266  -99579.3358585979  -99579.3358585979
 
0.80  0.9     -99555.4221696459  -99579.0847135009  -99579.0847135009
 
0.80  0.93     -99555.4221697482  -99578.8452557307  -99578.8452557308
 
0.80  0.96     -99555.4221698669  -99578.6596814078  -99578.6596814078
 
0.80  0.99     -99555.4221698714  -99578.5012171297  -99578.5012171298
 
0.80  1.00     -99555.4221699527  -99578.5446717185  -99578.5446717185
 
0.84  0.00     -99555.4221696945  -99578.1336123665  -99578.1336123665
 
0.84  0.03     -99555.4221698917  -99578.4152489808  -99578.4152489808
 
0.84  0.06     -99555.4221697035   -99578.774182242   -99578.774182242
 
0.84  0.09     -99555.4221696582  -99579.0921199133  -99579.0921199132
 
0.84  0.12     -99555.4221696936  -99579.3586078375  -99579.3586078374
 
0.84  0.15     -99555.4221696804  -99579.5736405089   -99579.573640509
 
0.84  0.18     -99555.4221696221  -99579.7295869011  -99579.7295869011
 
0.84  0.21     -99555.4221696922  -99579.8488864361   -99579.848886436
 
0.84  0.24     -99555.4221695885  -99579.9562976129  -99579.9562976129
 
0.84  0.27     -99555.4221695797   -99580.131862652  -99580.1318626519
 
0.84  0.3     -99555.4221695931  -99580.2456188324  -99580.2456188323
 
0.84  0.33     -99555.4221696357  -99580.2745878827  -99580.2745878827
 
0.84  0.36      -99555.422169628  -99580.2153270438  -99580.2153270438
 
0.84  0.39     -99555.4221696274  -99580.0756070281  -99580.0756070282
 
0.84  0.42     -99555.4221696351  -99579.8788052552  -99579.8788052552
 
0.84  0.45     -99555.4221696021  -99579.6649490422  -99579.6649490422
 
0.84  0.48     -99555.4221696108  -99579.6407036505  -99579.6407036505
 
0.84  0.51     -99555.4221694603  -99579.7912570118  -99579.7912570117
 
0.84  0.54     -99555.4221696096  -99579.9544587866  -99579.9544587866
 
0.84  0.57     -99555.4221695266  -99580.1071668034  -99580.1071668034
 
0.84  0.6     -99555.4221694285  -99580.2410318561  -99580.2410318562
 
0.84  0.63     -99555.4221696508  -99580.3503688723  -99580.3503688723
 
0.84  0.66     -99555.4221695108  -99580.4249092261  -99580.4249092261
 
0.84  0.69     -99555.4221693853  -99580.4516488441  -99580.4516488442
 
0.84  0.72     -99555.4221694457  -99580.4202565609  -99580.4202565609
 
0.84  0.75     -99555.4221693705  -99580.3237794322  -99580.3237794322
 
0.84  0.78     -99555.4221695331  -99580.1586177807  -99580.1586177808
 
0.84  0.81     -99555.4221695053  -99579.9244737516  -99579.9244737515
 
0.84  0.84     -99555.4221697495  -99579.6242720701  -99579.6242720702
 
0.84  0.87     -99555.4221696369  -99579.2651137631  -99579.2651137631
 
0.84  0.9     -99555.4221695083  -99578.8653681042  -99578.8653681043
 
0.84  0.93     -99555.4221697369  -99578.5385479322  -99578.5385479322
 
0.84  0.96     -99555.4221696452  -99578.3327788836  -99578.3327788837
 
0.84  0.99     -99555.4221697558  -99578.1654047194  -99578.1654047194
 
0.84  1.00     -99555.4221696945  -99578.1336123665  -99578.1336123665
 
0.88  0.00     -99555.4221698405  -99577.7578183148  -99577.7578183148
 
0.88  0.03     -99555.4221697264  -99578.0579616629   -99578.057961663
 
0.88  0.06     -99555.4221696386  -99578.4517125471   -99578.451712547
 
0.88  0.09     -99555.4221697417  -99578.7949210614  -99578.7949210613
 
0.88  0.12     -99555.4221697217  -99579.0898871619  -99579.0898871619
 
0.88  0.15     -99555.4221696275  -99579.3335889978  -99579.3335889977
 
0.88  0.18     -99555.4221696335  -99579.5504838772  -99579.5504838772
 
0.88  0.21     -99555.4221695924   -99579.782158995   -99579.782158995
 
0.88  0.24      -99555.422169695  -99580.0509713293  -99580.0509713293
 
0.88  0.27     -99555.4221695464   -99580.268656422  -99580.2686564219
 
0.88  0.3     -99555.4221695082   -99580.405499553   -99580.405499553
 
0.88  0.33     -99555.4221696314  -99580.4505365342  -99580.4505365341
 
0.88  0.36     -99555.4221697909  -99580.4027672232  -99580.4027672232
 
0.88  0.39     -99555.4221696254  -99580.2704322498  -99580.2704322498
 
0.88  0.42     -99555.4221697809  -99580.0740329623  -99580.0740329622
 
0.88  0.45     -99555.4221698128  -99579.8502940158  -99579.8502940158
 
0.88  0.48     -99555.4221695047  -99579.8165600887  -99579.8165600887
 
0.88  0.51     -99555.4221696966  -99579.9644096565  -99579.9644096564
 
0.88  0.54     -99555.4221696841  -99580.1225883938  -99580.1225883938
 
0.88  0.57     -99555.4221696126  -99580.2680786513  -99580.2680786513
 
0.88  0.6     -99555.4221695238   -99580.391596866   -99580.391596866
 
0.88  0.63      -99555.422169453  -99580.4860095234  -99580.4860095234
 
0.88  0.66     -99555.4221694738  -99580.5423884904  -99580.5423884904
 
0.88  0.69     -99555.4221695231  -99580.5502296364  -99580.5502296364
 
0.88  0.72     -99555.4221694462  -99580.4998752176  -99580.4998752176
 
0.88  0.75      -99555.422169501  -99580.3841220196  -99580.3841220196
 
0.88  0.78     -99555.4221693367  -99580.1987201562  -99580.1987201562
 
0.88  0.81     -99555.4221694511  -99579.9423943614  -99579.9423943614
 
0.88  0.84     -99555.4221695077  -99579.6166062174  -99579.6166062174
 
0.88  0.87     -99555.4221694764  -99579.2256181629  -99579.2256181628
 
0.88  0.9     -99555.4221697348  -99578.7774678338  -99578.7774678339
 
0.88  0.93     -99555.4221697275  -99578.2871664227  -99578.2871664227
 
0.88  0.96     -99555.4221696658  -99577.9878975196  -99577.9878975198
 
0.88  0.99     -99555.4221698543  -99577.8112368213  -99577.8112368213
 
0.88  1.00     -99555.4221698405  -99577.7578183148  -99577.7578183148
 
0.92  0.00     -99555.4221698083  -99577.3725017139   -99577.372501714
 
0.92  0.03     -99555.4221697014  -99577.7060024834  -99577.7060024833
 
0.92  0.06     -99555.4221698048  -99578.1217940143  -99578.1217940143
 
0.92  0.09     -99555.4221696695  -99578.4831402935  -99578.4831402936
 
0.92  0.12     -99555.4221696443  -99578.8153450025  -99578.8153450025
 
0.92  0.15     -99555.4221696734  -99579.1313042681  -99579.1313042681
 
0.92  0.18     -99555.4221697261  -99579.4827936791  -99579.4827936791
 
0.92  0.21     -99555.4221696878  -99579.8292273898  -99579.8292273898
 
0.92  0.24     -99555.4221696006  -99580.1376661725  -99580.1376661725
 
0.92  0.27     -99555.4221695234  -99580.3772516244  -99580.3772516244
 
0.92  0.3     -99555.4221696279  -99580.5289429865  -99580.5289429866
 
0.92  0.33     -99555.4221697368  -99580.5846745868  -99580.5846745868
 
0.92  0.36     -99555.4221697689  -99580.5445274296  -99580.5445274296
 
0.92  0.39     -99555.4221697485  -99580.4168252575  -99580.4168252575
 
0.92  0.42     -99555.4221698268  -99580.2205334626  -99580.2205334626
 
0.92  0.45     -99555.4221696205  -99579.9897216451  -99579.9897216451
 
0.92  0.48     -99555.4221697423  -99579.9407658127  -99579.9407658127
 
0.92  0.51     -99555.4221696779  -99580.0877081741  -99580.0877081742
 
0.92  0.54     -99555.4221696732  -99580.2425912038  -99580.2425912037
 
0.92  0.57      -99555.422169721  -99580.3827700287  -99580.3827700287
 
0.92  0.6     -99555.4221696063  -99580.4990653344  -99580.4990653344
 
0.92  0.63      -99555.422169493  -99580.5838214032  -99580.5838214032
 
0.92  0.66     -99555.4221693748  -99580.6279436212  -99580.6279436212
 
0.92  0.69     -99555.4221693371  -99580.6218719637  -99580.6218719636
 
0.92  0.72     -99555.4221693307   -99580.556836162   -99580.556836162
 
0.92  0.75     -99555.4221694018  -99580.4257968331  -99580.4257968331
 
0.92  0.78     -99555.4221694588  -99580.2241271632  -99580.2241271633
 
0.92  0.81     -99555.4221695912  -99579.9498544309  -99579.9498544309
 
0.92  0.84     -99555.4221694661  -99579.6036141501  -99579.6036141501
 
0.92  0.87     -99555.4221694653     -99579.1887672     -99579.1887672
 
0.92  0.9     -99555.4221695605  -99578.7120696672  -99578.7120696672
 
0.92  0.93     -99555.4221696008  -99578.1833717335  -99578.1833717336
 
0.92  0.96     -99555.4221696556  -99577.6236822644  -99577.6236822643
 
0.92  0.99     -99555.4221697478  -99577.4362007111  -99577.4362007111
 
0.92  1.00     -99555.4221698083  -99577.3725017139   -99577.372501714
 
0.96  0.00     -99555.4221696931  -99576.9644959171  -99576.9644959172
 
0.96  0.03      -99555.422169858  -99577.3501871363  -99577.3501871363
 
0.96  0.06     -99555.4221696387  -99577.7785231828  -99577.7785231828
 
0.96  0.09     -99555.4221695826  -99578.1866758917  -99578.1866758917
 
0.96  0.12     -99555.4221695893  -99578.6359852615  -99578.6359852615
 
0.96  0.15     -99555.4221696605  -99579.0779523522  -99579.0779523522
 
0.96  0.18     -99555.4221696205  -99579.4886412056  -99579.4886412057
 
0.96  0.21     -99555.4221696922  -99579.8680455233  -99579.8680455233
 
0.96  0.24      -99555.422169548  -99580.1959312465  -99580.1959312465
 
0.96  0.27     -99555.4221696668  -99580.4474852285  -99580.4474852285
 
0.96  0.3     -99555.4221696286  -99580.6073118436  -99580.6073118437
 
0.96  0.33      -99555.422169594   -99580.668931666   -99580.668931666
 
0.96  0.36     -99555.4221696992  -99580.6331165846  -99580.6331165846
 
0.96  0.39     -99555.4221698093  -99580.5082510002  -99580.5082510002
 
0.96  0.42     -99555.4221696809  -99580.3125984081  -99580.3125984081
 
0.96  0.45     -99555.4221697901  -99580.0783527591  -99580.0783527592
 
0.96  0.48     -99555.4221697286  -99580.0108879049  -99580.0108879049
 
0.96  0.51     -99555.4221696921  -99580.1590911435  -99580.1590911435
 
0.96  0.54     -99555.4221698114  -99580.3130535853  -99580.3130535853
 
0.96  0.57     -99555.4221695467  -99580.4505303261  -99580.4505303261
 
0.96  0.6     -99555.4221694873  -99580.5629555734  -99580.5629555734
 
0.96  0.63     -99555.4221696589  -99580.6426895586  -99580.6426895586
 
0.96  0.66     -99555.4221695152   -99580.680172044   -99580.680172044
 
0.96  0.69     -99555.4221694194  -99580.6657329775  -99580.6657329774
 
0.96  0.72     -99555.4221695186  -99580.5909619543  -99580.5909619543
 
0.96  0.75     -99555.4221692942  -99580.4489700267  -99580.4489700267
 
0.96  0.78     -99555.4221693756  -99580.2348120925  -99580.2348120924
 
0.96  0.81     -99555.4221693438  -99579.9458406227  -99579.9458406226
 
0.96  0.84     -99555.4221695563  -99579.5819445975  -99579.5819445975
 
0.96  0.87     -99555.4221695646  -99579.1459744279   -99579.145974428
 
0.96  0.9     -99555.4221696194  -99578.6449165548  -99578.6449165549
 
0.96  0.93     -99555.4221697231  -99578.0891898655  -99578.0891898655
 
0.96  0.96       -99555.42216957   -99577.488084498   -99577.488084498
 
0.96  0.99     -99555.4221696657  -99577.0374304134  -99577.0374304134
 
0.96  1.00     -99555.4221696931  -99576.9644959171  -99576.9644959172
 
1.00  0.00     -99555.4221698293  -99571.6153498146  -99571.6153498146
 
1.00  0.03        -99555.4221696  -99577.1199824101  -99577.1199824101
 
1.00  0.06     -99555.4221696696  -99577.6526243484  -99577.6526243484
 
1.00  0.09      -99555.422169679   -99578.150396538   -99578.150396538
 
1.00  0.12     -99555.4221697162  -99578.6211333524  -99578.6211333524
 
1.00  0.15     -99555.4221696059    -99579.07027919    -99579.07027919
 
1.00  0.18     -99555.4221696736  -99579.4959879225  -99579.4959879224
 
1.00  0.21      -99555.422169499  -99579.8864750767  -99579.8864750768
 
1.00  0.24     -99555.4221695964  -99580.2195652983  -99580.2195652982
 
1.00  0.27     -99555.4221695728  -99580.4737372205  -99580.4737372205
 
1.00  0.3     -99555.4221695518  -99580.6353731205  -99580.6353731206
 
1.00  0.33     -99555.4221695991  -99580.6985699894  -99580.6985699894
 
1.00  0.36     -99555.4221697274   -99580.664310589  -99580.6643105889
 
1.00  0.39     -99555.4221695949  -99580.5409769209  -99580.5409769208
 
1.00  0.42     -99555.4221698908  -99580.3466236619  -99580.3466236619
 
1.00  0.45     -99555.4221698259   -99580.112290025   -99580.112290025
 
1.00  0.48     -99555.4221697424  -99580.0251087252  -99580.0251087253
 
1.00  0.51     -99555.4221699187  -99580.1769067812  -99580.1769067813
 
1.00  0.54     -99555.4221698861  -99580.3327459394  -99580.3327459394
 
1.00  0.57     -99555.4221697789  -99580.4706947454  -99580.4706947454
 
1.00  0.6     -99555.4221696692   -99580.583013324   -99580.583013324
 
1.00  0.63     -99555.4221695266  -99580.6622978372  -99580.6622978372
 
1.00  0.66     -99555.4221694887  -99580.6984123427  -99580.6984123426
 
1.00  0.69     -99555.4221694349  -99580.6811707555  -99580.6811707554
 
1.00  0.72     -99555.4221693385  -99580.6021138129  -99580.6021138129
 
1.00  0.75     -99555.4221695277  -99580.4543212253  -99580.4543212254
 
1.00  0.78     -99555.4221693276  -99580.2324273753  -99580.2324273754
 
1.00  0.81      -99555.422169357  -99579.9328213268  -99579.9328213268
 
1.00  0.84      -99555.422169309  -99579.5539697093  -99579.5539697093
 
1.00  0.87       -99555.42216946  -99579.0974442661  -99579.0974442661
 
1.00  0.9     -99555.4221696748  -99578.5708276501  -99578.5708276501
 
1.00  0.93      -99555.422169562  -99577.9881829972  -99577.9881829972
 
1.00  0.96     -99555.4221696456  -99577.3601582588  -99577.3601582587
 
1.00  0.99      -99555.422169803  -99576.6923813402  -99576.6923813402
 
1.00  1.00     -99555.4221698293  -99571.6153498146  -99571.6153498146
