0.00  0.00     -61013.1013536014  -61025.7143929169   -61025.714392917
 
0.00  0.03     -61013.1013532194  -61025.6960420984  -61025.6960420984
 
0.00  0.06     -61013.1013533012   -61025.637411437   -61025.637411437
 
0.00  0.09      -61013.101353542  -61025.5337068026  -61025.5337068026
 
0.00  0.12     -61013.1013530931  -61025.3809619892  -61025.3809619892
 
0.00  0.15     -61013.1013532076  -61025.1764372738  -61025.1764372738
 
0.00  0.18     -61013.1013533338  -61024.9190554063  -61024.9190554063
 
0.00  0.21     -61013.1013531985  -61024.6099437923  -61024.6099437923
 
0.00  0.24     -61013.1013534281  -61024.2532985285  -61024.2532985285
 
0.00  0.27     -61013.1013534864  -61023.8575584091  -61023.8575584091
 
0.00  0.3     -61013.1013535304      -61023.437283      -61023.437283
 
0.00  0.33     -61013.1013531461   -61022.983385386  -61022.9833853859
 
0.00  0.36     -61013.1013534618  -61023.2710768044  -61023.2710768044
 
0.00  0.39     -61013.1013536275  -61023.6267204555  -61023.6267204555
 
0.00  0.42     -61013.1013532336  -61023.9705170132  -61023.9705170132
 
0.00  0.45     -61013.1013532108  -61024.2904835252  -61024.2904835252
 
0.00  0.48     -61013.1013534519  -61024.5814257274  -61024.5814257274
 
0.00  0.51     -61013.1013533874    -61024.84098084  -61024.8409808401
 
0.00  0.54     -61013.1013533135  -61025.0675458645  -61025.0675458645
 
0.00  0.57     -61013.1013533692  -61025.2574520357  -61025.2574520357
 
0.00  0.6      -61013.101353311  -61025.4039520519  -61025.4039520519
 
0.00  0.63     -61013.1013533263  -61025.4994727709  -61025.4994727709
 
0.00  0.66     -61013.1013533909  -61025.5395514429  -61025.5395514429
 
0.00  0.69     -61013.1013534189  -61025.5262148234  -61025.5262148235
 
0.00  0.72     -61013.1013533163  -61025.4706510688  -61025.4706510689
 
0.00  0.75     -61013.1013532804  -61025.3968381605  -61025.3968381605
 
0.00  0.78     -61013.1013535051  -61025.3428498442  -61025.3428498442
 
0.00  0.81     -61013.1013533694  -61025.3453554213  -61025.3453554213
 
0.00  0.84     -61013.1013534204  -61025.4013272942  -61025.4013272942
 
0.00  0.87     -61013.1013535055  -61025.4807925849  -61025.4807925848
 
0.00  0.9      -61013.101353523  -61025.5615305633  -61025.5615305633
 
0.00  0.93     -61013.1013533612   -61025.631799597   -61025.631799597
 
0.00  0.96     -61013.1013535363  -61025.6844041029   -61025.684404103
 
0.00  0.99     -61013.1013534047  -61025.7119526756  -61025.7119526756
 
0.00  1.00     -61013.1013536014  -61025.7143929169   -61025.714392917
 
0.04  0.00     -61013.1013533572  -61025.7039062405  -61025.7039062405
 
0.04  0.03     -61013.1013534458   -61025.688448595   -61025.688448595
 
0.04  0.06     -61013.1013534888  -61025.6345854612  -61025.6345854612
 
0.04  0.09     -61013.1013532794  -61025.5370385223  -61025.5370385224
 
0.04  0.12      -61013.101353451  -61025.3916233898  -61025.3916233898
 
0.04  0.15     -61013.1013533675  -61025.1956853038  -61025.1956853038
 
0.04  0.18     -61013.1013532824  -61024.9484090716  -61024.9484090716
 
0.04  0.21     -61013.1013534214  -61024.6512995706  -61024.6512995706
 
0.04  0.24      -61013.101353277  -61024.3092044675  -61024.3092044675
 
0.04  0.27     -61013.1013533686  -61023.9320073367  -61023.9320073367
 
0.04  0.3     -61013.1013532573  -61023.5382496216  -61023.5382496217
 
0.04  0.33     -61013.1013534195  -61023.1977060406  -61023.1977060406
 
0.04  0.36     -61013.1013534888  -61023.4804007746  -61023.4804007746
 
0.04  0.39     -61013.1013534141  -61023.7999583926  -61023.7999583926
 
0.04  0.42     -61013.1013535173  -61024.1096934117  -61024.1096934117
 
0.04  0.45     -61013.1013536631  -61024.3966905472  -61024.3966905472
 
0.04  0.48     -61013.1013534061  -61024.6566056864  -61024.6566056864
 
0.04  0.51     -61013.1013534442  -61024.8887908637  -61024.8887908638
 
0.04  0.54     -61013.1013535271  -61025.0930587972  -61025.0930587972
 
0.04  0.57     -61013.1013534575  -61025.2666713436  -61025.2666713436
 
0.04  0.6      -61013.101353366  -61025.4025748684  -61025.4025748684
 
0.04  0.63     -61013.1013534678  -61025.4919239459  -61025.4919239459
 
0.04  0.66     -61013.1013533178   -61025.528956601   -61025.528956601
 
0.04  0.69     -61013.1013534286  -61025.5147592722  -61025.5147592722
 
0.04  0.72     -61013.1013534896  -61025.4601164673  -61025.4601164673
 
0.04  0.75     -61013.1013536405  -61025.3891468686  -61025.3891468686
 
0.04  0.78     -61013.1013533438  -61025.3389983976  -61025.3389983976
 
0.04  0.81     -61013.1013535242  -61025.3422911386  -61025.3422911386
 
0.04  0.84     -61013.1013535572  -61025.3959891777  -61025.3959891777
 
0.04  0.87     -61013.1013535502  -61025.4731120508  -61025.4731120508
 
0.04  0.9     -61013.1013534215  -61025.5519394079  -61025.5519394079
 
0.04  0.93     -61013.1013537088  -61025.6203115219  -61025.6203115219
 
0.04  0.96     -61013.1013535209  -61025.6711466266  -61025.6711466266
 
0.04  0.99     -61013.1013534226  -61025.7002464215  -61025.7002464215
 
0.04  1.00     -61013.1013533572  -61025.7039062405  -61025.7039062405
 
0.08  0.00     -61013.1013534961  -61025.6718763527  -61025.6718763527
 
0.08  0.03      -61013.101353608  -61025.6630015683  -61025.6630015683
 
0.08  0.06      -61013.101353105  -61025.6173599822  -61025.6173599822
 
0.08  0.09     -61013.1013533315  -61025.5291640678  -61025.5291640679
 
0.08  0.12     -61013.1013533258  -61025.3942446342  -61025.3942446342
 
0.08  0.15     -61013.1013531656   -61025.210348724   -61025.210348724
 
0.08  0.18     -61013.1013531911   -61024.977267202   -61024.977267202
 
0.08  0.21     -61013.1013531057  -61024.6973507844  -61024.6973507845
 
0.08  0.24     -61013.1013532136  -61024.3767333641  -61024.3767333641
 
0.08  0.27      -61013.101353209  -61024.0277480843  -61024.0277480843
 
0.08  0.3     -61013.1013534829  -61023.6747970339  -61023.6747970339
 
0.08  0.33     -61013.1013534339  -61023.5050337622  -61023.5050337622
 
0.08  0.36     -61013.1013532905  -61023.7237114252  -61023.7237114252
 
0.08  0.39     -61013.1013532294  -61024.0090789416  -61024.0090789416
 
0.08  0.42     -61013.1013534876  -61024.2859982226  -61024.2859982226
 
0.08  0.45     -61013.1013533299  -61024.5396947673  -61024.5396947672
 
0.08  0.48     -61013.1013533106  -61024.7653114775  -61024.7653114775
 
0.08  0.51     -61013.1013534794  -61024.9626152085  -61024.9626152085
 
0.08  0.54     -61013.1013532655  -61025.1327831474  -61025.1327831474
 
0.08  0.57      -61013.101353285  -61025.2759248705  -61025.2759248705
 
0.08  0.6     -61013.1013533832  -61025.3882517537  -61025.3882517537
 
0.08  0.63     -61013.1013532491  -61025.4617324674  -61025.4617324674
 
0.08  0.66     -61013.1013532218  -61025.4891527193  -61025.4891527193
 
0.08  0.69     -61013.1013533665  -61025.4697917778  -61025.4697917778
 
0.08  0.72     -61013.1013533902  -61025.4135807983  -61025.4135807983
 
0.08  0.75     -61013.1013532716  -61025.3446665773  -61025.3446665772
 
0.08  0.78     -61013.1013533465  -61025.2984118644  -61025.2984118644
 
0.08  0.81     -61013.1013534744  -61025.3029845678  -61025.3029845677
 
0.08  0.84     -61013.1013536003   -61025.355640485   -61025.355640485
 
0.08  0.87     -61013.1013535035  -61025.4321368032  -61025.4321368032
 
0.08  0.9     -61013.1013536947  -61025.5112709219  -61025.5112709218
 
0.08  0.93     -61013.1013534378  -61025.5854836493  -61025.5854836493
 
0.08  0.96     -61013.1013534757  -61025.6369063403  -61025.6369063404
 
0.08  0.99     -61013.1013534578  -61025.6657116458  -61025.6657116458
 
0.08  1.00     -61013.1013534961  -61025.6718763527  -61025.6718763527
 
0.12  0.00     -61013.1013535997  -61025.6179168089  -61025.6179168088
 
0.12  0.03     -61013.1013532257  -61025.6193374303  -61025.6193374303
 
0.12  0.06     -61013.1013535557  -61025.5852255654  -61025.5852255654
 
0.12  0.09     -61013.1013534431  -61025.5095095701  -61025.5095095701
 
0.12  0.12     -61013.1013531678  -61025.3883585461  -61025.3883585461
 
0.12  0.15     -61013.1013533663  -61025.2201639639  -61025.2201639639
 
0.12  0.18     -61013.1013534811  -61025.0056188004  -61025.0056188004
 
0.12  0.21     -61013.1013531879   -61024.748261811   -61024.748261811
 
0.12  0.24     -61013.1013535324  -61024.4558460613  -61024.4558460613
 
0.12  0.27     -61013.1013534812  -61024.1435386717  -61024.1435386717
 
0.12  0.3     -61013.1013533711  -61023.8595722415  -61023.8595722415
 
0.12  0.33     -61013.1013534021  -61023.8020311667  -61023.8020311667
 
0.12  0.36     -61013.1013535564  -61023.9771148932  -61023.9771148932
 
0.12  0.39     -61013.1013535367  -61024.2304914884  -61024.2304914884
 
0.12  0.42     -61013.1013533807  -61024.4770434483  -61024.4770434483
 
0.12  0.45     -61013.1013533835  -61024.6995420848  -61024.6995420848
 
0.12  0.48     -61013.1013535708  -61024.8917753114  -61024.8917753115
 
0.12  0.51     -61013.1013533621  -61025.0529406949  -61025.0529406949
 
0.12  0.54     -61013.1013534052  -61025.1845578211  -61025.1845578211
 
0.12  0.57     -61013.1013534865  -61025.2886987893  -61025.2886987892
 
0.12  0.6     -61013.1013532307  -61025.3662229896  -61025.3662229896
 
0.12  0.63     -61013.1013533123  -61025.4135312669  -61025.4135312668
 
0.12  0.66     -61013.1013534017   -61025.423756044   -61025.423756044
 
0.12  0.69     -61013.1013533858  -61025.3940737152  -61025.3940737153
 
0.12  0.72     -61013.1013533201  -61025.3328194286  -61025.3328194286
 
0.12  0.75     -61013.1013535252  -61025.2641951919  -61025.2641951919
 
0.12  0.78     -61013.1013534988  -61025.2213800681  -61025.2213800681
 
0.12  0.81     -61013.1013533777  -61025.2277190376  -61025.2277190377
 
0.12  0.84     -61013.1013532912  -61025.2805575331  -61025.2805575331
 
0.12  0.87     -61013.1013536014  -61025.3579871042  -61025.3579871043
 
0.12  0.9     -61013.1013536043  -61025.4445864616  -61025.4445864616
 
0.12  0.93      -61013.101353459  -61025.5168626931  -61025.5168626931
 
0.12  0.96     -61013.1013536485  -61025.5730533259  -61025.5730533259
 
0.12  0.99     -61013.1013533712  -61025.6089588196  -61025.6089588197
 
0.12  1.00     -61013.1013535997  -61025.6179168089  -61025.6179168088
 
0.16  0.00     -61013.1013533191  -61025.5423110542  -61025.5423110542
 
0.16  0.03       -61013.10135357  -61025.5577492225  -61025.5577492225
 
0.16  0.06     -61013.1013535654   -61025.538550517   -61025.538550517
 
0.16  0.09     -61013.1013532077   -61025.478804913  -61025.4788049131
 
0.16  0.12     -61013.1013535587  -61025.3752777598  -61025.3752777598
 
0.16  0.15     -61013.1013535065  -61025.2271642342  -61025.2271642342
 
0.16  0.18     -61013.1013532026  -61025.0361612864  -61025.0361612864
 
0.16  0.21     -61013.1013534275  -61024.8069604948  -61024.8069604948
 
0.16  0.24     -61013.1013531463  -61024.5486623979  -61024.5486623979
 
0.16  0.27     -61013.1013532506  -61024.2800632408  -61024.2800632408
 
0.16  0.3      -61013.101353309  -61024.0992402577  -61024.0992402577
 
0.16  0.33     -61013.1013534966  -61024.0825247833  -61024.0825247833
 
0.16  0.36     -61013.1013532916  -61024.2282555001  -61024.2282555001
 
0.16  0.39     -61013.1013533727  -61024.4506565499  -61024.4506565499
 
0.16  0.42     -61013.1013533915  -61024.6693631224  -61024.6693631224
 
0.16  0.45     -61013.1013535474  -61024.8640348287  -61024.8640348287
 
0.16  0.48     -61013.1013534142  -61025.0266234467  -61025.0266234468
 
0.16  0.51     -61013.1013532605  -61025.1547906783  -61025.1547906783
 
0.16  0.54     -61013.1013533434   -61025.248970725  -61025.2489707249
 
0.16  0.57     -61013.1013533028  -61025.3112226576  -61025.3112226576
 
0.16  0.6     -61013.1013533701  -61025.3456396821  -61025.3456396821
 
0.16  0.63      -61013.101353384  -61025.3559400521  -61025.3559400521
 
0.16  0.66     -61013.1013532244  -61025.3398949723  -61025.3398949723
 
0.16  0.69     -61013.1013531753  -61025.2933593875  -61025.2933593875
 
0.16  0.72     -61013.1013532748   -61025.221935821  -61025.2219358209
 
0.16  0.75     -61013.1013534171   -61025.149896391  -61025.1498963909
 
0.16  0.78     -61013.1013535053  -61025.1090351603  -61025.1090351602
 
0.16  0.81     -61013.1013535683  -61025.1172028382  -61025.1172028382
 
0.16  0.84     -61013.1013537185  -61025.1711896901  -61025.1711896902
 
0.16  0.87     -61013.1013533861  -61025.2548204899  -61025.2548204899
 
0.16  0.9     -61013.1013535481  -61025.3405922699    -61025.34059227
 
0.16  0.93     -61013.1013535469  -61025.4186972494  -61025.4186972494
 
0.16  0.96     -61013.1013536279  -61025.4831860011  -61025.4831860011
 
0.16  0.99     -61013.1013535863  -61025.5304486663  -61025.5304486662
 
0.16  1.00     -61013.1013533191  -61025.5423110542  -61025.5423110542
 
0.20  0.00     -61013.1013534358  -61025.4460714876  -61025.4460714876
 
0.20  0.03     -61013.1013536683  -61025.4792343654  -61025.4792343655
 
0.20  0.06      -61013.101353274  -61025.4786505202  -61025.4786505201
 
0.20  0.09     -61013.1013533621  -61025.4390953569   -61025.439095357
 
0.20  0.12     -61013.1013533534  -61025.3580845433  -61025.3580845433
 
0.20  0.15     -61013.1013532255  -61025.2355160505  -61025.2355160504
 
0.20  0.18     -61013.1013533392  -61025.0736691334  -61025.0736691334
 
0.20  0.21     -61013.1013532038  -61024.8775686728  -61024.8775686728
 
0.20  0.24     -61013.1013531546  -61024.6571136766  -61024.6571136766
 
0.20  0.27     -61013.1013533555  -61024.4433614455  -61024.4433614456
 
0.20  0.3     -61013.1013534354  -61024.3314400016  -61024.3314400016
 
0.20  0.33     -61013.1013533713    -61024.34227091    -61024.34227091
 
0.20  0.36     -61013.1013533891  -61024.4702179507  -61024.4702179506
 
0.20  0.39     -61013.1013532873  -61024.6612096929  -61024.6612096929
 
0.20  0.42     -61013.1013534936  -61024.8539123016  -61024.8539123016
 
0.20  0.45     -61013.1013533265  -61025.0238236376  -61025.0238236376
 
0.20  0.48     -61013.1013531895  -61025.1609237932  -61025.1609237932
 
0.20  0.51     -61013.1013534778   -61025.261112789  -61025.2611127889
 
0.20  0.54     -61013.1013533053  -61025.3230952227  -61025.3230952227
 
0.20  0.57     -61013.1013531692  -61025.3472483443  -61025.3472483443
 
0.20  0.6     -61013.1013534311  -61025.3371360287  -61025.3371360287
 
0.20  0.63     -61013.1013531827  -61025.3013796985  -61025.3013796985
 
0.20  0.66      -61013.101353277  -61025.2480196187  -61025.2480196188
 
0.20  0.69     -61013.1013533032  -61025.1761933676  -61025.1761933675
 
0.20  0.72      -61013.101353324  -61025.0876116119  -61025.0876116118
 
0.20  0.75     -61013.1013531945   -61025.005176435  -61025.0051764351
 
0.20  0.78     -61013.1013532748  -61024.9630386458  -61024.9630386458
 
0.20  0.81     -61013.1013534788  -61024.9676508334  -61024.9676508334
 
0.20  0.84     -61013.1013535817  -61025.0278381538  -61025.0278381538
 
0.20  0.87     -61013.1013533854  -61025.1131271498  -61025.1131271498
 
0.20  0.9      -61013.101353656  -61025.2046463712  -61025.2046463712
 
0.20  0.93     -61013.1013533937   -61025.291263032  -61025.2912630319
 
0.20  0.96     -61013.1013533166  -61025.3679996345  -61025.3679996345
 
0.20  0.99     -61013.1013537285  -61025.4312106788  -61025.4312106789
 
0.20  1.00     -61013.1013534358  -61025.4460714876  -61025.4460714876
 
0.24  0.00     -61013.1013536924  -61025.3311106229  -61025.3311106228
 
0.24  0.03     -61013.1013534928  -61025.3858478752  -61025.3858478752
 
0.24  0.06      -61013.101353612  -61025.4082792508  -61025.4082792507
 
0.24  0.09     -61013.1013534656  -61025.3942480343  -61025.3942480343
 
0.24  0.12     -61013.1013533521  -61025.3419154523  -61025.3419154524
 
0.24  0.15      -61013.101353404  -61025.2511850206  -61025.2511850206
 
0.24  0.18     -61013.1013534492  -61025.1235101101  -61025.1235101101
 
0.24  0.21     -61013.1013534256  -61024.9630244746  -61024.9630244746
 
0.24  0.24     -61013.1013534184  -61024.7818631764  -61024.7818631764
 
0.24  0.27     -61013.1013534521  -61024.6266377691  -61024.6266377691
 
0.24  0.3     -61013.1013532607  -61024.5488993684  -61024.5488993684
 
0.24  0.33     -61013.1013533708  -61024.5781075733  -61024.5781075734
 
0.24  0.36      -61013.101353477  -61024.6956013203  -61024.6956013203
 
0.24  0.39     -61013.1013533948  -61024.8568911596  -61024.8568911596
 
0.24  0.42      -61013.101353407  -61025.0247488489  -61025.0247488489
 
0.24  0.45     -61013.1013533798  -61025.1723213148  -61025.1723213147
 
0.24  0.48     -61013.1013534949  -61025.2874697194  -61025.2874697194
 
0.24  0.51     -61013.1013533528  -61025.3644308321  -61025.3644308321
 
0.24  0.54     -61013.1013533996  -61025.4003228046  -61025.4003228046
 
0.24  0.57     -61013.1013533581  -61025.3937205998  -61025.3937205998
 
0.24  0.6     -61013.1013530796  -61025.3457038281  -61025.3457038281
 
0.24  0.63     -61013.1013532637  -61025.2633047511  -61025.2633047512
 
0.24  0.66     -61013.1013532036  -61025.1618725028  -61025.1618725029
 
0.24  0.69     -61013.1013532759  -61025.0534136224  -61025.0534136224
 
0.24  0.72     -61013.1013534807  -61024.9390061064  -61024.9390061064
 
0.24  0.75     -61013.1013535015  -61024.8352060264  -61024.8352060264
 
0.24  0.78     -61013.1013535799  -61024.7724153994  -61024.7724153994
 
0.24  0.81     -61013.1013534126  -61024.7862712695  -61024.7862712695
 
0.24  0.84     -61013.1013536178  -61024.8483329183  -61024.8483329183
 
0.24  0.87     -61013.1013535591  -61024.9380916051  -61024.9380916051
 
0.24  0.9     -61013.1013534306  -61025.0371861598  -61025.0371861598
 
0.24  0.93     -61013.1013536822  -61025.1353964036  -61025.1353964036
 
0.24  0.96     -61013.1013538603  -61025.2291350337  -61025.2291350337
 
0.24  0.99     -61013.1013534121   -61025.313039786  -61025.3130397861
 
0.24  1.00     -61013.1013536924  -61025.3311106229  -61025.3311106228
 
0.28  0.00     -61013.1013534119  -61025.2008647364  -61025.2008647364
 
0.28  0.03     -61013.1013535698  -61025.2817072226  -61025.2817072226
 
0.28  0.06     -61013.1013535104  -61025.3327931066  -61025.3327931066
 
0.28  0.09     -61013.1013533524  -61025.3510350746  -61025.3510350745
 
0.28  0.12      -61013.101353499  -61025.3343486945  -61025.3343486945
 
0.28  0.15     -61013.1013535514  -61025.2807216764  -61025.2807216764
 
0.28  0.18       -61013.10135315  -61025.1891219421  -61025.1891219421
 
0.28  0.21     -61013.1013534308  -61025.0631610446  -61025.0631610446
 
0.28  0.24     -61013.1013532688   -61024.920479572   -61024.920479572
 
0.28  0.27     -61013.1013532266  -61024.8033402077  -61024.8033402077
 
0.28  0.3     -61013.1013533592  -61024.7470910688  -61024.7470910688
 
0.28  0.33     -61013.1013535469  -61024.7874745025  -61024.7874745025
 
0.28  0.36     -61013.1013532222   -61024.896540112  -61024.8965401121
 
0.28  0.39     -61013.1013533476  -61025.0340782392  -61025.0340782392
 
0.28  0.42     -61013.1013532994  -61025.1780770495  -61025.1780770495
 
0.28  0.45     -61013.1013534705  -61025.3052168017  -61025.3052168016
 
0.28  0.48     -61013.1013532817  -61025.4012720722  -61025.4012720723
 
0.28  0.51      -61013.101353182  -61025.4589075952  -61025.4589075952
 
0.28  0.54     -61013.1013534041  -61025.4739524163  -61025.4739524163
 
0.28  0.57     -61013.1013532212  -61025.4436716794  -61025.4436716795
 
0.28  0.6     -61013.1013532328  -61025.3670719864  -61025.3670719864
 
0.28  0.63     -61013.1013533258  -61025.2473286394  -61025.2473286394
 
0.28  0.66     -61013.1013531661  -61025.0966194514  -61025.0966194514
 
0.28  0.69     -61013.1013530646   -61024.938367928   -61024.938367928
 
0.28  0.72     -61013.1013534105  -61024.7762617849  -61024.7762617849
 
0.28  0.75     -61013.1013532661  -61024.6331141771   -61024.633114177
 
0.28  0.78     -61013.1013533122  -61024.5625756579  -61024.5625756579
 
0.28  0.81      -61013.101353442  -61024.5721864061   -61024.572186406
 
0.28  0.84     -61013.1013535615  -61024.6353213736  -61024.6353213736
 
0.28  0.87     -61013.1013532596  -61024.7303568377  -61024.7303568377
 
0.28  0.9     -61013.1013534687  -61024.8392044078  -61024.8392044078
 
0.28  0.93     -61013.1013536472  -61024.9529785314  -61024.9529785314
 
0.28  0.96     -61013.1013535705  -61025.0697937895  -61025.0697937894
 
0.28  0.99      -61013.101353451  -61025.1789107171   -61025.178910717
 
0.28  1.00     -61013.1013534119  -61025.2008647364  -61025.2008647364
 
0.32  0.00     -61013.1013537073  -61025.0620942356  -61025.0620942356
 
0.32  0.03     -61013.1013534123  -61025.1751804993  -61025.1751804993
 
0.32  0.06     -61013.1013535438  -61025.2623152116  -61025.2623152116
 
0.32  0.09     -61013.1013535874  -61025.3201625499  -61025.3201625499
 
0.32  0.12     -61013.1013533009  -61025.3438931715  -61025.3438931715
 
0.32  0.15     -61013.1013533328  -61025.3278518368  -61025.3278518368
 
0.32  0.18     -61013.1013534451   -61025.269211248   -61025.269211248
 
0.32  0.21     -61013.1013532348  -61025.1732057221   -61025.173205722
 
0.32  0.24      -61013.101353474  -61025.0604762491  -61025.0604762491
 
0.32  0.27     -61013.1013534972  -61024.9639073508  -61024.9639073509
 
0.32  0.3     -61013.1013534202   -61024.922185511   -61024.922185511
 
0.32  0.33     -61013.1013533115  -61024.9681706986  -61024.9681706986
 
0.32  0.36     -61013.1013534582   -61025.069169423   -61025.069169423
 
0.32  0.39     -61013.1013535487  -61025.1890065197  -61025.1890065196
 
0.32  0.42      -61013.101353401  -61025.3114183583  -61025.3114183583
 
0.32  0.45     -61013.1013533623  -61025.4198032839  -61025.4198032839
 
0.32  0.48     -61013.1013535093  -61025.4991925303  -61025.4991925302
 
0.32  0.51      -61013.101353475  -61025.5407448692  -61025.5407448693
 
0.32  0.54     -61013.1013532713  -61025.5392034386  -61025.5392034386
 
0.32  0.57     -61013.1013535326  -61025.4909305422  -61025.4909305422
 
0.32  0.6      -61013.101353227  -61025.3936384802  -61025.3936384803
 
0.32  0.63     -61013.1013531473  -61025.2477181197  -61025.2477181197
 
0.32  0.66      -61013.101353327  -61025.0593160382  -61025.0593160383
 
0.32  0.69      -61013.101353376   -61024.855407097   -61024.855407097
 
0.32  0.72      -61013.101353149  -61024.6396579105  -61024.6396579105
 
0.32  0.75     -61013.1013534716  -61024.4489331325  -61024.4489331325
 
0.32  0.78     -61013.1013534968  -61024.3278316683  -61024.3278316683
 
0.32  0.81     -61013.1013533554  -61024.3271009269  -61024.3271009269
 
0.32  0.84     -61013.1013533443   -61024.389989658   -61024.389989658
 
0.32  0.87     -61013.1013537356  -61024.4912732878  -61024.4912732879
 
0.32  0.9     -61013.1013537352  -61024.6127784799  -61024.6127784799
 
0.32  0.93      -61013.101353511  -61024.7480390973  -61024.7480390973
 
0.32  0.96     -61013.1013535835   -61024.895484804   -61024.895484804
 
0.32  0.99      -61013.101353638  -61025.0341135404  -61025.0341135404
 
0.32  1.00     -61013.1013537073  -61025.0620942356  -61025.0620942356
 
0.36  0.00     -61013.1013536561  -61024.9290185031   -61024.929018503
 
0.36  0.03     -61013.1013534489  -61025.0826615613  -61025.0826615613
 
0.36  0.06     -61013.1013532344  -61025.2127232904  -61025.2127232904
 
0.36  0.09     -61013.1013534692  -61025.3124755551  -61025.3124755552
 
0.36  0.12     -61013.1013532285  -61025.3735017293  -61025.3735017294
 
0.36  0.15     -61013.1013531754  -61025.3886275603  -61025.3886275603
 
0.36  0.18     -61013.1013533452  -61025.3557902939  -61025.3557902939
 
0.36  0.21     -61013.1013532315  -61025.2820938048  -61025.2820938048
 
0.36  0.24     -61013.1013534555  -61025.1874326638  -61025.1874326638
 
0.36  0.27     -61013.1013533044  -61025.1025832125  -61025.1025832125
 
0.36  0.3     -61013.1013533652  -61025.0706883615  -61025.0706883615
 
0.36  0.33     -61013.1013533691  -61025.1182388589  -61025.1182388589
 
0.36  0.36     -61013.1013533079  -61025.2114748749  -61025.2114748749
 
0.36  0.39     -61013.1013534643  -61025.3178869628  -61025.3178869628
 
0.36  0.42     -61013.1013534198  -61025.4227202787  -61025.4227202787
 
0.36  0.45     -61013.1013532871  -61025.5143910036  -61025.5143910035
 
0.36  0.48      -61013.101353471  -61025.5794050337  -61025.5794050337
 
0.36  0.51     -61013.1013533966  -61025.6078002632  -61025.6078002631
 
0.36  0.54     -61013.1013531638   -61025.593345212   -61025.593345212
 
0.36  0.57     -61013.1013533642  -61025.5317247909  -61025.5317247909
 
0.36  0.6     -61013.1013532147  -61025.4198669238  -61025.4198669239
 
0.36  0.63     -61013.1013531176  -61025.2564861752  -61025.2564861751
 
0.36  0.66     -61013.1013533028  -61025.0568928791  -61025.0568928791
 
0.36  0.69     -61013.1013533467  -61024.8061716416  -61024.8061716416
 
0.36  0.72     -61013.1013530243  -61024.5335089307  -61024.5335089307
 
0.36  0.75     -61013.1013532906  -61024.2802447575  -61024.2802447575
 
0.36  0.78     -61013.1013535101  -61024.0815718481  -61024.0815718481
 
0.36  0.81     -61013.1013533346  -61024.0537785272  -61024.0537785272
 
0.36  0.84      -61013.101353342  -61024.1144960465  -61024.1144960465
 
0.36  0.87     -61013.1013536257  -61024.2234627623  -61024.2234627623
 
0.36  0.9     -61013.1013536887  -61024.3620337652  -61024.3620337652
 
0.36  0.93     -61013.1013533681  -61024.5299485704  -61024.5299485704
 
0.36  0.96     -61013.1013535267  -61024.7155283074  -61024.7155283074
 
0.36  0.99      -61013.101353608  -61024.8889638774  -61024.8889638774
 
0.36  1.00     -61013.1013536561  -61024.9290185031   -61024.929018503
 
0.40  0.00     -61013.1013534313  -61024.8281836395  -61024.8281836395
 
0.40  0.03     -61013.1013535156  -61025.0251359231  -61025.0251359231
 
0.40  0.06     -61013.1013535919  -61025.1939218317  -61025.1939218317
 
0.40  0.09     -61013.1013533309  -61025.3264855426  -61025.3264855426
 
0.40  0.12     -61013.1013535352  -61025.4143150403  -61025.4143150404
 
0.40  0.15     -61013.1013536425  -61025.4510690222  -61025.4510690221
 
0.40  0.18     -61013.1013534534  -61025.4358259709   -61025.435825971
 
0.40  0.21     -61013.1013534782  -61025.3763869977  -61025.3763869977
 
0.40  0.24     -61013.1013533915  -61025.2920115687  -61025.2920115687
 
0.40  0.27     -61013.1013534698  -61025.2146794929  -61025.2146794929
 
0.40  0.3     -61013.1013534014  -61025.1893575753  -61025.1893575753
 
0.40  0.33     -61013.1013535563  -61025.2359501807  -61025.2359501807
 
0.40  0.36     -61013.1013535046  -61025.3220647072  -61025.3220647072
 
0.40  0.39     -61013.1013535012  -61025.4181404271  -61025.4181404271
 
0.40  0.42     -61013.1013534999  -61025.5097854969   -61025.509785497
 
0.40  0.45     -61013.1013535096  -61025.5876909952  -61025.5876909952
 
0.40  0.48     -61013.1013534424   -61025.640835927   -61025.640835927
 
0.40  0.51     -61013.1013532975  -61025.6590120242  -61025.6590120242
 
0.40  0.54     -61013.1013534338  -61025.6351907466  -61025.6351907466
 
0.40  0.57     -61013.1013532722  -61025.5644872567  -61025.5644872567
 
0.40  0.6     -61013.1013534066  -61025.4460718203  -61025.4460718203
 
0.40  0.63     -61013.1013533702  -61025.2768816882  -61025.2768816881
 
0.40  0.66     -61013.1013532588  -61025.0550042534  -61025.0550042534
 
0.40  0.69     -61013.1013530444  -61024.7827697569  -61024.7827697569
 
0.40  0.72     -61013.1013534658   -61024.469761338   -61024.469761338
 
0.40  0.75     -61013.1013533532  -61024.1460940484  -61024.1460940484
 
0.40  0.78     -61013.1013532612  -61023.8690734097  -61023.8690734098
 
0.40  0.81     -61013.1013535028  -61023.7567518854  -61023.7567518854
 
0.40  0.84     -61013.1013534958  -61023.8125504711  -61023.8125504711
 
0.40  0.87     -61013.1013532728  -61023.9316930138  -61023.9316930138
 
0.40  0.9     -61013.1013533833  -61024.0961076463  -61024.0961076463
 
0.40  0.93     -61013.1013536008  -61024.3187536618  -61024.3187536619
 
0.40  0.96       -61013.10135346   -61024.548156031  -61024.5481560311
 
0.40  0.99     -61013.1013535272  -61024.7645357087  -61024.7645357087
 
0.40  1.00     -61013.1013534313  -61024.8281836395  -61024.8281836395
 
0.44  0.00     -61013.1013537234  -61024.7762602415  -61024.7762602415
 
0.44  0.03     -61013.1013533234  -61025.0027935431  -61025.0027935431
 
0.44  0.06     -61013.1013533905  -61025.1957752431  -61025.1957752431
 
0.44  0.09     -61013.1013535671  -61025.3480947103  -61025.3480947102
 
0.44  0.12     -61013.1013532907   -61025.451892953   -61025.451892953
 
0.44  0.15     -61013.1013532749  -61025.5015456842  -61025.5015456842
 
0.44  0.18     -61013.1013534482  -61025.4968219986  -61025.4968219986
 
0.44  0.21     -61013.1013533428  -61025.4458128251  -61025.4458128251
 
0.44  0.24     -61013.1013535466  -61025.3678022916  -61025.3678022916
 
0.44  0.27     -61013.1013534388  -61025.2962206441  -61025.2962206441
 
0.44  0.3     -61013.1013535395  -61025.2753418843  -61025.2753418844
 
0.44  0.33     -61013.1013533782  -61025.3198060003  -61025.3198060004
 
0.44  0.36     -61013.1013533996  -61025.3998484953  -61025.3998484954
 
0.44  0.39     -61013.1013535253  -61025.4882120811  -61025.4882120811
 
0.44  0.42     -61013.1013534613  -61025.5705669647  -61025.5705669647
 
0.44  0.45     -61013.1013533854  -61025.6383507798  -61025.6383507798
 
0.44  0.48      -61013.101353537  -61025.6825882663  -61025.6825882663
 
0.44  0.51     -61013.1013533564  -61025.6937036284  -61025.6937036284
 
0.44  0.54     -61013.1013532889  -61025.6642552909  -61025.6642552908
 
0.44  0.57     -61013.1013533633  -61025.5881537058  -61025.5881537059
 
0.44  0.6     -61013.1013532361  -61025.4660012153  -61025.4660012153
 
0.44  0.63     -61013.1013530789  -61025.2921734303  -61025.2921734303
 
0.44  0.66     -61013.1013532544  -61025.0647609029  -61025.0647609029
 
0.44  0.69     -61013.1013533049  -61024.7838389059  -61024.7838389059
 
0.44  0.72     -61013.1013531803  -61024.4524340472  -61024.4524340471
 
0.44  0.75     -61013.1013533205   -61024.078562285   -61024.078562285
 
0.44  0.78     -61013.1013534992  -61023.7011988795  -61023.7011988796
 
0.44  0.81     -61013.1013531719  -61023.4433699939  -61023.4433699939
 
0.44  0.84     -61013.1013533128  -61023.4901299605  -61023.4901299605
 
0.44  0.87     -61013.1013534666   -61023.624777007   -61023.624777007
 
0.44  0.9     -61013.1013536005  -61023.8591212105  -61023.8591212106
 
0.44  0.93     -61013.1013534359  -61024.1495043537  -61024.1495043537
 
0.44  0.96     -61013.1013536325  -61024.4286454689  -61024.4286454688
 
0.44  0.99     -61013.1013533278  -61024.6879967148  -61024.6879967148
 
0.44  1.00     -61013.1013537234  -61024.7762602415  -61024.7762602415
 
0.48  0.00     -61013.1013532641  -61024.7638518039  -61024.7638518039
 
0.48  0.03     -61013.1013535744  -61025.0024713271  -61025.0024713271
 
0.48  0.06      -61013.101353444  -61025.2047709259  -61025.2047709259
 
0.48  0.09     -61013.1013532616  -61025.3647174935  -61025.3647174934
 
0.48  0.12     -61013.1013535131  -61025.4749193068  -61025.4749193068
 
0.48  0.15     -61013.1013534055  -61025.5300690457  -61025.5300690457
 
0.48  0.18     -61013.1013533271     -61025.5303132  -61025.5303132001
 
0.48  0.21     -61013.1013534658  -61025.4838874115  -61025.4838874115
 
0.48  0.24     -61013.1013533388  -61025.4103618348  -61025.4103618347
 
0.48  0.27     -61013.1013533584  -61025.3439458602  -61025.3439458602
 
0.48  0.3     -61013.1013533207  -61025.3263797226  -61025.3263797226
 
0.48  0.33     -61013.1013535339  -61025.3686183925  -61025.3686183925
 
0.48  0.36     -61013.1013534621  -61025.4440042239   -61025.444004224
 
0.48  0.39     -61013.1013534477  -61025.5271195872  -61025.5271195872
 
0.48  0.42     -61013.1013535452   -61025.603569983   -61025.603569983
 
0.48  0.45     -61013.1013536179  -61025.6649301581  -61025.6649301582
 
0.48  0.48     -61013.1013534099  -61025.7035797112  -61025.7035797112
 
0.48  0.51     -61013.1013534417  -61025.7109908066  -61025.7109908066
 
0.48  0.54     -61013.1013534539   -61025.678398728   -61025.678398728
 
0.48  0.57     -61013.1013532946   -61025.603995352  -61025.6039953519
 
0.48  0.6     -61013.1013534831  -61025.4823900701  -61025.4823900701
 
0.48  0.63     -61013.1013533651  -61025.3100906876  -61025.3100906876
 
0.48  0.66     -61013.1013531513   -61025.084906991   -61025.084906991
 
0.48  0.69     -61013.1013531998  -61024.8064405234  -61024.8064405234
 
0.48  0.72     -61013.1013533923  -61024.4767362007  -61024.4767362007
 
0.48  0.75     -61013.1013533913  -61024.1012512888  -61024.1012512889
 
0.48  0.78     -61013.1013532322  -61023.6898848844  -61023.6898848844
 
0.48  0.81     -61013.1013535296  -61023.2589273924  -61023.2589273924
 
0.48  0.84     -61013.1013535734  -61023.1571509788  -61023.1571509788
 
0.48  0.87     -61013.1013533427  -61023.3713156808  -61023.3713156808
 
0.48  0.9     -61013.1013534451  -61023.7299733421  -61023.7299733421
 
0.48  0.93     -61013.1013536221  -61024.0685516857  -61024.0685516857
 
0.48  0.96      -61013.101353249  -61024.3803971861  -61024.3803971861
 
0.48  0.99     -61013.1013535182  -61024.6625881983  -61024.6625881984
 
0.48  1.00     -61013.1013532641  -61024.7638518039  -61024.7638518039
 
0.5  0.00     -61013.1013533273  -61024.7735223502  -61024.7735223502
 
0.5  0.03     -61013.1013534723  -61025.0097088996  -61025.0097088996
 
0.5  0.06     -61013.1013533911  -61025.2101791911  -61025.2101791911
 
0.5  0.09     -61013.1013532897  -61025.3690873132  -61025.3690873133
 
0.5  0.12      -61013.101353506  -61025.4789418634  -61025.4789418634
 
0.5  0.15     -61013.1013534511  -61025.5342960319   -61025.534296032
 
0.5  0.18     -61013.1013532941  -61025.5352385662  -61025.5352385662
 
0.5  0.21     -61013.1013533783    -61025.48998401    -61025.48998401
 
0.5  0.24     -61013.1013533237  -61025.4182587578  -61025.4182587578
 
0.5  0.27      -61013.101353455  -61025.3543551077  -61025.3543551077
 
0.5  0.3     -61013.1013534515  -61025.3382792916  -61025.3382792917
 
0.5  0.33     -61013.1013535846  -61025.3796170517  -61025.3796170517
 
0.5  0.36     -61013.1013534207  -61025.4532922265  -61025.4532922264
 
0.5  0.39      -61013.101353335  -61025.5346822059  -61025.5346822059
 
0.5  0.42     -61013.1013534386  -61025.6093296715  -61025.6093296715
 
0.5  0.45     -61013.1013535133  -61025.6687869635  -61025.6687869636
 
0.5  0.48     -61013.1013532985  -61025.7059168008  -61025.7059168008
 
0.5  0.51     -61013.1013533023  -61025.7124250343  -61025.7124250343
 
0.5  0.54     -61013.1013534422  -61025.6812251792  -61025.6812251793
 
0.5  0.57      -61013.101353249  -61025.6080674797  -61025.6080674798
 
0.5  0.6     -61013.1013533605  -61025.4884061787  -61025.4884061788
 
0.5  0.63     -61013.1013533284  -61025.3186322089   -61025.318632209
 
0.5  0.66     -61013.1013531023  -61025.0965130229  -61025.0965130228
 
0.5  0.69     -61013.1013530756  -61024.8216321487  -61024.8216321487
 
0.5  0.72     -61013.1013534047  -61024.4960246095  -61024.4960246096
 
0.5  0.75     -61013.1013533438  -61024.1251643689  -61024.1251643689
 
0.5  0.78      -61013.101353213  -61023.7192272153  -61023.7192272153
 
0.5  0.81     -61013.1013533239  -61023.2957362467  -61023.2957362467
 
0.5  0.84     -61013.1013536168  -61022.9859802041  -61022.9859802041
 
0.5  0.87     -61013.1013531734   -61023.389599165   -61023.389599165
 
0.5  0.9     -61013.1013534029  -61023.7434602342  -61023.7434602342
 
0.5  0.93     -61013.1013534787  -61024.0801498248  -61024.0801498248
 
0.5  0.96     -61013.1013534169  -61024.3908530129  -61024.3908530129
 
0.5  0.99     -61013.1013534021   -61024.671498275   -61024.671498275
 
0.5  1.00     -61013.1013533273  -61024.7735223502  -61024.7735223502
 
0.52  0.00     -61013.1013536524  -61024.7961695078  -61024.7961695078
 
0.52  0.03      -61013.101353322  -61025.0226499651   -61025.022649965
 
0.52  0.06      -61013.101353368  -61025.2161939797  -61025.2161939797
 
0.52  0.09      -61013.101353492  -61025.3705002198  -61025.3705002197
 
0.52  0.12     -61013.1013532555  -61025.4775446519  -61025.4775446519
 
0.52  0.15     -61013.1013532685  -61025.5314224544  -61025.5314224544
 
0.52  0.18     -61013.1013534934  -61025.5319213844  -61025.5319213843
 
0.52  0.21     -61013.1013533328  -61025.4871381796  -61025.4871381795
 
0.52  0.24     -61013.1013534918  -61025.4169406205  -61025.4169406205
 
0.52  0.27     -61013.1013535232  -61025.3555241469   -61025.355524147
 
0.52  0.3     -61013.1013533861  -61025.3409231798  -61025.3409231798
 
0.52  0.33     -61013.1013534312  -61025.3815922074  -61025.3815922074
 
0.52  0.36     -61013.1013535906  -61025.4539987585  -61025.4539987584
 
0.52  0.39     -61013.1013535717  -61025.5342451894  -61025.5342451894
 
0.52  0.42     -61013.1013534827  -61025.6078048208  -61025.6078048208
 
0.52  0.45     -61013.1013533335  -61025.6661797649  -61025.6661797649
 
0.52  0.48     -61013.1013535988  -61025.7026296461  -61025.7026296461
 
0.52  0.51     -61013.1013534636  -61025.7100369901  -61025.7100369901
 
0.52  0.54     -61013.1013534006  -61025.6801605541  -61025.6801605541
 
0.52  0.57     -61013.1013534433  -61025.6092004165  -61025.6092004165
 
0.52  0.6     -61013.1013531721   -61025.492402078   -61025.492402078
 
0.52  0.63      -61013.101353096   -61025.326076642   -61025.326076642
 
0.52  0.66     -61013.1013534539  -61025.1080245647  -61025.1080245647
 
0.52  0.69     -61013.1013533254  -61024.8379317379   -61024.837931738
 
0.52  0.72     -61013.1013532547  -61024.5179808342  -61024.5179808342
 
0.52  0.75     -61013.1013533139  -61024.1539452956  -61024.1539452956
 
0.52  0.78     -61013.1013534651  -61023.7568204826  -61023.7568204826
 
0.52  0.81     -61013.1013531687  -61023.3465910486  -61023.3465910485
 
0.52  0.84     -61013.1013532583  -61023.1529861355  -61023.1529861355
 
0.52  0.87     -61013.1013536072  -61023.4815381046  -61023.4815381046
 
0.52  0.9      -61013.101353435  -61023.8175216812  -61023.8175216811
 
0.52  0.93     -61013.1013532534  -61024.1371711714  -61024.1371711713
 
0.52  0.96     -61013.1013535489  -61024.4317610483  -61024.4317610483
 
0.52  0.99     -61013.1013533341  -61024.6984794585  -61024.6984794585
 
0.52  1.00     -61013.1013536524  -61024.7961695078  -61024.7961695078
 
0.56  0.00     -61013.1013535465  -61024.8665971735  -61024.8665971735
 
0.56  0.03     -61013.1013532689  -61025.0627310156  -61025.0627310156
 
0.56  0.06     -61013.1013533194  -61025.2304171613  -61025.2304171612
 
0.56  0.09     -61013.1013534766  -61025.3651421713  -61025.3651421713
 
0.56  0.12      -61013.101353276  -61025.4588945243  -61025.4588945244
 
0.56  0.15     -61013.1013533429  -61025.5045535573  -61025.5045535573
 
0.56  0.18     -61013.1013534135  -61025.5006202069  -61025.5006202069
 
0.56  0.21     -61013.1013532846  -61025.4545505633  -61025.4545505634
 
0.56  0.24     -61013.1013534959  -61025.3864387714  -61025.3864387713
 
0.56  0.27     -61013.1013534104  -61025.3298024661  -61025.3298024661
 
0.56  0.3     -61013.1013535287  -61025.3182421703  -61025.3182421703
 
0.56  0.33     -61013.1013534594   -61025.358419695   -61025.358419695
 
0.56  0.36     -61013.1013535451  -61025.4296263928  -61025.4296263928
 
0.56  0.39     -61013.1013536103  -61025.5092408525  -61025.5092408525
 
0.56  0.42     -61013.1013534293  -61025.5826252129  -61025.5826252129
 
0.56  0.45     -61013.1013533634  -61025.6449652415  -61025.6449652415
 
0.56  0.48     -61013.1013535239  -61025.6812254921  -61025.6812254921
 
0.56  0.51     -61013.1013533629  -61025.6902095809  -61025.6902095809
 
0.56  0.54     -61013.1013534256   -61025.665737332   -61025.665737332
 
0.56  0.57     -61013.1013534076  -61025.6017689865  -61025.6017689865
 
0.56  0.6     -61013.1013532214  -61025.4931334927  -61025.4931334927
 
0.56  0.63     -61013.1013530713  -61025.3361653145  -61025.3361653146
 
0.56  0.66     -61013.1013534239  -61025.1289908375  -61025.1289908375
 
0.56  0.69     -61013.1013534127  -61024.8717875497  -61024.8717875497
 
0.56  0.72     -61013.1013531614  -61024.5674513125  -61024.5674513125
 
0.56  0.75     -61013.1013531455  -61024.2229744075  -61024.2229744075
 
0.56  0.78     -61013.1013534106  -61023.8520408209  -61023.8520408209
 
0.56  0.81       -61013.10135325  -61023.4815632327  -61023.4815632327
 
0.56  0.84     -61013.1013531371  -61023.4100728868  -61023.4100728868
 
0.56  0.87     -61013.1013535122   -61023.699882673  -61023.6998826729
 
0.56  0.9      -61013.101353495  -61024.0015065041  -61024.0015065041
 
0.56  0.93     -61013.1013532275  -61024.2879145118  -61024.2879145118
 
0.56  0.96     -61013.1013534416  -61024.5492889853  -61024.5492889853
 
0.56  0.99     -61013.1013533713  -61024.7829054577  -61024.7829054576
 
0.56  1.00     -61013.1013535465  -61024.8665971735  -61024.8665971735
 
0.60  0.00     -61013.1013535772  -61024.9569938197  -61024.9569938197
 
0.60  0.03     -61013.1013534745   -61025.116797983   -61025.116797983
 
0.60  0.06     -61013.1013532677  -61025.2489879776  -61025.2489879776
 
0.60  0.09        -61013.1013534   -61025.352513107   -61025.352513107
 
0.60  0.12     -61013.1013533669  -61025.4225563316  -61025.4225563317
 
0.60  0.15     -61013.1013533409  -61025.4522674075  -61025.4522674074
 
0.60  0.18     -61013.1013533541  -61025.4385684173  -61025.4385684173
 
0.60  0.21     -61013.1013534112  -61025.3875881811  -61025.3875881811
 
0.60  0.24     -61013.1013535429  -61025.3195326736  -61025.3195326736
 
0.60  0.27     -61013.1013535503  -61025.2669169118  -61025.2669169118
 
0.60  0.3     -61013.1013536219  -61025.2584740774  -61025.2584740774
 
0.60  0.33     -61013.1013535258  -61025.2992947347  -61025.2992947348
 
0.60  0.36     -61013.1013535896  -61025.3709681982  -61025.3709681982
 
0.60  0.39     -61013.1013536354  -61025.4519541223  -61025.4519541223
 
0.60  0.42     -61013.1013535544  -61025.5322373769  -61025.5322373769
 
0.60  0.45     -61013.1013534319  -61025.5929584037  -61025.5929584037
 
0.60  0.48     -61013.1013535885  -61025.6338404061  -61025.6338404061
 
0.60  0.51     -61013.1013536354  -61025.6498196074  -61025.6498196074
 
0.60  0.54     -61013.1013533682  -61025.6343541659  -61025.6343541659
 
0.60  0.57     -61013.1013534305   -61025.580616347   -61025.580616347
 
0.60  0.6      -61013.101353459  -61025.4832321232  -61025.4832321231
 
0.60  0.63      -61013.101353178  -61025.3388550997  -61025.3388550996
 
0.60  0.66     -61013.1013534826  -61025.1462262539  -61025.1462262539
 
0.60  0.69     -61013.1013534452  -61024.9063698211  -61024.9063698211
 
0.60  0.72     -61013.1013531695  -61024.6233464037  -61024.6233464038
 
0.60  0.75       -61013.10135329   -61024.305925034   -61024.305925034
 
0.60  0.78     -61013.1013534728  -61023.9713146176  -61023.9713146176
 
0.60  0.81     -61013.1013532501  -61023.6885730059  -61023.6885730059
 
0.60  0.84     -61013.1013533064  -61023.6874839982  -61023.6874839982
 
0.60  0.87     -61013.1013535338  -61023.9389317405  -61023.9389317405
 
0.60  0.9     -61013.1013536249  -61024.2083410571  -61024.2083410571
 
0.60  0.93     -61013.1013532898  -61024.4629221295  -61024.4629221295
 
0.60  0.96     -61013.1013534129  -61024.6911875076  -61024.6911875076
 
0.60  0.99     -61013.1013534887  -61024.8898180723  -61024.8898180722
 
0.60  1.00     -61013.1013535772  -61024.9569938197  -61024.9569938197
 
0.64  0.00     -61013.1013534526  -61025.0612749198  -61025.0612749198
 
0.64  0.03     -61013.1013533046  -61025.1840146697  -61025.1840146696
 
0.64  0.06     -61013.1013532793  -61025.2764534068  -61025.2764534068
 
0.64  0.09     -61013.1013534121  -61025.3403579053  -61025.3403579053
 
0.64  0.12     -61013.1013532138  -61025.3763693232  -61025.3763693231
 
0.64  0.15     -61013.1013530301  -61025.3812686527  -61025.3812686527
 
0.64  0.18     -61013.1013533751  -61025.3512930839  -61025.3512930839
 
0.64  0.21     -61013.1013532091  -61025.2904553356  -61025.2904553356
 
0.64  0.24     -61013.1013534749  -61025.2186968439  -61025.2186968439
 
0.64  0.27     -61013.1013534272  -61025.1681959088  -61025.1681959089
 
0.64  0.3     -61013.1013534617  -61025.1624912391  -61025.1624912391
 
0.64  0.33     -61013.1013533637  -61025.2047815214  -61025.2047815214
 
0.64  0.36      -61013.101353591  -61025.2818026465  -61025.2818026464
 
0.64  0.39     -61013.1013535839  -61025.3666365357  -61025.3666365357
 
0.64  0.42     -61013.1013534915  -61025.4462605068  -61025.4462605068
 
0.64  0.45     -61013.1013534861  -61025.5128336014  -61025.5128336014
 
0.64  0.48     -61013.1013535521  -61025.5619424438  -61025.5619424438
 
0.64  0.51     -61013.1013534563  -61025.5888489956  -61025.5888489956
 
0.64  0.54     -61013.1013535018  -61025.5859568993  -61025.5859568994
 
0.64  0.57      -61013.101353529  -61025.5457073592  -61025.5457073592
 
0.64  0.6     -61013.1013531926  -61025.4628900347  -61025.4628900347
 
0.64  0.63     -61013.1013531408  -61025.3347375493  -61025.3347375493
 
0.64  0.66     -61013.1013534278  -61025.1608167021  -61025.1608167021
 
0.64  0.69     -61013.1013533936  -61024.9432257951  -61024.9432257952
 
0.64  0.72     -61013.1013533292   -61024.687348815   -61024.687348815
 
0.64  0.75     -61013.1013533914  -61024.4037687768  -61024.4037687768
 
0.64  0.78     -61013.1013533391  -61024.1145066244  -61024.1145066243
 
0.64  0.81     -61013.1013531673  -61023.9490837675  -61023.9490837675
 
0.64  0.84     -61013.1013532275  -61023.9740709073  -61023.9740709073
 
0.64  0.87     -61013.1013534818   -61024.181313092   -61024.181313092
 
0.64  0.9     -61013.1013533206  -61024.4206787682  -61024.4206787682
 
0.64  0.93     -61013.1013533409  -61024.6462807372  -61024.6462807371
 
0.64  0.96     -61013.1013533458  -61024.8444512796  -61024.8444512796
 
0.64  0.99     -61013.1013533889  -61025.0103818978  -61025.0103818978
 
0.64  1.00     -61013.1013534526  -61025.0612749198  -61025.0612749198
 
0.68  0.00     -61013.1013535221  -61025.1731535191  -61025.1731535191
 
0.68  0.03     -61013.1013533674  -61025.2626433433  -61025.2626433433
 
0.68  0.06      -61013.101353217  -61025.3170739724  -61025.3170739725
 
0.68  0.09     -61013.1013533838  -61025.3385401231  -61025.3385401231
 
0.68  0.12     -61013.1013532743  -61025.3320061507  -61025.3320061507
 
0.68  0.15     -61013.1013531841  -61025.3019173753  -61025.3019173753
 
0.68  0.18     -61013.1013533763  -61025.2475146638  -61025.2475146638
 
0.68  0.21     -61013.1013532407  -61025.1702585628  -61025.1702585628
 
0.68  0.24     -61013.1013535485  -61025.0881891276  -61025.0881891276
 
0.68  0.27     -61013.1013534633  -61025.0358418356  -61025.0358418356
 
0.68  0.3     -61013.1013535768  -61025.0315994936  -61025.0315994936
 
0.68  0.33     -61013.1013534474  -61025.0744200989   -61025.074420099
 
0.68  0.36     -61013.1013535499  -61025.1536926753  -61025.1536926753
 
0.68  0.39     -61013.1013536421   -61025.243186598   -61025.243186598
 
0.68  0.42     -61013.1013536429  -61025.3292504624  -61025.3292504624
 
0.68  0.45     -61013.1013534255  -61025.4046745683  -61025.4046745683
 
0.68  0.48     -61013.1013536462  -61025.4660010023  -61025.4660010023
 
0.68  0.51     -61013.1013536291  -61025.5079428726  -61025.5079428726
 
0.68  0.54     -61013.1013534317  -61025.5211928172  -61025.5211928172
 
0.68  0.57     -61013.1013535029  -61025.4980000305  -61025.4980000304
 
0.68  0.6     -61013.1013533127  -61025.4337173461   -61025.433717346
 
0.68  0.63     -61013.1013532548  -61025.3263074329  -61025.3263074329
 
0.68  0.66     -61013.1013534818  -61025.1761660893  -61025.1761660893
 
0.68  0.69     -61013.1013534843  -61024.9862946518  -61024.9862946518
 
0.68  0.72     -61013.1013533167  -61024.7629170921  -61024.7629170921
 
0.68  0.75     -61013.1013533197  -61024.5180555857  -61024.5180555857
 
0.68  0.78     -61013.1013533308  -61024.2929842558  -61024.2929842558
 
0.68  0.81     -61013.1013533319  -61024.1999105758  -61024.1999105759
 
0.68  0.84     -61013.1013532541  -61024.2467308235  -61024.2467308235
 
0.68  0.87     -61013.1013535281  -61024.4171834769  -61024.4171834769
 
0.68  0.9     -61013.1013534306  -61024.6277045166  -61024.6277045166
 
0.68  0.93     -61013.1013533027  -61024.8269199633  -61024.8269199633
 
0.68  0.96      -61013.101353413   -61024.998637485   -61024.998637485
 
0.68  0.99     -61013.1013534618  -61025.1362285417  -61025.1362285417
 
0.68  1.00     -61013.1013535221  -61025.1731535191  -61025.1731535191
 
0.7  0.00     -61013.1013532859  -61025.2295815642  -61025.2295815643
 
0.7  0.03     -61013.1013534276  -61025.3045712498  -61025.3045712499
 
0.7  0.06      -61013.101353296  -61025.3421592336  -61025.3421592336
 
0.7  0.09     -61013.1013531243  -61025.3437221804  -61025.3437221805
 
0.7  0.12     -61013.1013533261  -61025.3146605991  -61025.3146605991
 
0.7  0.15     -61013.1013533036  -61025.2632439788  -61025.2632439787
 
0.7  0.18     -61013.1013532465  -61025.1928622215  -61025.1928622216
 
0.7  0.21     -61013.1013533735  -61025.1044295221  -61025.1044295221
 
0.7  0.24       -61013.10135328   -61025.013730182   -61025.013730182
 
0.7  0.27     -61013.1013533115  -61024.9579011363  -61024.9579011363
 
0.7  0.3     -61013.1013533411  -61024.9462804585  -61024.9462804585
 
0.7  0.33     -61013.1013535824  -61024.9957555965  -61024.9957555965
 
0.7  0.36      -61013.101353562  -61025.0767834911  -61025.0767834911
 
0.7  0.39     -61013.1013534835   -61025.169100088   -61025.169100088
 
0.7  0.42     -61013.1013536475  -61025.2591988097  -61025.2591988097
 
0.7  0.45      -61013.101353668   -61025.340287095   -61025.340287095
 
0.7  0.48     -61013.1013534288  -61025.4094049632  -61025.4094049632
 
0.7  0.51     -61013.1013535611  -61025.4604149431  -61025.4604149431
 
0.7  0.54     -61013.1013535006  -61025.4831122575  -61025.4831122576
 
0.7  0.57      -61013.101353327  -61025.4699693683  -61025.4699693684
 
0.7  0.6      -61013.101353417  -61025.4167513022  -61025.4167513022
 
0.7  0.63     -61013.1013535448  -61025.3217833097  -61025.3217833098
 
0.7  0.66     -61013.1013532087  -61025.1857479081  -61025.1857479081
 
0.7  0.69     -61013.1013532306  -61025.0117599406  -61025.0117599406
 
0.7  0.72     -61013.1013534426  -61024.8060511308  -61024.8060511307
 
0.7  0.75     -61013.1013532723  -61024.5817434762  -61024.5817434762
 
0.7  0.78     -61013.1013531655  -61024.3935456431  -61024.3935456431
 
0.7  0.81     -61013.1013534807  -61024.3197531676  -61024.3197531676
 
0.7  0.84      -61013.101353462  -61024.3743533007  -61024.3743533007
 
0.7  0.87     -61013.1013533644  -61024.5307637602  -61024.5307637602
 
0.7  0.9     -61013.1013532646  -61024.7269546912  -61024.7269546912
 
0.7  0.93     -61013.1013534337  -61024.9137474586  -61024.9137474586
 
0.7  0.96     -61013.1013533658  -61025.0734556703  -61025.0734556703
 
0.7  0.99     -61013.1013533857  -61025.1985227294  -61025.1985227294
 
0.7  1.00     -61013.1013532859  -61025.2295815642  -61025.2295815643
 
0.72  0.00     -61013.1013534606   -61025.285122116  -61025.2851221161
 
0.72  0.03     -61013.1013533232  -61025.3470444174  -61025.3470444173
 
0.72  0.06     -61013.1013532463  -61025.3695462936  -61025.3695462935
 
0.72  0.09     -61013.1013533724   -61025.353051417  -61025.3530514171
 
0.72  0.12     -61013.1013533714  -61025.3022726205  -61025.3022726205
 
0.72  0.15     -61013.1013532425  -61025.2277335284  -61025.2277335284
 
0.72  0.18     -61013.1013533182  -61025.1384531179   -61025.138453118
 
0.72  0.21     -61013.1013532761  -61025.0365303306  -61025.0365303307
 
0.72  0.24     -61013.1013535425  -61024.9345825069  -61024.9345825069
 
0.72  0.27     -61013.1013533867   -61024.872632954   -61024.872632954
 
0.72  0.3     -61013.1013536322  -61024.8585963438  -61024.8585963438
 
0.72  0.33     -61013.1013534218   -61024.908557861  -61024.9085578609
 
0.72  0.36      -61013.101353473  -61024.9913945365  -61024.9913945366
 
0.72  0.39     -61013.1013537039  -61025.0868521595  -61025.0868521595
 
0.72  0.42     -61013.1013537656  -61025.1815685445  -61025.1815685445
 
0.72  0.45     -61013.1013535322  -61025.2692572442  -61025.2692572442
 
0.72  0.48     -61013.1013536749  -61025.3474023628  -61025.3474023628
 
0.72  0.51     -61013.1013537618  -61025.4085001589  -61025.4085001588
 
0.72  0.54       -61013.10135333  -61025.4416232027  -61025.4416232027
 
0.72  0.57     -61013.1013534943   -61025.439696731   -61025.439696731
 
0.72  0.6     -61013.1013534664  -61025.3989509147  -61025.3989509147
 
0.72  0.63     -61013.1013532846  -61025.3180147383  -61025.3180147384
 
0.72  0.66     -61013.1013533665  -61025.1976309445  -61025.1976309445
 
0.72  0.69     -61013.1013535538  -61025.0406347095  -61025.0406347095
 
0.72  0.72     -61013.1013532331  -61024.8530322488  -61024.8530322488
 
0.72  0.75     -61013.1013532167  -61024.6500428145  -61024.6500428145
 
0.72  0.78     -61013.1013533456  -61024.4935570523  -61024.4935570524
 
0.72  0.81      -61013.101353317  -61024.4351153943  -61024.4351153944
 
0.72  0.84      -61013.101353255  -61024.4956683285  -61024.4956683286
 
0.72  0.87     -61013.1013534224  -61024.6406400371  -61024.6406400371
 
0.72  0.9     -61013.1013535353  -61024.8225082615  -61024.8225082614
 
0.72  0.93     -61013.1013533643  -61024.9972847697  -61024.9972847697
 
0.72  0.96     -61013.1013533343  -61025.1456763274  -61025.1456763275
 
0.72  0.99     -61013.1013534638  -61025.2592029231  -61025.2592029231
 
0.72  1.00     -61013.1013534606   -61025.285122116  -61025.2851221161
 
0.76  0.00     -61013.1013534439  -61025.3905249699  -61025.3905249699
 
0.76  0.03     -61013.1013532667  -61025.4301605302  -61025.4301605302
 
0.76  0.06      -61013.101353229   -61025.427515857   -61025.427515857
 
0.76  0.09     -61013.1013533866  -61025.3812419829  -61025.3812419829
 
0.76  0.12     -61013.1013531475  -61025.2933079357  -61025.2933079356
 
0.76  0.15     -61013.1013530782  -61025.1727997334  -61025.1727997333
 
0.76  0.18     -61013.1013534284  -61025.0374098061  -61025.0374098061
 
0.76  0.21     -61013.1013532409   -61024.900060086   -61024.900060086
 
0.76  0.24     -61013.1013533573  -61024.7682264838  -61024.7682264838
 
0.76  0.27     -61013.1013535121  -61024.6670440174  -61024.6670440175
 
0.76  0.3      -61013.101353497  -61024.6595065864  -61024.6595065864
 
0.76  0.33     -61013.1013532466  -61024.7091005285  -61024.7091005285
 
0.76  0.36     -61013.1013536296  -61024.7955786438  -61024.7955786438
 
0.76  0.39     -61013.1013537149  -61024.8983195991  -61024.8983195991
 
0.76  0.42     -61013.1013535574  -61025.0042560975  -61025.0042560975
 
0.76  0.45     -61013.1013534258  -61025.1085075079  -61025.1085075079
 
0.76  0.48     -61013.1013537019  -61025.2087508396  -61025.2087508397
 
0.76  0.51     -61013.1013536276  -61025.2931012119  -61025.2931012119
 
0.76  0.54     -61013.1013534384  -61025.3504124286  -61025.3504124286
 
0.76  0.57     -61013.1013536316   -61025.375056771   -61025.375056771
 
0.76  0.6     -61013.1013533386  -61025.3641850426  -61025.3641850427
 
0.76  0.63       -61013.10135326   -61025.316445522   -61025.316445522
 
0.76  0.66     -61013.1013535158  -61025.2313653063  -61025.2313653063
 
0.76  0.69     -61013.1013535048  -61025.1099947007  -61025.1099947007
 
0.76  0.72     -61013.1013531925  -61024.9582618338  -61024.9582618338
 
0.76  0.75     -61013.1013534318   -61024.799391089  -61024.7993910891
 
0.76  0.78     -61013.1013534524  -61024.6856099239  -61024.6856099239
 
0.76  0.81     -61013.1013533305  -61024.6504049309  -61024.6504049309
 
0.76  0.84     -61013.1013533343  -61024.7182109405  -61024.7182109405
 
0.76  0.87     -61013.1013535793  -61024.8462261002  -61024.8462261002
 
0.76  0.9     -61013.1013534541  -61025.0007111796  -61025.0007111797
 
0.76  0.93     -61013.1013534104  -61025.1524135721  -61025.1524135721
 
0.76  0.96     -61013.1013533555  -61025.2799659448  -61025.2799659449
 
0.76  0.99     -61013.1013534656  -61025.3729674915  -61025.3729674916
 
0.76  1.00     -61013.1013534439  -61025.3905249699  -61025.3905249699
 
0.80  0.00     -61013.1013534573   -61025.484541644   -61025.484541644
 
0.80  0.03     -61013.1013532851  -61025.5061843794  -61025.5061843795
 
0.80  0.06     -61013.1013531439  -61025.4840372033  -61025.4840372033
 
0.80  0.09     -61013.1013533262  -61025.4155448359  -61025.4155448359
 
0.80  0.12     -61013.1013531881  -61025.3003784073  -61025.3003784073
 
0.80  0.15     -61013.1013531307  -61025.1431737564  -61025.1431737564
 
0.80  0.18      -61013.101353403  -61024.9587739726  -61024.9587739726
 
0.80  0.21     -61013.1013531524  -61024.7732828119  -61024.7732828119
 
0.80  0.24     -61013.1013534306  -61024.5912534171  -61024.5912534171
 
0.80  0.27     -61013.1013533908  -61024.4539869947  -61024.4539869947
 
0.80  0.3     -61013.1013533894  -61024.4307496079  -61024.4307496079
 
0.80  0.33     -61013.1013533192   -61024.477441993   -61024.477441993
 
0.80  0.36     -61013.1013535483  -61024.5674539335  -61024.5674539335
 
0.80  0.39     -61013.1013536846   -61024.679044898   -61024.679044898
 
0.80  0.42     -61013.1013536915  -61024.7995422058  -61024.7995422058
 
0.80  0.45     -61013.1013534219  -61024.9264308306  -61024.9264308306
 
0.80  0.48      -61013.101353714  -61025.0546006826  -61025.0546006826
 
0.80  0.51     -61013.1013537127  -61025.1667999914  -61025.1667999914
 
0.80  0.54     -61013.1013533815  -61025.2539162808  -61025.2539162808
 
0.80  0.57     -61013.1013536294  -61025.3120081628  -61025.3120081628
 
0.80  0.6     -61013.1013532925  -61025.3383124148  -61025.3383124148
 
0.80  0.63     -61013.1013532422  -61025.3294442596  -61025.3294442595
 
0.80  0.66      -61013.101353478  -61025.2817290637  -61025.2817290637
 
0.80  0.69     -61013.1013535742  -61025.1944075711  -61025.1944075711
 
0.80  0.72     -61013.1013532397  -61025.0755106152  -61025.0755106152
 
0.80  0.75      -61013.101353299  -61024.9522904945  -61024.9522904945
 
0.80  0.78     -61013.1013533888   -61024.861351318   -61024.861351318
 
0.80  0.81     -61013.1013533817  -61024.8421344737  -61024.8421344737
 
0.80  0.84     -61013.1013533103  -61024.9123072944  -61024.9123072944
 
0.80  0.87      -61013.101353593  -61025.0276729457  -61025.0276729458
 
0.80  0.9     -61013.1013534484  -61025.1592652233  -61025.1592652233
 
0.80  0.93     -61013.1013533709  -61025.2891667475  -61025.2891667475
 
0.80  0.96     -61013.1013533654  -61025.3979124181  -61025.3979124181
 
0.80  0.99     -61013.1013535016  -61025.4732862653  -61025.4732862653
 
0.80  1.00     -61013.1013534573   -61025.484541644   -61025.484541644
 
0.84  0.00     -61013.1013534935  -61025.5641555763  -61025.5641555763
 
0.84  0.03     -61013.1013533347  -61025.5713694798  -61025.5713694798
 
0.84  0.06     -61013.1013534419  -61025.5342082287  -61025.5342082287
 
0.84  0.09     -61013.1013533541  -61025.4493372593  -61025.4493372593
 
0.84  0.12     -61013.1013530243  -61025.3149914295  -61025.3149914296
 
0.84  0.15     -61013.1013532859  -61025.1325689842  -61025.1325689842
 
0.84  0.18      -61013.101353312  -61024.9257951074  -61024.9257951074
 
0.84  0.21     -61013.1013532101  -61024.6806665329   -61024.680666533
 
0.84  0.24     -61013.1013533842  -61024.4423191808  -61024.4423191807
 
0.84  0.27     -61013.1013534822  -61024.2422113016  -61024.2422113016
 
0.84  0.3     -61013.1013535362   -61024.175653195   -61024.175653195
 
0.84  0.33     -61013.1013533506   -61024.215801294   -61024.215801294
 
0.84  0.36     -61013.1013536169  -61024.3092051888  -61024.3092051888
 
0.84  0.39     -61013.1013536864  -61024.4318249643  -61024.4318249644
 
0.84  0.42     -61013.1013533602  -61024.5719634691  -61024.5719634691
 
0.84  0.45     -61013.1013535259  -61024.7312636823  -61024.7312636823
 
0.84  0.48     -61013.1013537657  -61024.8936467802  -61024.8936467802
 
0.84  0.51     -61013.1013534048   -61025.040034026   -61025.040034026
 
0.84  0.54     -61013.1013535947  -61025.1646598374  -61025.1646598374
 
0.84  0.57     -61013.1013536083  -61025.2637849958  -61025.2637849959
 
0.84  0.6     -61013.1013532341  -61025.3319028504  -61025.3319028503
 
0.84  0.63     -61013.1013533418  -61025.3617086763  -61025.3617086764
 
0.84  0.66     -61013.1013535498  -61025.3472154477  -61025.3472154477
 
0.84  0.69     -61013.1013534943  -61025.2881803914  -61025.2881803914
 
0.84  0.72     -61013.1013532931  -61025.1951757482  -61025.1951757482
 
0.84  0.75      -61013.101353442  -61025.0931838945  -61025.0931838945
 
0.84  0.78     -61013.1013535376  -61025.0157588746  -61025.0157588747
 
0.84  0.81     -61013.1013533419    -61025.00707094    -61025.00707094
 
0.84  0.84     -61013.1013533326  -61025.0762105069  -61025.0762105068
 
0.84  0.87     -61013.1013534479  -61025.1810083051  -61025.1810083052
 
0.84  0.9     -61013.1013534628  -61025.2951116027  -61025.2951116026
 
0.84  0.93     -61013.1013534355  -61025.4054753076  -61025.4054753076
 
0.84  0.96     -61013.1013535488  -61025.4973121563  -61025.4973121563
 
0.84  0.99     -61013.1013533113  -61025.5576101107  -61025.5576101107
 
0.84  1.00     -61013.1013534935  -61025.5641555763  -61025.5641555763
 
0.88  0.00     -61013.1013534675  -61025.6277784715  -61025.6277784715
 
0.88  0.03     -61013.1013533251  -61025.6238228027  -61025.6238228027
 
0.88  0.06     -61013.1013533183  -61025.5755048181  -61025.5755048182
 
0.88  0.09       -61013.10135336  -61025.4789388918  -61025.4789388917
 
0.88  0.12     -61013.1013531735  -61025.3314761115  -61025.3314761114
 
0.88  0.15     -61013.1013530733  -61025.1446546832  -61025.1446546832
 
0.88  0.18     -61013.1013532609  -61024.9027010082  -61024.9027010082
 
0.88  0.21     -61013.1013531658  -61024.6208655221  -61024.6208655222
 
0.88  0.24     -61013.1013534501   -61024.323347572   -61024.323347572
 
0.88  0.27     -61013.1013534005  -61024.0550448628  -61024.0550448628
 
0.88  0.3     -61013.1013535622  -61023.8994963072  -61023.8994963072
 
0.88  0.33     -61013.1013531835  -61023.9276582128  -61023.9276582128
 
0.88  0.36     -61013.1013535339  -61024.0245061825  -61024.0245061825
 
0.88  0.39     -61013.1013536275  -61024.1617453639  -61024.1617453638
 
0.88  0.42     -61013.1013534703  -61024.3325474182  -61024.3325474182
 
0.88  0.45     -61013.1013534259  -61024.5399372492  -61024.5399372493
 
0.88  0.48     -61013.1013535978  -61024.7444650218  -61024.7444650218
 
0.88  0.51     -61013.1013535471  -61024.9337469496  -61024.9337469497
 
0.88  0.54     -61013.1013534144  -61025.1022346749  -61025.1022346749
 
0.88  0.57     -61013.1013534835  -61025.2431142546  -61025.2431142546
 
0.88  0.6     -61013.1013533122  -61025.3478989177  -61025.3478989177
 
0.88  0.63     -61013.1013533332  -61025.4080892227  -61025.4080892227
 
0.88  0.66     -61013.1013534747   -61025.418278361   -61025.418278361
 
0.88  0.69     -61013.1013535082  -61025.3796209657  -61025.3796209658
 
0.88  0.72     -61013.1013532465  -61025.3034647422  -61025.3034647422
 
0.88  0.75     -61013.1013534496  -61025.2132353704  -61025.2132353704
 
0.88  0.78     -61013.1013535435  -61025.1445797312  -61025.1445797312
 
0.88  0.81     -61013.1013533581  -61025.1422929023  -61025.1422929024
 
0.88  0.84     -61013.1013534054  -61025.2083777162  -61025.2083777162
 
0.88  0.87     -61013.1013535772  -61025.3041278275  -61025.3041278275
 
0.88  0.9     -61013.1013535844  -61025.4051047207  -61025.4051047206
 
0.88  0.93     -61013.1013534207  -61025.4996092139  -61025.4996092139
 
0.88  0.96     -61013.1013535833  -61025.5767962572  -61025.5767962572
 
0.88  0.99     -61013.1013534114  -61025.6245283316  -61025.6245283317
 
0.88  1.00     -61013.1013534675  -61025.6277784715  -61025.6277784715
 
0.92  0.00     -61013.1013533928  -61025.6746279973  -61025.6746279973
 
0.92  0.03     -61013.1013533643  -61025.6628510412  -61025.6628510413
 
0.92  0.06      -61013.101353146  -61025.6072166708  -61025.6072166707
 
0.92  0.09     -61013.1013533825  -61025.5045196121  -61025.5045196121
 
0.92  0.12     -61013.1013530554   -61025.353507691  -61025.3535076909
 
0.92  0.15      -61013.101352929  -61025.1500961429  -61025.1500961429
 
0.92  0.18     -61013.1013532503  -61024.8940550544  -61024.8940550544
 
0.92  0.21     -61013.1013530974  -61024.5888874317  -61024.5888874317
 
0.92  0.24     -61013.1013533342  -61024.2467321207  -61024.2467321207
 
0.92  0.27     -61013.1013532891  -61023.9034045911  -61023.9034045911
 
0.92  0.3      -61013.101353456  -61023.6232634931   -61023.623263493
 
0.92  0.33     -61013.1013532057  -61023.6181538062  -61023.6181538062
 
0.92  0.36     -61013.1013533167  -61023.7192279121   -61023.719227912
 
0.92  0.39     -61013.1013534319   -61023.879134286   -61023.879134286
 
0.92  0.42     -61013.1013534989  -61024.1211541314  -61024.1211541314
 
0.92  0.45     -61013.1013532922   -61024.387157158  -61024.3871571581
 
0.92  0.48     -61013.1013534232   -61024.639658604   -61024.639658604
 
0.92  0.51     -61013.1013535978  -61024.8709503368  -61024.8709503368
 
0.92  0.54     -61013.1013532522  -61025.0752507017  -61025.0752507017
 
0.92  0.57     -61013.1013533909  -61025.2460061457  -61025.2460061457
 
0.92  0.6     -61013.1013533505  -61025.3752165616  -61025.3752165615
 
0.92  0.63     -61013.1013532652  -61025.4551129293  -61025.4551129293
 
0.92  0.66     -61013.1013533632  -61025.4812198957  -61025.4812198957
 
0.92  0.69     -61013.1013535096  -61025.4554732162  -61025.4554732162
 
0.92  0.72     -61013.1013532941   -61025.389340151   -61025.389340151
 
0.92  0.75     -61013.1013533159  -61025.3062517452  -61025.3062517453
 
0.92  0.78     -61013.1013533795  -61025.2440254916  -61025.2440254916
 
0.92  0.81     -61013.1013534202  -61025.2452514193  -61025.2452514194
 
0.92  0.84     -61013.1013534406  -61025.3074477418  -61025.3074477418
 
0.92  0.87     -61013.1013534964  -61025.3956725486  -61025.3956725487
 
0.92  0.9     -61013.1013535183   -61025.486929215  -61025.4869292149
 
0.92  0.93     -61013.1013534048  -61025.5697079613  -61025.5697079613
 
0.92  0.96     -61013.1013534057  -61025.6352497801  -61025.6352497801
 
0.92  0.99     -61013.1013534168   -61025.673182583   -61025.673182583
 
0.92  1.00     -61013.1013533928  -61025.6746279973  -61025.6746279973
 
0.96  0.00      -61013.101353687  -61025.7039141008  -61025.7039141009
 
0.96  0.03     -61013.1013533118  -61025.6879491776  -61025.6879491776
 
0.96  0.06     -61013.1013533961  -61025.6278880565  -61025.6278880564
 
0.96  0.09     -61013.1013534956      -61025.523847      -61025.523847
 
0.96  0.12     -61013.1013531414  -61025.3699570271  -61025.3699570271
 
0.96  0.15     -61013.1013532064  -61025.1634299389  -61025.1634299389
 
0.96  0.18     -61013.1013534098  -61024.9030556461  -61024.9030556461
 
0.96  0.21      -61013.101353229  -61024.5898912736  -61024.5898912736
 
0.96  0.24      -61013.101353509  -61024.2282546894  -61024.2282546894
 
0.96  0.27     -61013.1013535266  -61023.8272345881  -61023.8272345881
 
0.96  0.3     -61013.1013535275  -61023.4288576771  -61023.4288576771
 
0.96  0.33     -61013.1013533061  -61023.2947713954  -61023.2947713955
 
0.96  0.36     -61013.1013536056  -61023.4033501252  -61023.4033501252
 
0.96  0.39     -61013.1013536261  -61023.6658142083  -61023.6658142083
 
0.96  0.42     -61013.1013534192  -61023.9963209111  -61023.9963209111
 
0.96  0.45     -61013.1013533535  -61024.3068156381  -61024.3068156381
 
0.96  0.48     -61013.1013536307  -61024.5915240404  -61024.5915240404
 
0.96  0.51     -61013.1013534167  -61024.8473565522  -61024.8473565522
 
0.96  0.54     -61013.1013534103  -61025.0710422512  -61025.0710422512
 
0.96  0.57      -61013.101353552  -61025.2574763529  -61025.2574763529
 
0.96  0.6     -61013.1013533021  -61025.3994528731  -61025.3994528731
 
0.96  0.63     -61013.1013533112  -61025.4897123346  -61025.4897123346
 
0.96  0.66     -61013.1013534823  -61025.5243339938  -61025.5243339938
 
0.96  0.69     -61013.1013533882  -61025.5057550985  -61025.5057550985
 
0.96  0.72     -61013.1013533381  -61025.4455262588  -61025.4455262588
 
0.96  0.75     -61013.1013533853  -61025.3675930893  -61025.3675930893
 
0.96  0.78     -61013.1013536518  -61025.3107635357  -61025.3107635357
 
0.96  0.81     -61013.1013534675  -61025.3138634113  -61025.3138634113
 
0.96  0.84     -61013.1013534216  -61025.3722781122  -61025.3722781121
 
0.96  0.87     -61013.1013534963  -61025.4546740133  -61025.4546740133
 
0.96  0.9     -61013.1013535085  -61025.5391321935  -61025.5391321934
 
0.96  0.93     -61013.1013533496  -61025.6140116969  -61025.6140116969
 
0.96  0.96     -61013.1013537129  -61025.6714316945  -61025.6714316945
 
0.96  0.99     -61013.1013533046  -61025.7026921446  -61025.7026921446
 
0.96  1.00      -61013.101353687  -61025.7039141008  -61025.7039141009
 
1.00  0.00     -61013.1013536014   -61025.714392917  -61025.7143929169
 
1.00  0.03     -61013.1013532194  -61025.6969947475  -61025.6969947475
 
1.00  0.06     -61013.1013533012  -61025.6396753113  -61025.6396753113
 
1.00  0.09      -61013.101353542   -61025.537468067  -61025.5374680669
 
1.00  0.12     -61013.1013530931  -61025.3863006386  -61025.3863006386
 
1.00  0.15     -61013.1013532076  -61025.1832642686  -61025.1832642686
 
1.00  0.18     -61013.1013533338   -61024.927039593   -61024.927039593
 
1.00  0.21     -61013.1013531985  -61024.6184178643  -61024.6184178643
 
1.00  0.24     -61013.1013534281  -61024.2611682559  -61024.2611682559
 
1.00  0.27     -61013.1013534864  -61023.8632271121   -61023.863227112
 
1.00  0.3     -61013.1013535304  -61023.4386083741  -61023.4386083741
 
1.00  0.33     -61013.1013531461  -61022.9831338668  -61022.9831338667
 
1.00  0.36     -61013.1013534618  -61023.2818615263  -61023.2818615263
 
1.00  0.39     -61013.1013536275  -61023.6418800903  -61023.6418800903
 
1.00  0.42     -61013.1013532336  -61023.9872304082  -61023.9872304083
 
1.00  0.45     -61013.1013532108  -61024.3074225428  -61024.3074225428
 
1.00  0.48     -61013.1013534519  -61024.5977021282  -61024.5977021282
 
1.00  0.51     -61013.1013533874  -61024.8559906949  -61024.8559906949
 
1.00  0.54     -61013.1013533135  -61025.0807254036  -61025.0807254037
 
1.00  0.57     -61013.1013533692  -61025.2681340336  -61025.2681340336
 
1.00  0.6      -61013.101353311  -61025.4115058391  -61025.4115058391
 
1.00  0.63     -61013.1013533263  -61025.5035866681  -61025.5035866681
 
1.00  0.66     -61013.1013533909  -61025.5404386792  -61025.5404386792
 
1.00  0.69     -61013.1013534189  -61025.5245938591  -61025.5245938591
 
1.00  0.72     -61013.1013533163  -61025.4676282129  -61025.4676282129
 
1.00  0.75     -61013.1013532804    -61025.39399869    -61025.39399869
 
1.00  0.78     -61013.1013535051  -61025.3421823841  -61025.3421823841
 
1.00  0.81     -61013.1013533695  -61025.3465876297  -61025.3465876297
 
1.00  0.84     -61013.1013534204  -61025.4020241469  -61025.4020241468
 
1.00  0.87     -61013.1013535055  -61025.4804593558  -61025.4804593557
 
1.00  0.9      -61013.101353523  -61025.5608060128  -61025.5608060128
 
1.00  0.93     -61013.1013533612  -61025.6311768775  -61025.6311768775
 
1.00  0.96     -61013.1013535363  -61025.6840265471  -61025.6840265471
 
1.00  0.99     -61013.1013534047  -61025.7119531583  -61025.7119531582
 
1.00  1.00     -61013.1013536014   -61025.714392917  -61025.7143929169
