0.00  0.00     -52312.4042844068  -52317.6276969176  -52317.6276969176
 
0.00  0.03     -52312.4042844674  -52317.8920672996  -52317.8920672996
 
0.00  0.06     -52312.4042844848  -52318.1218830138  -52318.1218830138
 
0.00  0.09     -52312.4042844496  -52318.3433367918  -52318.3433367918
 
0.00  0.12     -52312.4042844906  -52318.5445723525  -52318.5445723525
 
0.00  0.15     -52312.4042845737  -52318.7186547299  -52318.7186547299
 
0.00  0.18      -52312.404284478  -52318.8620253902  -52318.8620253902
 
0.00  0.21      -52312.404284388  -52318.9737895005  -52318.9737895005
 
0.00  0.24     -52312.4042845274  -52319.0551248797  -52319.0551248797
 
0.00  0.27     -52312.4042844626  -52319.1087383722  -52319.1087383721
 
0.00  0.3      -52312.404284385  -52319.1383768942  -52319.1383768942
 
0.00  0.33     -52312.4042846366  -52319.1483529807  -52319.1483529807
 
0.00  0.36     -52312.4042844175   -52319.143134024  -52319.1431340239
 
0.00  0.39     -52312.4042845068  -52319.1271466961  -52319.1271466961
 
0.00  0.42     -52312.4042845154  -52319.1049665397  -52319.1049665397
 
0.00  0.45     -52312.4042844665  -52319.0814705584  -52319.0814705584
 
0.00  0.48     -52312.4042844901  -52319.0617813193  -52319.0617813194
 
0.00  0.51     -52312.4042846319  -52319.0509829378  -52319.0509829378
 
0.00  0.54     -52312.4042846435  -52319.0533421787  -52319.0533421788
 
0.00  0.57     -52312.4042845466  -52319.0705673756  -52319.0705673756
 
0.00  0.6     -52312.4042844861  -52319.0991868409  -52319.0991868409
 
0.00  0.63     -52312.4042845243  -52319.1292484114  -52319.1292484114
 
0.00  0.66      -52312.404284402  -52319.1470869329  -52319.1470869329
 
0.00  0.69      -52312.404284507  -52319.1406325819  -52319.1406325819
 
0.00  0.72      -52312.404284422  -52319.1029863472  -52319.1029863472
 
0.00  0.75     -52312.4042844185  -52319.0330229357  -52319.0330229357
 
0.00  0.78     -52312.4042845417  -52318.9338241555  -52318.9338241554
 
0.00  0.81     -52312.4042844286  -52318.8099637353  -52318.8099637353
 
0.00  0.84     -52312.4042845344  -52318.6652379693  -52318.6652379693
 
0.00  0.87     -52312.4042845707  -52318.5020711171  -52318.5020711171
 
0.00  0.9     -52312.4042843619  -52318.3223173108  -52318.3223173108
 
0.00  0.93     -52312.4042845095  -52318.1285715252  -52318.1285715252
 
0.00  0.96     -52312.4042844863  -52317.9259433769  -52317.9259433769
 
0.00  0.99     -52312.4042844765  -52317.7338181659  -52317.7338181659
 
0.00  1.00     -52312.4042844068  -52317.6276969176  -52317.6276969176
 
0.04  0.00     -52312.4042844559  -52317.8375384305  -52317.8375384305
 
0.04  0.03     -52312.4042843635  -52317.9315551835  -52317.9315551835
 
0.04  0.06     -52312.4042844478  -52318.1275122538  -52318.1275122538
 
0.04  0.09      -52312.404284492  -52318.3394688265  -52318.3394688265
 
0.04  0.12     -52312.4042843939  -52318.5378287789  -52318.5378287789
 
0.04  0.15     -52312.4042845137  -52318.7116314736  -52318.7116314736
 
0.04  0.18     -52312.4042844176  -52318.8558484249  -52318.8558484249
 
0.04  0.21     -52312.4042845691  -52318.9688440179  -52318.9688440179
 
0.04  0.24     -52312.4042845822  -52319.0513408375  -52319.0513408375
 
0.04  0.27     -52312.4042843959  -52319.1057263065  -52319.1057263065
 
0.04  0.3     -52312.4042845153  -52319.1355045626  -52319.1355045626
 
0.04  0.33     -52312.4042844903   -52319.144803714   -52319.144803714
 
0.04  0.36     -52312.4042844909  -52319.1379890814  -52319.1379890814
 
0.04  0.39     -52312.4042846101  -52319.1195437359  -52319.1195437359
 
0.04  0.42     -52312.4042844694  -52319.0943133607  -52319.0943133607
 
0.04  0.45     -52312.4042844966  -52319.0676193387  -52319.0676193387
 
0.04  0.48     -52312.4042845061  -52319.0450702668  -52319.0450702669
 
0.04  0.51     -52312.4042844828  -52319.0321929957  -52319.0321929958
 
0.04  0.54     -52312.4042844171  -52319.0336756464  -52319.0336756464
 
0.04  0.57     -52312.4042845871  -52319.0515067467  -52319.0515067467
 
0.04  0.6     -52312.4042845364  -52319.0820200992  -52319.0820200992
 
0.04  0.63     -52312.4042844289  -52319.1146902756  -52319.1146902756
 
0.04  0.66     -52312.4042844454  -52319.1354032826  -52319.1354032827
 
0.04  0.69     -52312.4042845348  -52319.1318451326  -52319.1318451326
 
0.04  0.72     -52312.4042845041  -52319.0970353134  -52319.0970353134
 
0.04  0.75     -52312.4042845725  -52319.0299166523  -52319.0299166523
 
0.04  0.78     -52312.4042846209  -52318.9337245741  -52318.9337245741
 
0.04  0.81     -52312.4042845267  -52318.8132540642  -52318.8132540642
 
0.04  0.84     -52312.4042846761  -52318.6726750401  -52318.6726750401
 
0.04  0.87     -52312.4042844858  -52318.5150269659  -52318.5150269659
 
0.04  0.9     -52312.4042846029  -52318.3430814791  -52318.3430814791
 
0.04  0.93      -52312.404284482   -52318.161022153  -52318.1610221529
 
0.04  0.96     -52312.4042843978  -52317.9790427313  -52317.9790427313
 
0.04  0.99     -52312.4042844034  -52317.8537658016  -52317.8537658016
 
0.04  1.00     -52312.4042844559  -52317.8375384305  -52317.8375384305
 
0.08  0.00     -52312.4042843939  -52318.0115364069  -52318.0115364069
 
0.08  0.03     -52312.4042844099   -52318.046900357   -52318.046900357
 
0.08  0.06     -52312.4042845129  -52318.1899812192  -52318.1899812192
 
0.08  0.09     -52312.4042845149  -52318.3686947072  -52318.3686947072
 
0.08  0.12     -52312.4042845535   -52318.551028156  -52318.5510281561
 
0.08  0.15     -52312.4042845867  -52318.7170605203  -52318.7170605203
 
0.08  0.18     -52312.4042845028   -52318.857138075   -52318.857138075
 
0.08  0.21     -52312.4042845894  -52318.9675503402  -52318.9675503402
 
0.08  0.24     -52312.4042845581  -52319.0479893786  -52319.0479893786
 
0.08  0.27     -52312.4042844523  -52319.1002615569  -52319.1002615569
 
0.08  0.3     -52312.4042845885  -52319.1274834909  -52319.1274834909
 
0.08  0.33     -52312.4042843946  -52319.1335189103  -52319.1335189103
 
0.08  0.36     -52312.4042845804  -52319.1225810793  -52319.1225810793
 
0.08  0.39     -52312.4042845027  -52319.0991736507  -52319.0991736507
 
0.08  0.42     -52312.4042845897  -52319.0684394826  -52319.0684394826
 
0.08  0.45     -52312.4042845532  -52319.0362717071  -52319.0362717071
 
0.08  0.48     -52312.4042845708  -52319.0089647197  -52319.0089647197
 
0.08  0.51     -52312.4042844564   -52318.992709142   -52318.992709142
 
0.08  0.54     -52312.4042844217  -52318.9928141253  -52318.9928141253
 
0.08  0.57     -52312.4042844594  -52319.0116383147  -52319.0116383147
 
0.08  0.6     -52312.4042846444  -52319.0452739835  -52319.0452739835
 
0.08  0.63     -52312.4042845794  -52319.0826830056  -52319.0826830056
 
0.08  0.66     -52312.4042846644  -52319.1094743632  -52319.1094743632
 
0.08  0.69      -52312.404284656  -52319.1131314948  -52319.1131314948
 
0.08  0.72     -52312.4042844833  -52319.0866343359  -52319.0866343359
 
0.08  0.75       -52312.40428468  -52319.0289981704  -52319.0289981704
 
0.08  0.78     -52312.4042846103  -52318.9434254056  -52318.9434254056
 
0.08  0.81     -52312.4042845086   -52318.834650039   -52318.834650039
 
0.08  0.84      -52312.404284556  -52318.7070844609  -52318.7070844609
 
0.08  0.87       -52312.40428439  -52318.5645226677  -52318.5645226677
 
0.08  0.9     -52312.4042845297  -52318.4112562967  -52318.4112562966
 
0.08  0.93     -52312.4042845021  -52318.2637054947  -52318.2637054947
 
0.08  0.96     -52312.4042844209  -52318.1228945233  -52318.1228945233
 
0.08  0.99     -52312.4042844444  -52318.0249583459  -52318.0249583459
 
0.08  1.00     -52312.4042843939  -52318.0115364069  -52318.0115364069
 
0.12  0.00     -52312.4042843948   -52318.184942886   -52318.184942886
 
0.12  0.03     -52312.4042846032  -52318.1889134541  -52318.1889134541
 
0.12  0.06     -52312.4042845133  -52318.2857746381  -52318.2857746381
 
0.12  0.09      -52312.404284324  -52318.4280635134  -52318.4280635134
 
0.12  0.12     -52312.4042846503  -52318.5853517281  -52318.5853517281
 
0.12  0.15     -52312.4042845135  -52318.7362709305  -52318.7362709305
 
0.12  0.18     -52312.4042844635  -52318.8669509291  -52318.8669509291
 
0.12  0.21     -52312.4042845465  -52318.9707289527  -52318.9707289527
 
0.12  0.24     -52312.4042844746  -52319.0457062751  -52319.0457062751
 
0.12  0.27     -52312.4042845664   -52319.092829298  -52319.0928292981
 
0.12  0.3     -52312.4042844983  -52319.1146922484  -52319.1146922484
 
0.12  0.33     -52312.4042846342  -52319.1148300932  -52319.1148300932
 
0.12  0.36     -52312.4042845026  -52319.0972529097  -52319.0972529097
 
0.12  0.39     -52312.4042845611  -52319.0664356709  -52319.0664356709
 
0.12  0.42     -52312.4042845882  -52319.0278084681  -52319.0278084681
 
0.12  0.45     -52312.4042844406  -52318.9879720727  -52318.9879720727
 
0.12  0.48     -52312.4042846283  -52318.9542110056  -52318.9542110056
 
0.12  0.51     -52312.4042845823  -52318.9337135441  -52318.9337135441
 
0.12  0.54     -52312.4042845358  -52318.9326374252  -52318.9326374252
 
0.12  0.57      -52312.404284566  -52318.9536741288  -52318.9536741287
 
0.12  0.6     -52312.4042845894  -52318.9924318021  -52318.9924318021
 
0.12  0.63      -52312.404284571  -52319.0373106966  -52319.0373106966
 
0.12  0.66      -52312.404284608  -52319.0735782786  -52319.0735782786
 
0.12  0.69     -52312.4042844621  -52319.0883409254  -52319.0883409254
 
0.12  0.72     -52312.4042845044  -52319.0745650266  -52319.0745650266
 
0.12  0.75     -52312.4042845266  -52319.0312927792  -52319.0312927792
 
0.12  0.78     -52312.4042843684  -52318.9614702796  -52318.9614702796
 
0.12  0.81     -52312.4042844554  -52318.8695417004  -52318.8695417004
 
0.12  0.84     -52312.4042844057  -52318.7599851102  -52318.7599851102
 
0.12  0.87     -52312.4042845111   -52318.637306356   -52318.637306356
 
0.12  0.9     -52312.4042843392  -52318.5101593167  -52318.5101593167
 
0.12  0.93     -52312.4042844998  -52318.3846707029  -52318.3846707029
 
0.12  0.96     -52312.4042845206   -52318.276619933   -52318.276619933
 
0.12  0.99     -52312.4042845009  -52318.1985510084  -52318.1985510083
 
0.12  1.00     -52312.4042843948   -52318.184942886   -52318.184942886
 
0.16  0.00     -52312.4042844528  -52318.3506303715  -52318.3506303715
 
0.16  0.03     -52312.4042844935  -52318.3411451428  -52318.3411451428
 
0.16  0.06     -52312.4042845465  -52318.3990523763  -52318.3990523763
 
0.16  0.09     -52312.4042844778  -52318.5073297271  -52318.5073297271
 
0.16  0.12     -52312.4042844089  -52318.6370709165  -52318.6370709165
 
0.16  0.15      -52312.404284426  -52318.7682547707  -52318.7682547707
 
0.16  0.18     -52312.4042845142  -52318.8851746009  -52318.8851746009
 
0.16  0.21     -52312.4042845786  -52318.9785704019  -52318.9785704018
 
0.16  0.24       -52312.40428449  -52319.0447698588  -52319.0447698588
 
0.16  0.27     -52312.4042845249   -52319.083705444   -52319.083705444
 
0.16  0.3     -52312.4042845515  -52319.0973870161  -52319.0973870161
 
0.16  0.33     -52312.4042846282  -52319.0889999552  -52319.0889999552
 
0.16  0.36     -52312.4042844703  -52319.0623184354  -52319.0623184354
 
0.16  0.39     -52312.4042845713  -52319.0217355758  -52319.0217355758
 
0.16  0.42     -52312.4042845432  -52318.9729200692  -52318.9729200692
 
0.16  0.45     -52312.4042845888  -52318.9232998833  -52318.9232998833
 
0.16  0.48     -52312.4042845146  -52318.8815957844  -52318.8815957843
 
0.16  0.51     -52312.4042845196  -52318.8565187666  -52318.8565187666
 
0.16  0.54     -52312.4042844306  -52318.8553123806  -52318.8553123806
 
0.16  0.57     -52312.4042845857  -52318.8807751756  -52318.8807751756
 
0.16  0.6     -52312.4042844687  -52318.9276012886  -52318.9276012886
 
0.16  0.63     -52312.4042843392   -52318.983387158   -52318.983387158
 
0.16  0.66     -52312.4042845397  -52319.0324373374  -52319.0324373374
 
0.16  0.69     -52312.4042843731  -52319.0612569754  -52319.0612569754
 
0.16  0.72     -52312.4042845392  -52319.0630068786  -52319.0630068786
 
0.16  0.75     -52312.4042844877  -52319.0367543358  -52319.0367543358
 
0.16  0.78      -52312.404284441  -52318.9850659896  -52318.9850659896
 
0.16  0.81     -52312.4042844856  -52318.9120255932  -52318.9120255932
 
0.16  0.84     -52312.4042844807  -52318.8221542152  -52318.8221542152
 
0.16  0.87     -52312.4042845391  -52318.7194208422  -52318.7194208421
 
0.16  0.9     -52312.4042845502  -52318.6150962122  -52318.6150962122
 
0.16  0.93     -52312.4042845597  -52318.5152632239  -52318.5152632239
 
0.16  0.96     -52312.4042844191  -52318.4292676686  -52318.4292676686
 
0.16  0.99      -52312.404284395   -52318.364871177   -52318.364871177
 
0.16  1.00     -52312.4042844528  -52318.3506303715  -52318.3506303715
 
0.20  0.00      -52312.404284464  -52318.5040052458  -52318.5040052458
 
0.20  0.03     -52312.4042844942  -52318.4893696227  -52318.4893696226
 
0.20  0.06     -52312.4042843843  -52318.5206462833  -52318.5206462833
 
0.20  0.09     -52312.4042845894  -52318.5990123098  -52318.5990123098
 
0.20  0.12      -52312.404284438  -52318.7019430848  -52318.7019430848
 
0.20  0.15     -52312.4042845249  -52318.8111497749  -52318.8111497749
 
0.20  0.18     -52312.4042844901  -52318.9111021691  -52318.9111021691
 
0.20  0.21     -52312.4042845114  -52318.9908843138  -52318.9908843138
 
0.20  0.24     -52312.4042845943  -52319.0452189498  -52319.0452189499
 
0.20  0.27     -52312.4042844665  -52319.0730247068  -52319.0730247069
 
0.20  0.3     -52312.4042845378   -52319.075756384   -52319.075756384
 
0.20  0.33      -52312.404284461  -52319.0562722389  -52319.0562722388
 
0.20  0.36     -52312.4042846448  -52319.0181179151  -52319.0181179151
 
0.20  0.39     -52312.4042846887  -52318.9655549839  -52318.9655549839
 
0.20  0.42     -52312.4042844613  -52318.9043965975  -52318.9043965975
 
0.20  0.45     -52312.4042845616  -52318.8429520412  -52318.8429520412
 
0.20  0.48     -52312.4042846148  -52318.7919650066  -52318.7919650065
 
0.20  0.51     -52312.4042844469  -52318.7625164719  -52318.7625164719
 
0.20  0.54     -52312.4042843458  -52318.7631411826  -52318.7631411825
 
0.20  0.57     -52312.4042845097  -52318.7962188175  -52318.7962188175
 
0.20  0.6      -52312.404284484  -52318.8549933888  -52318.8549933888
 
0.20  0.63     -52312.4042844242  -52318.9255689327  -52318.9255689326
 
0.20  0.66     -52312.4042845276  -52318.9900446344  -52318.9900446344
 
0.20  0.69     -52312.4042845164  -52319.0345658835  -52319.0345658836
 
0.20  0.72     -52312.4042845635  -52319.0529270194  -52319.0529270194
 
0.20  0.75     -52312.4042844957  -52319.0443153709  -52319.0443153709
 
0.20  0.78     -52312.4042845723  -52319.0109810226  -52319.0109810226
 
0.20  0.81     -52312.4042845349  -52318.9529446026  -52318.9529446026
 
0.20  0.84       -52312.40428449  -52318.8833077199  -52318.8833077199
 
0.20  0.87     -52312.4042843962  -52318.8037024282  -52318.8037024282
 
0.20  0.9     -52312.4042844705  -52318.7206017764  -52318.7206017764
 
0.20  0.93     -52312.4042845163  -52318.6412681831  -52318.6412681831
 
0.20  0.96      -52312.404284384  -52318.5719325248  -52318.5719325248
 
0.20  0.99      -52312.404284471  -52318.5185370301  -52318.5185370301
 
0.20  1.00      -52312.404284464  -52318.5040052458  -52318.5040052458
 
0.24  0.00     -52312.4042844519  -52318.6418413218  -52318.6418413219
 
0.24  0.03     -52312.4042845909  -52318.6260872134  -52318.6260872134
 
0.24  0.06     -52312.4042843872  -52318.6422749636  -52318.6422749637
 
0.24  0.09      -52312.404284464  -52318.6966524138  -52318.6966524138
 
0.24  0.12     -52312.4042845692  -52318.7758138061  -52318.7758138061
 
0.24  0.15     -52312.4042845274  -52318.8629727009  -52318.8629727009
 
0.24  0.18      -52312.404284535  -52318.9439188057  -52318.9439188057
 
0.24  0.21     -52312.4042846108  -52319.0073924992  -52319.0073924992
 
0.24  0.24     -52312.4042845703  -52319.0470326943  -52319.0470326943
 
0.24  0.27     -52312.4042844435  -52319.0609108608  -52319.0609108608
 
0.24  0.3     -52312.4042845655   -52319.050029213   -52319.050029213
 
0.24  0.33     -52312.4042844651  -52319.0169821705  -52319.0169821705
 
0.24  0.36     -52312.4042843781  -52318.9651261126  -52318.9651261126
 
0.24  0.39     -52312.4042845355  -52318.8985458697  -52318.8985458697
 
0.24  0.42      -52312.404284525  -52318.8230812102  -52318.8230812102
 
0.24  0.45     -52312.4042844319  -52318.7478471134  -52318.7478471134
 
0.24  0.48     -52312.4042846283  -52318.6862604297  -52318.6862604297
 
0.24  0.51     -52312.4042843936   -52318.653150108   -52318.653150108
 
0.24  0.54     -52312.4042845743  -52318.6584406026  -52318.6584406026
 
0.24  0.57     -52312.4042844902  -52318.7031830233  -52318.7031830233
 
0.24  0.6     -52312.4042844821  -52318.7786458142  -52318.7786458142
 
0.24  0.63     -52312.4042845392  -52318.8676366918  -52318.8676366918
 
0.24  0.66     -52312.4042844717  -52318.9490259285  -52318.9490259285
 
0.24  0.69     -52312.4042844919  -52319.0096617327  -52319.0096617327
 
0.24  0.72     -52312.4042844339  -52319.0443945428  -52319.0443945428
 
0.24  0.75     -52312.4042844498  -52319.0526765145  -52319.0526765145
 
0.24  0.78     -52312.4042844614  -52319.0342672726  -52319.0342672726
 
0.24  0.81     -52312.4042845018  -52318.9971980332  -52318.9971980332
 
0.24  0.84     -52312.4042845163  -52318.9452934566  -52318.9452934566
 
0.24  0.87     -52312.4042844283  -52318.8838625077  -52318.8838625077
 
0.24  0.9      -52312.404284384  -52318.8188704977  -52318.8188704977
 
0.24  0.93     -52312.4042844075  -52318.7559902086  -52318.7559902086
 
0.24  0.96     -52312.4042844441  -52318.7000322644  -52318.7000322644
 
0.24  0.99     -52312.4042846262  -52318.6560579046  -52318.6560579047
 
0.24  1.00     -52312.4042844519  -52318.6418413218  -52318.6418413219
 
0.28  0.00     -52312.4042844766  -52318.7618453809  -52318.7618453809
 
0.28  0.03     -52312.4042844982   -52318.747289519   -52318.747289519
 
0.28  0.06      -52312.404284535  -52318.7562773951  -52318.7562773951
 
0.28  0.09     -52312.4042844504  -52318.7940549622  -52318.7940549622
 
0.28  0.12     -52312.4042846504  -52318.8538756108  -52318.8538756108
 
0.28  0.15     -52312.4042844921  -52318.9210206587  -52318.9210206587
 
0.28  0.18     -52312.4042846466  -52318.9824270058  -52318.9824270058
 
0.28  0.21     -52312.4042844962  -52319.0276551356  -52319.0276551356
 
0.28  0.24     -52312.4042844484  -52319.0501535199  -52319.0501535198
 
0.28  0.27     -52312.4042846378  -52319.0475558238  -52319.0475558239
 
0.28  0.3     -52312.4042844093  -52319.0205895344  -52319.0205895344
 
0.28  0.33      -52312.404284494  -52318.9717076078  -52318.9717076078
 
0.28  0.36     -52312.4042844942  -52318.9041130828  -52318.9041130828
 
0.28  0.39      -52312.404284496  -52318.8216847265  -52318.8216847265
 
0.28  0.42     -52312.4042845426  -52318.7301807927  -52318.7301807927
 
0.28  0.45     -52312.4042844903  -52318.6392881655  -52318.6392881655
 
0.28  0.48      -52312.404284476  -52318.5655944694  -52318.5655944694
 
0.28  0.51     -52312.4042845669  -52318.5299214229  -52318.5299214229
 
0.28  0.54     -52312.4042846038  -52318.5435225956  -52318.5435225956
 
0.28  0.57     -52312.4042843708  -52318.6048796459  -52318.6048796459
 
0.28  0.6     -52312.4042843346  -52318.7024344184  -52318.7024344184
 
0.28  0.63      -52312.404284563  -52318.8121337502  -52318.8121337502
 
0.28  0.66     -52312.4042845489  -52318.9107028055  -52318.9107028055
 
0.28  0.69     -52312.4042844163  -52318.9869993927  -52318.9869993927
 
0.28  0.72     -52312.4042845441  -52319.0389224774  -52319.0389224774
 
0.28  0.75     -52312.4042844279  -52319.0607815466  -52319.0607815466
 
0.28  0.78     -52312.4042844024   -52319.059003971   -52319.059003971
 
0.28  0.81     -52312.4042844762  -52319.0376485012  -52319.0376485013
 
0.28  0.84     -52312.4042844561  -52319.0014655401  -52319.0014655401
 
0.28  0.87     -52312.4042844215  -52318.9556844226  -52318.9556844226
 
0.28  0.9     -52312.4042845247  -52318.9056117681  -52318.9056117681
 
0.28  0.93     -52312.4042843978  -52318.8559436325  -52318.8559436326
 
0.28  0.96     -52312.4042845566  -52318.8108981002  -52318.8108981002
 
0.28  0.99     -52312.4042845991  -52318.7751043512  -52318.7751043512
 
0.28  1.00     -52312.4042844766  -52318.7618453809  -52318.7618453809
 
0.32  0.00     -52312.4042845859   -52318.862432391  -52318.8624323911
 
0.32  0.03     -52312.4042844813  -52318.8503944242  -52318.8503944242
 
0.32  0.06     -52312.4042845469  -52318.8569298432  -52318.8569298432
 
0.32  0.09     -52312.4042845307  -52318.8850990368  -52318.8850990368
 
0.32  0.12     -52312.4042845285  -52318.9307063611  -52318.9307063611
 
0.32  0.15     -52312.4042844521  -52318.9813113693  -52318.9813113693
 
0.32  0.18     -52312.4042844667  -52319.0244051693  -52319.0244051693
 
0.32  0.21     -52312.4042845725  -52319.0506780607  -52319.0506780607
 
0.32  0.24     -52312.4042844871   -52319.054329646   -52319.054329646
 
0.32  0.27     -52312.4042845551  -52319.0332068282  -52319.0332068282
 
0.32  0.3     -52312.4042845054  -52318.9880852486  -52318.9880852486
 
0.32  0.33     -52312.4042844262  -52318.9214415866  -52318.9214415866
 
0.32  0.36     -52312.4042846529  -52318.8363594279  -52318.8363594279
 
0.32  0.39      -52312.404284462   -52318.736501815   -52318.736501815
 
0.32  0.42     -52312.4042844994  -52318.6274643708  -52318.6274643708
 
0.32  0.45     -52312.4042846218  -52318.5191925241  -52318.5191925241
 
0.32  0.48     -52312.4042844207  -52318.4314040264  -52318.4314040264
 
0.32  0.51     -52312.4042845488  -52318.3944441921  -52318.3944441921
 
0.32  0.54     -52312.4042844515  -52318.4208677641  -52318.4208677641
 
0.32  0.57     -52312.4042843989  -52318.5052533443  -52318.5052533443
 
0.32  0.6     -52312.4042843403  -52318.6298886911  -52318.6298886911
 
0.32  0.63     -52312.4042844518   -52318.760471415   -52318.760471415
 
0.32  0.66     -52312.4042845705  -52318.8755415874  -52318.8755415874
 
0.32  0.69     -52312.4042844011  -52318.9697233694  -52318.9697233694
 
0.32  0.72     -52312.4042845889  -52319.0325159906  -52319.0325159906
 
0.32  0.75     -52312.4042844376  -52319.0684015316  -52319.0684015316
 
0.32  0.78     -52312.4042845813  -52319.0803792716  -52319.0803792716
 
0.32  0.81     -52312.4042846747  -52319.0725456366  -52319.0725456366
 
0.32  0.84     -52312.4042843596  -52319.0496552244  -52319.0496552244
 
0.32  0.87     -52312.4042845079  -52319.0167222533  -52319.0167222533
 
0.32  0.9      -52312.404284654   -52318.978518282   -52318.978518282
 
0.32  0.93     -52312.4042845035  -52318.9392614769  -52318.9392614769
 
0.32  0.96     -52312.4042845957  -52318.9029898466  -52318.9029898466
 
0.32  0.99     -52312.4042844581   -52318.874165335   -52318.874165335
 
0.32  1.00     -52312.4042845859   -52318.862432391  -52318.8624323911
 
0.36  0.00     -52312.4042845635  -52318.9425517801  -52318.9425517801
 
0.36  0.03     -52312.4042845069  -52318.9335849881  -52318.9335849881
 
0.36  0.06     -52312.4042845184  -52318.9403401538  -52318.9403401539
 
0.36  0.09       -52312.40428463  -52318.9640832223  -52318.9640832223
 
0.36  0.12     -52312.4042843988  -52319.0005743555  -52319.0005743555
 
0.36  0.15     -52312.4042844601  -52319.0387118561  -52319.0387118561
 
0.36  0.18     -52312.4042844994  -52319.0662153438  -52319.0662153438
 
0.36  0.21     -52312.4042844125  -52319.0744812016  -52319.0744812016
 
0.36  0.24     -52312.4042846079  -52319.0588858814  -52319.0588858814
 
0.36  0.27     -52312.4042845053  -52319.0181509893  -52319.0181509893
 
0.36  0.3     -52312.4042845297  -52318.9535675346  -52318.9535675346
 
0.36  0.33     -52312.4042844799  -52318.8678342722  -52318.8678342722
 
0.36  0.36     -52312.4042845773  -52318.7639692155  -52318.7639692155
 
0.36  0.39     -52312.4042844893  -52318.6454423554  -52318.6454423554
 
0.36  0.42     -52312.4042844751  -52318.5176301925  -52318.5176301925
 
0.36  0.45     -52312.4042846406  -52318.3904244553  -52318.3904244553
 
0.36  0.48     -52312.4042844975  -52318.2857655566  -52318.2857655567
 
0.36  0.51     -52312.4042845222  -52318.2486110569   -52318.248611057
 
0.36  0.54     -52312.4042844108   -52318.293761527   -52318.293761527
 
0.36  0.57     -52312.4042845204  -52318.4101906425  -52318.4101906425
 
0.36  0.6     -52312.4042844774  -52318.5635895591  -52318.5635895591
 
0.36  0.63     -52312.4042844737  -52318.7134314996  -52318.7134314996
 
0.36  0.66     -52312.4042844665  -52318.8468753859  -52318.8468753858
 
0.36  0.69     -52312.4042845847  -52318.9510179503  -52318.9510179503
 
0.36  0.72     -52312.4042845583  -52319.0262845942  -52319.0262845942
 
0.36  0.75     -52312.4042844879  -52319.0740929859  -52319.0740929859
 
0.36  0.78      -52312.404284593  -52319.0975645198  -52319.0975645198
 
0.36  0.81     -52312.4042845159  -52319.1008439804  -52319.1008439804
 
0.36  0.84     -52312.4042844661  -52319.0886216878  -52319.0886216878
 
0.36  0.87     -52312.4042844596  -52319.0656815396  -52319.0656815396
 
0.36  0.9     -52312.4042845222  -52319.0364704782  -52319.0364704782
 
0.36  0.93     -52312.4042845348  -52319.0050599314  -52319.0050599313
 
0.36  0.96     -52312.4042844481  -52318.9755319767  -52318.9755319767
 
0.36  0.99     -52312.4042843924  -52318.9523388375  -52318.9523388375
 
0.36  1.00     -52312.4042845635  -52318.9425517801  -52318.9425517801
 
0.40  0.00     -52312.4042845644  -52319.0015314895  -52319.0015314895
 
0.40  0.03     -52312.4042845064  -52318.9955017841  -52318.9955017841
 
0.40  0.06      -52312.404284485  -52319.0037202712  -52319.0037202712
 
0.40  0.09     -52312.4042845913  -52319.0262572394  -52319.0262572394
 
0.40  0.12     -52312.4042845286  -52319.0579025373  -52319.0579025373
 
0.40  0.15     -52312.4042844613  -52319.0876406427  -52319.0876406427
 
0.40  0.18     -52312.4042846473   -52319.103170642   -52319.103170642
 
0.40  0.21     -52312.4042845147  -52319.0960742133  -52319.0960742134
 
0.40  0.24      -52312.404284557  -52319.0626685286  -52319.0626685286
 
0.40  0.27     -52312.4042845654  -52319.0028480518  -52319.0028480518
 
0.40  0.3     -52312.4042845254  -52318.9188090716  -52318.9188090716
 
0.40  0.33     -52312.4042845467  -52318.8136737818  -52318.8136737819
 
0.40  0.36     -52312.4042844837  -52318.6904854945  -52318.6904854946
 
0.40  0.39     -52312.4042843762  -52318.5525455724  -52318.5525455724
 
0.40  0.42     -52312.4042844264  -52318.4049752164  -52318.4049752164
 
0.40  0.45     -52312.4042844286  -52318.2573878809  -52318.2573878809
 
0.40  0.48     -52312.4042845349  -52318.1321966511  -52318.1321966511
 
0.40  0.51     -52312.4042844457  -52318.0950418229  -52318.0950418229
 
0.40  0.54     -52312.4042846103  -52318.1683722453  -52318.1683722453
 
0.40  0.57     -52312.4042845591  -52318.3267021125  -52318.3267021125
 
0.40  0.6     -52312.4042846306  -52318.5040057522  -52318.5040057522
 
0.40  0.63     -52312.4042845238   -52318.673967228   -52318.673967228
 
0.40  0.66     -52312.4042844429  -52318.8187321724  -52318.8187321723
 
0.40  0.69     -52312.4042845029   -52318.934247229  -52318.9342472291
 
0.40  0.72     -52312.4042843861   -52319.019930735   -52319.019930735
 
0.40  0.75     -52312.4042844967  -52319.0774756516  -52319.0774756516
 
0.40  0.78     -52312.4042844804  -52319.1101101565  -52319.1101101565
 
0.40  0.81     -52312.4042843593  -52319.1220113046  -52319.1220113046
 
0.40  0.84      -52312.404284433  -52319.1177887653  -52319.1177887653
 
0.40  0.87      -52312.404284552   -52319.102050711   -52319.102050711
 
0.40  0.9     -52312.4042843939  -52319.0791113955  -52319.0791113955
 
0.40  0.93     -52312.4042844983  -52319.0530976093  -52319.0530976093
 
0.40  0.96     -52312.4042845012   -52319.028252617   -52319.028252617
 
0.40  0.99     -52312.4042845981  -52319.0091126727  -52319.0091126727
 
0.40  1.00     -52312.4042845644  -52319.0015314895  -52319.0015314895
 
0.44  0.00     -52312.4042846291  -52319.0389227591  -52319.0389227591
 
0.44  0.03      -52312.404284428  -52319.0350983479  -52319.0350983479
 
0.44  0.06     -52312.4042845247  -52319.0450291777  -52319.0450291777
 
0.44  0.09     -52312.4042845418  -52319.0680831897  -52319.0680831898
 
0.44  0.12     -52312.4042844133  -52319.0979834025  -52319.0979834025
 
0.44  0.15      -52312.404284505  -52319.1230232147  -52319.1230232147
 
0.44  0.18      -52312.404284474  -52319.1305777998  -52319.1305777998
 
0.44  0.21     -52312.4042845431  -52319.1121141262  -52319.1121141262
 
0.44  0.24     -52312.4042845491  -52319.0644125618  -52319.0644125618
 
0.44  0.27       -52312.40428449   -52318.988341291  -52318.9883412911
 
0.44  0.3     -52312.4042844876  -52318.8870252312  -52318.8870252312
 
0.44  0.33     -52312.4042845792  -52318.7640308122  -52318.7640308122
 
0.44  0.36     -52312.4042844228  -52318.6224026518  -52318.6224026518
 
0.44  0.39     -52312.4042845118  -52318.4651887286  -52318.4651887286
 
0.44  0.42     -52312.4042844929  -52318.2971394676  -52318.2971394676
 
0.44  0.45     -52312.4042844234  -52318.1275030361  -52318.1275030361
 
0.44  0.48     -52312.4042844121  -52317.9776021388  -52317.9776021388
 
0.44  0.51     -52312.4042846042  -52317.9383745783  -52317.9383745782
 
0.44  0.54      -52312.404284597  -52318.0609547848  -52318.0609547848
 
0.44  0.57     -52312.4042844222   -52318.254680304   -52318.254680304
 
0.44  0.6     -52312.4042845679  -52318.4573893396  -52318.4573893395
 
0.44  0.63     -52312.4042844188  -52318.6399157195  -52318.6399157195
 
0.44  0.66      -52312.404284355  -52318.7949727248  -52318.7949727248
 
0.44  0.69     -52312.4042845564  -52318.9195328233  -52318.9195328233
 
0.44  0.72     -52312.4042844084  -52319.0134068262  -52319.0134068261
 
0.44  0.75     -52312.4042844647  -52319.0784394853  -52319.0784394853
 
0.44  0.78     -52312.4042844101  -52319.1178939078  -52319.1178939078
 
0.44  0.81      -52312.404284405  -52319.1359245303  -52319.1359245304
 
0.44  0.84     -52312.4042845232  -52319.1370736334  -52319.1370736334
 
0.44  0.87     -52312.4042845365   -52319.125851617   -52319.125851617
 
0.44  0.9     -52312.4042844989  -52319.1065725564  -52319.1065725564
 
0.44  0.93     -52312.4042845303  -52319.0835287088  -52319.0835287088
 
0.44  0.96     -52312.4042845297  -52319.0611969723  -52319.0611969723
 
0.44  0.99     -52312.4042844868  -52319.0442824429  -52319.0442824429
 
0.44  1.00     -52312.4042846291  -52319.0389227591  -52319.0389227591
 
0.48  0.00     -52312.4042846096  -52319.0545197553  -52319.0545197553
 
0.48  0.03     -52312.4042845527   -52319.051746533   -52319.051746533
 
0.48  0.06     -52312.4042844985   -52319.063023423   -52319.063023423
 
0.48  0.09     -52312.4042845656  -52319.0873979648  -52319.0873979648
 
0.48  0.12     -52312.4042844965  -52319.1176832193  -52319.1176832193
 
0.48  0.15     -52312.4042846411  -52319.1412245673  -52319.1412245674
 
0.48  0.18     -52312.4042844541  -52319.1448959408  -52319.1448959408
 
0.48  0.21     -52312.4042843962   -52319.119958114   -52319.119958114
 
0.48  0.24     -52312.4042846456  -52319.0633654021  -52319.0633654021
 
0.48  0.27     -52312.4042845308  -52318.9766476117  -52318.9766476118
 
0.48  0.3      -52312.404284514  -52318.8636290561  -52318.8636290561
 
0.48  0.33      -52312.404284492   -52318.728156854   -52318.728156854
 
0.48  0.36      -52312.404284596  -52318.5729986385  -52318.5729986385
 
0.48  0.39     -52312.4042844764   -52318.400268647   -52318.400268647
 
0.48  0.42     -52312.4042844273  -52318.2129150764  -52318.2129150764
 
0.48  0.45     -52312.4042844689  -52318.0179289316  -52318.0179289316
 
0.48  0.48     -52312.4042844559  -52317.8365307133  -52317.8365307133
 
0.48  0.51     -52312.4042844673  -52317.7909792313  -52317.7909792313
 
0.48  0.54     -52312.4042844507  -52317.9845202265  -52317.9845202265
 
0.48  0.57     -52312.4042844262  -52318.2102330187  -52318.2102330187
 
0.48  0.6     -52312.4042845843   -52318.423793941   -52318.423793941
 
0.48  0.63     -52312.4042844046  -52318.6145231398  -52318.6145231398
 
0.48  0.66     -52312.4042844805  -52318.7766026438  -52318.7766026439
 
0.48  0.69     -52312.4042845698  -52318.9074683234  -52318.9074683234
 
0.48  0.72      -52312.404284582  -52319.0070567092  -52319.0070567092
 
0.48  0.75     -52312.4042845219  -52319.0771978676  -52319.0771978676
 
0.48  0.78     -52312.4042845587  -52319.1210832361  -52319.1210832361
 
0.48  0.81     -52312.4042844579  -52319.1427740258  -52319.1427740258
 
0.48  0.84     -52312.4042846185  -52319.1467319608  -52319.1467319608
 
0.48  0.87     -52312.4042844838  -52319.1374287307  -52319.1374287307
 
0.48  0.9      -52312.404284539  -52319.1192546371  -52319.1192546371
 
0.48  0.93     -52312.4042843629  -52319.0967374204  -52319.0967374204
 
0.48  0.96     -52312.4042845854  -52319.0746613673  -52319.0746613673
 
0.48  0.99     -52312.4042844185  -52319.0580022234  -52319.0580022234
 
0.48  1.00     -52312.4042846096  -52319.0545197553  -52319.0545197553
 
0.5  0.00     -52312.4042845552  -52319.0541650757  -52319.0541650757
 
0.5  0.03     -52312.4042845689  -52319.0514221457  -52319.0514221458
 
0.5  0.06     -52312.4042844535  -52319.0631464278  -52319.0631464277
 
0.5  0.09     -52312.4042844942  -52319.0883421126  -52319.0883421126
 
0.5  0.12     -52312.4042845554  -52319.1194414531  -52319.1194414531
 
0.5  0.15     -52312.4042846073  -52319.1433123228  -52319.1433123227
 
0.5  0.18      -52312.404284421  -52319.1465677773  -52319.1465677773
 
0.5  0.21     -52312.4042843567  -52319.1203824155  -52319.1203824155
 
0.5  0.24     -52312.4042846211  -52319.0617881642  -52319.0617881642
 
0.5  0.27     -52312.4042844133   -52318.972579077   -52318.972579077
 
0.5  0.3     -52312.4042845349  -52318.8568992457  -52318.8568992457
 
0.5  0.33     -52312.4042846035  -52318.7188193062  -52318.7188193062
 
0.5  0.36     -52312.4042845159  -52318.5611864273  -52318.5611864273
 
0.5  0.39     -52312.4042845559  -52318.3859740823  -52318.3859740823
 
0.5  0.42     -52312.4042845119  -52318.1954610641  -52318.1954610641
 
0.5  0.45     -52312.4042843674  -52317.9937756431  -52317.9937756431
 
0.5  0.48     -52312.4042845893  -52317.7899882477  -52317.7899882477
 
0.5  0.51     -52312.4042844861  -52317.7450160813  -52317.7450160813
 
0.5  0.54     -52312.4042844888  -52317.9685473468  -52317.9685473468
 
0.5  0.57     -52312.4042844278  -52318.1973493283  -52318.1973493283
 
0.5  0.6     -52312.4042846049  -52318.4130834547  -52318.4130834547
 
0.5  0.63     -52312.4042844276  -52318.6058544355  -52318.6058544355
 
0.5  0.66     -52312.4042844532  -52318.7699504872  -52318.7699504872
 
0.5  0.69     -52312.4042846456  -52318.9027703902  -52318.9027703902
 
0.5  0.72     -52312.4042844466  -52319.0041755019  -52319.0041755019
 
0.5  0.75     -52312.4042844844   -52319.075907618   -52319.075907618
 
0.5  0.78      -52312.404284521  -52319.1210762382  -52319.1210762382
 
0.5  0.81     -52312.4042844862  -52319.1436661177  -52319.1436661177
 
0.5  0.84     -52312.4042846239  -52319.1480827072  -52319.1480827072
 
0.5  0.87     -52312.4042844896   -52319.138781205  -52319.1387812051
 
0.5  0.9     -52312.4042845404  -52319.1202069261  -52319.1202069261
 
0.5  0.93     -52312.4042844581  -52319.0970313573  -52319.0970313573
 
0.5  0.96     -52312.4042845326   -52319.074228031  -52319.0742280309
 
0.5  0.99     -52312.4042844798  -52319.0569548565  -52319.0569548565
 
0.5  1.00     -52312.4042845552  -52319.0541650757  -52319.0541650757
 
0.52  0.00     -52312.4042844385  -52319.0484221302  -52319.0484221302
 
0.52  0.03      -52312.404284615  -52319.0453805056  -52319.0453805056
 
0.52  0.06     -52312.4042845506  -52319.0574078104  -52319.0574078104
 
0.52  0.09     -52312.4042844536  -52319.0835227899  -52319.0835227899
 
0.52  0.12     -52312.4042845189  -52319.1158153642  -52319.1158153642
 
0.52  0.15     -52312.4042845461  -52319.1407083713  -52319.1407083713
 
0.52  0.18     -52312.4042845412  -52319.1445631565  -52319.1445631565
 
0.52  0.21     -52312.4042844008   -52319.118487797  -52319.1184877971
 
0.52  0.24     -52312.4042845027  -52319.0596126149  -52319.0596126148
 
0.52  0.27     -52312.4042845632  -52318.9699661583  -52318.9699661583
 
0.52  0.3     -52312.4042845172  -52318.8539838983  -52318.8539838983
 
0.52  0.33     -52312.4042846731  -52318.7160177342  -52318.7160177342
 
0.52  0.36     -52312.4042845089  -52318.5591787487  -52318.5591787487
 
0.52  0.39     -52312.4042844401  -52318.3857571371  -52318.3857571371
 
0.52  0.42     -52312.4042845473  -52318.1984580128  -52318.1984580128
 
0.52  0.45     -52312.4042843495  -52318.0022407483  -52318.0022407483
 
0.52  0.48     -52312.4042845252  -52317.8101539733  -52317.8101539732
 
0.52  0.51     -52312.4042845597  -52317.7764280427  -52317.7764280427
 
0.52  0.54     -52312.4042844393  -52317.9677190816  -52317.9677190816
 
0.52  0.57     -52312.4042844702  -52318.1926019961  -52318.1926019961
 
0.52  0.6     -52312.4042845031  -52318.4074217044  -52318.4074217044
 
0.52  0.63     -52312.4042845107  -52318.6004470249  -52318.6004470249
 
0.52  0.66     -52312.4042844751  -52318.7653552821  -52318.7653552821
 
0.52  0.69     -52312.4042845645  -52318.8992092632  -52318.8992092632
 
0.52  0.72     -52312.4042845599  -52319.0016575521  -52319.0016575521
 
0.52  0.75     -52312.4042844001  -52319.0742883911  -52319.0742883911
 
0.52  0.78     -52312.4042845524  -52319.1200882752  -52319.1200882752
 
0.52  0.81      -52312.404284438  -52319.1429446667  -52319.1429446667
 
0.52  0.84     -52312.4042844899  -52319.1471897614  -52319.1471897615
 
0.52  0.87     -52312.4042845278  -52319.1372544956  -52319.1372544956
 
0.52  0.9     -52312.4042843915  -52319.1176471029  -52319.1176471029
 
0.52  0.93     -52312.4042844428  -52319.0931991842  -52319.0931991842
 
0.52  0.96     -52312.4042845477  -52319.0691051129   -52319.069105113
 
0.52  0.99     -52312.4042845511  -52319.0507376834  -52319.0507376834
 
0.52  1.00     -52312.4042844385  -52319.0484221302  -52319.0484221302
 
0.56  0.00     -52312.4042844924  -52319.0210274818  -52319.0210274818
 
0.56  0.03     -52312.4042845719   -52319.016510133  -52319.0165101331
 
0.56  0.06     -52312.4042846053  -52319.0288760845  -52319.0288760845
 
0.56  0.09      -52312.404284455  -52319.0572727588  -52319.0572727588
 
0.56  0.12     -52312.4042845588  -52319.0931733889  -52319.0931733889
 
0.56  0.15      -52312.404284537  -52319.1222337716  -52319.1222337716
 
0.56  0.18     -52312.4042845602  -52319.1303693533  -52319.1303693533
 
0.56  0.21     -52312.4042845651  -52319.1085767955  -52319.1085767955
 
0.56  0.24     -52312.4042844166  -52319.0542057717  -52319.0542057718
 
0.56  0.27     -52312.4042846118  -52318.9696484147  -52318.9696484147
 
0.56  0.3     -52312.4042844403  -52318.8597230839  -52318.8597230839
 
0.56  0.33     -52312.4042845839  -52318.7292158205  -52318.7292158205
 
0.56  0.36     -52312.4042843779  -52318.5818844017  -52318.5818844017
 
0.56  0.39     -52312.4042844299  -52318.4210458543  -52318.4210458543
 
0.56  0.42     -52312.4042845155   -52318.251346516   -52318.251346516
 
0.56  0.45     -52312.4042843675  -52318.0982958224  -52318.0982958224
 
0.56  0.48     -52312.4042844781  -52317.9685475456  -52317.9685475456
 
0.56  0.51     -52312.4042845832   -52317.920612421   -52317.920612421
 
0.56  0.54     -52312.4042844942  -52318.0348092295  -52318.0348092295
 
0.56  0.57       -52312.40428452  -52318.2173345343  -52318.2173345343
 
0.56  0.6     -52312.4042843636  -52318.4153075081  -52318.4153075081
 
0.56  0.63      -52312.404284625   -52318.601500195   -52318.601500195
 
0.56  0.66     -52312.4042846046  -52318.7635716777  -52318.7635716777
 
0.56  0.69     -52312.4042844522  -52318.8963021245  -52318.8963021245
 
0.56  0.72     -52312.4042843944  -52318.9982657098  -52318.9982657099
 
0.56  0.75     -52312.4042845353  -52319.0704503325  -52319.0704503325
 
0.56  0.78     -52312.4042844487  -52319.1154543712  -52319.1154543712
 
0.56  0.81     -52312.4042844829  -52319.1368836403  -52319.1368836403
 
0.56  0.84     -52312.4042844343  -52319.1388759571  -52319.1388759571
 
0.56  0.87     -52312.4042846359  -52319.1257794208  -52319.1257794208
 
0.56  0.9      -52312.404284523  -52319.1022223075  -52319.1022223075
 
0.56  0.93     -52312.4042846911   -52319.073406996   -52319.073406996
 
0.56  0.96     -52312.4042845641  -52319.0450761812  -52319.0450761811
 
0.56  0.99      -52312.404284596  -52319.0231703869  -52319.0231703869
 
0.56  1.00     -52312.4042844924  -52319.0210274818  -52319.0210274818
 
0.60  0.00     -52312.4042846465  -52318.9730312891  -52318.9730312891
 
0.60  0.03     -52312.4042844553  -52318.9662119346  -52318.9662119346
 
0.60  0.06       -52312.40428456  -52318.9790637464  -52318.9790637464
 
0.60  0.09     -52312.4042844537  -52319.0108524765  -52319.0108524765
 
0.60  0.12     -52312.4042845185  -52319.0524119212  -52319.0524119212
 
0.60  0.15     -52312.4042845164  -52319.0887660886  -52319.0887660886
 
0.60  0.18     -52312.4042843866  -52319.1053574583  -52319.1053574583
 
0.60  0.21     -52312.4042845832  -52319.0930078786  -52319.0930078786
 
0.60  0.24     -52312.4042845585    -52319.04926892    -52319.04926892
 
0.60  0.27     -52312.4042845277  -52318.9767064043  -52318.9767064043
 
0.60  0.3     -52312.4042845376  -52318.8801514349  -52318.8801514349
 
0.60  0.33     -52312.4042844365  -52318.7645052498  -52318.7645052498
 
0.60  0.36     -52312.4042845271  -52318.6340691857  -52318.6340691857
 
0.60  0.39     -52312.4042845722  -52318.4934638264  -52318.4934638264
 
0.60  0.42     -52312.4042843107  -52318.3581392883  -52318.3581392883
 
0.60  0.45     -52312.4042844552  -52318.2296634121  -52318.2296634121
 
0.60  0.48     -52312.4042845652  -52318.1356118538  -52318.1356118538
 
0.60  0.51     -52312.4042844502  -52318.0914475368  -52318.0914475368
 
0.60  0.54     -52312.4042843512  -52318.1480436672  -52318.1480436672
 
0.60  0.57     -52312.4042845121   -52318.285668666   -52318.285668666
 
0.60  0.6     -52312.4042844408  -52318.4522400041  -52318.4522400041
 
0.60  0.63     -52312.4042845372  -52318.6208228496  -52318.6208228496
 
0.60  0.66     -52312.4042845689   -52318.773243051   -52318.773243051
 
0.60  0.69     -52312.4042844689  -52318.9000996068  -52318.9000996069
 
0.60  0.72     -52312.4042845012  -52318.9978424044  -52318.9978424044
 
0.60  0.75      -52312.404284551  -52319.0663803347  -52319.0663803347
 
0.60  0.78     -52312.4042843772  -52319.1076956336  -52319.1076956336
 
0.60  0.81      -52312.404284461  -52319.1249928539   -52319.124992854
 
0.60  0.84     -52312.4042845269  -52319.1221521618  -52319.1221521618
 
0.60  0.87     -52312.4042845944  -52319.1033889014  -52319.1033889014
 
0.60  0.9     -52312.4042846215  -52319.0734151391  -52319.0734151391
 
0.60  0.93     -52312.4042846258  -52319.0378490942  -52319.0378490942
 
0.60  0.96     -52312.4042845516  -52319.0031592254  -52319.0031592255
 
0.60  0.99      -52312.404284567  -52318.9761205568  -52318.9761205568
 
0.60  1.00     -52312.4042846465  -52318.9730312891  -52318.9730312891
 
0.64  0.00     -52312.4042845415  -52318.9053479478  -52318.9053479478
 
0.64  0.03     -52312.4042845441  -52318.8960181774  -52318.8960181774
 
0.64  0.06     -52312.4042844615  -52318.9103961291  -52318.9103961291
 
0.64  0.09     -52312.4042845386  -52318.9476387224  -52318.9476387224
 
0.64  0.12     -52312.4042844858   -52318.997761064   -52318.997761064
 
0.64  0.15     -52312.4042845652  -52319.0450164113  -52319.0450164112
 
0.64  0.18     -52312.4042845246  -52319.0740183162  -52319.0740183162
 
0.64  0.21     -52312.4042844725  -52319.0754051745  -52319.0754051745
 
0.64  0.24     -52312.4042846667  -52319.0469216677  -52319.0469216677
 
0.64  0.27     -52312.4042844174  -52318.9910390401    -52318.99103904
 
0.64  0.3     -52312.4042845737  -52318.9122782224  -52318.9122782224
 
0.64  0.33     -52312.4042843807  -52318.8154310845  -52318.8154310845
 
0.64  0.36     -52312.4042844393  -52318.7049427687  -52318.7049427688
 
0.64  0.39      -52312.404284485  -52318.5897024684  -52318.5897024684
 
0.64  0.42     -52312.4042844605    -52318.47599653    -52318.47599653
 
0.64  0.45     -52312.4042844689  -52318.3765610417  -52318.3765610417
 
0.64  0.48     -52312.4042845396   -52318.301194302   -52318.301194302
 
0.64  0.51     -52312.4042843721  -52318.2603865753  -52318.2603865753
 
0.64  0.54     -52312.4042844788  -52318.2817153865  -52318.2817153865
 
0.64  0.57     -52312.4042844188  -52318.3789313884  -52318.3789313884
 
0.64  0.6     -52312.4042846099  -52318.5126177783  -52318.5126177783
 
0.64  0.63      -52312.404284568  -52318.6576000032  -52318.6576000032
 
0.64  0.66     -52312.4042846909  -52318.7946462606  -52318.7946462606
 
0.64  0.69     -52312.4042845836  -52318.9110877946  -52318.9110877946
 
0.64  0.72     -52312.4042844617  -52319.0008807996  -52319.0008807996
 
0.64  0.75     -52312.4042847011  -52319.0625125268  -52319.0625125268
 
0.64  0.78     -52312.4042844566  -52319.0971687856  -52319.0971687857
 
0.64  0.81     -52312.4042844262  -52319.1075762017  -52319.1075762017
 
0.64  0.84     -52312.4042847011  -52319.0973170315  -52319.0973170315
 
0.64  0.87     -52312.4042843725   -52319.070426833  -52319.0704268331
 
0.64  0.9     -52312.4042845477   -52319.031647797   -52319.031647797
 
0.64  0.93     -52312.4042845183  -52318.9870204403  -52318.9870204404
 
0.64  0.96     -52312.4042845042  -52318.9439567303  -52318.9439567303
 
0.64  0.99     -52312.4042844604  -52318.9104811084  -52318.9104811084
 
0.64  1.00     -52312.4042845415  -52318.9053479478  -52318.9053479478
 
0.68  0.00     -52312.4042844507  -52318.8190636236  -52318.8190636236
 
0.68  0.03     -52312.4042845966  -52318.8078148776  -52318.8078148776
 
0.68  0.06     -52312.4042843929   -52318.825882566   -52318.825882566
 
0.68  0.09     -52312.4042844043  -52318.8718376187  -52318.8718376187
 
0.68  0.12     -52312.4042846233  -52318.9344610688  -52318.9344610688
 
0.68  0.15     -52312.4042844655  -52318.9963615123  -52318.9963615123
 
0.68  0.18     -52312.4042844597  -52319.0408031695  -52319.0408031695
 
0.68  0.21     -52312.4042845704  -52319.0586074107  -52319.0586074107
 
0.68  0.24     -52312.4042845171  -52319.0477690656  -52319.0477690655
 
0.68  0.27      -52312.404284507  -52319.0105056759  -52319.0105056759
 
0.68  0.3      -52312.404284474    -52318.95093596  -52318.9509359599
 
0.68  0.33     -52312.4042845181  -52318.8702779683  -52318.8702779683
 
0.68  0.36     -52312.4042844128  -52318.7825343631  -52318.7825343631
 
0.68  0.39     -52312.4042844357  -52318.6894111139  -52318.6894111139
 
0.68  0.42     -52312.4042844635  -52318.5991294584  -52318.5991294584
 
0.68  0.45     -52312.4042845492  -52318.5196973868  -52318.5196973868
 
0.68  0.48     -52312.4042845754   -52318.457389394   -52318.457389394
 
0.68  0.51     -52312.4042843917  -52318.4201692238  -52318.4201692238
 
0.68  0.54     -52312.4042844856   -52318.423547356   -52318.423547356
 
0.68  0.57     -52312.4042845722  -52318.4862295209  -52318.4862295209
 
0.68  0.6      -52312.404284583   -52318.589135416   -52318.589135416
 
0.68  0.63     -52312.4042844437  -52318.7086228639  -52318.7086228639
 
0.68  0.66     -52312.4042844766  -52318.8266340779  -52318.8266340779
 
0.68  0.69     -52312.4042845185  -52318.9289600721  -52318.9289600721
 
0.68  0.72     -52312.4042844897   -52319.007413075   -52319.007413075
 
0.68  0.75      -52312.404284536  -52319.0590064296  -52319.0590064296
 
0.68  0.78     -52312.4042844849  -52319.0840703369  -52319.0840703369
 
0.68  0.81     -52312.4042844886  -52319.0848528085  -52319.0848528085
 
0.68  0.84     -52312.4042845594  -52319.0646326202  -52319.0646326202
 
0.68  0.87     -52312.4042844619   -52319.027245384   -52319.027245384
 
0.68  0.9     -52312.4042844659  -52318.9773961914  -52318.9773961914
 
0.68  0.93     -52312.4042844902  -52318.9214984214  -52318.9214984214
 
0.68  0.96     -52312.4042845037  -52318.8681299056  -52318.8681299056
 
0.68  0.99     -52312.4042845812  -52318.8271999362  -52318.8271999362
 
0.68  1.00     -52312.4042844507  -52318.8190636236  -52318.8190636236
 
0.7  0.00     -52312.4042844983  -52318.7693264806  -52318.7693264806
 
0.7  0.03     -52312.4042844835  -52318.7576240418  -52318.7576240418
 
0.7  0.06     -52312.4042845689  -52318.7787306859  -52318.7787306859
 
0.7  0.09     -52312.4042843654  -52318.8306535223  -52318.8306535223
 
0.7  0.12      -52312.404284532  -52318.9012826714  -52318.9012826715
 
0.7  0.15     -52312.4042844335  -52318.9717101842  -52318.9717101842
 
0.7  0.18     -52312.4042844875  -52319.0245342835  -52319.0245342835
 
0.7  0.21     -52312.4042845457  -52319.0509564957  -52319.0509564957
 
0.7  0.24     -52312.4042843927  -52319.0491474982  -52319.0491474982
 
0.7  0.27     -52312.4042845157  -52319.0212085602  -52319.0212085602
 
0.7  0.3     -52312.4042845978  -52318.9669621578  -52318.9669621578
 
0.7  0.33     -52312.4042845936  -52318.9000868647  -52318.9000868647
 
0.7  0.36     -52312.4042843456  -52318.8220900916  -52318.8220900916
 
0.7  0.39     -52312.4042846133  -52318.7391757038  -52318.7391757038
 
0.7  0.42      -52312.404284483  -52318.6587463128  -52318.6587463128
 
0.7  0.45     -52312.4042845101  -52318.5873523946  -52318.5873523946
 
0.7  0.48     -52312.4042845748  -52318.5304966555  -52318.5304966555
 
0.7  0.51     -52312.4042844457  -52318.4952441012  -52318.4952441012
 
0.7  0.54     -52312.4042845132  -52318.4937664159  -52318.4937664159
 
0.7  0.57     -52312.4042845031  -52318.5426538667  -52318.5426538667
 
0.7  0.6     -52312.4042845326  -52318.6315769593  -52318.6315769593
 
0.7  0.63     -52312.4042845299  -52318.7384729081  -52318.7384729081
 
0.7  0.66      -52312.404284588  -52318.8461558293  -52318.8461558293
 
0.7  0.69     -52312.4042844973  -52318.9403052407  -52318.9403052407
 
0.7  0.72     -52312.4042844121  -52319.0119448283  -52319.0119448283
 
0.7  0.75     -52312.4042844718  -52319.0574026184  -52319.0574026184
 
0.7  0.78     -52312.4042843961   -52319.076600097  -52319.0766000971
 
0.7  0.81     -52312.4042843859   -52319.071565677   -52319.071565677
 
0.7  0.84     -52312.4042844393  -52319.0454377831  -52319.0454377831
 
0.7  0.87     -52312.4042845449  -52319.0019535024  -52319.0019535024
 
0.7  0.9     -52312.4042845288  -52318.9457710451  -52318.9457710451
 
0.7  0.93     -52312.4042845809  -52318.8834553573  -52318.8834553573
 
0.7  0.96     -52312.4042845419  -52318.8242245553  -52318.8242245553
 
0.7  0.99     -52312.4042845825  -52318.7792555211  -52318.7792555211
 
0.7  1.00     -52312.4042844983  -52318.7693264806  -52318.7693264806
 
0.72  0.00     -52312.4042844857  -52318.7154147703  -52318.7154147703
 
0.72  0.03     -52312.4042845127  -52318.7037534658  -52318.7037534658
 
0.72  0.06     -52312.4042845089  -52318.7288993859   -52318.728899386
 
0.72  0.09     -52312.4042843665   -52318.788079944   -52318.788079944
 
0.72  0.12     -52312.4042846094  -52318.8679448924  -52318.8679448924
 
0.72  0.15     -52312.4042844742  -52318.9474614448  -52318.9474614447
 
0.72  0.18     -52312.4042844651  -52319.0088331723  -52319.0088331723
 
0.72  0.21     -52312.4042846014  -52319.0438646176  -52319.0438646176
 
0.72  0.24     -52312.4042843179    -52319.05094148    -52319.05094148
 
0.72  0.27     -52312.4042846079  -52319.0320805732  -52319.0320805732
 
0.72  0.3     -52312.4042843213  -52318.9874007197  -52318.9874007197
 
0.72  0.33      -52312.404284488  -52318.9296341494  -52318.9296341495
 
0.72  0.36     -52312.4042845459  -52318.8609626267  -52318.8609626267
 
0.72  0.39     -52312.4042844244   -52318.787512869   -52318.787512869
 
0.72  0.42     -52312.4042844569  -52318.7158786476  -52318.7158786476
 
0.72  0.45     -52312.4042845026  -52318.6516149643  -52318.6516149643
 
0.72  0.48     -52312.4042844957  -52318.5997205452  -52318.5997205451
 
0.72  0.51     -52312.4042844793  -52318.5665568833  -52318.5665568833
 
0.72  0.54      -52312.404284519  -52318.5619575437  -52318.5619575436
 
0.72  0.57     -52312.4042844935  -52318.5997091014  -52318.5997091014
 
0.72  0.6     -52312.4042845333  -52318.6758409234  -52318.6758409234
 
0.72  0.63     -52312.4042846107  -52318.7706633796  -52318.7706633796
 
0.72  0.66     -52312.4042844765  -52318.8677827863  -52318.8677827863
 
0.72  0.69     -52312.4042845456  -52318.9531610891  -52318.9531610891
 
0.72  0.72     -52312.4042845407  -52319.0172911391  -52319.0172911391
 
0.72  0.75     -52312.4042844165  -52319.0559045577  -52319.0559045578
 
0.72  0.78     -52312.4042845034  -52319.0685432458  -52319.0685432458
 
0.72  0.81     -52312.4042845582  -52319.0570395222  -52319.0570395222
 
0.72  0.84     -52312.4042843781  -52319.0244062183  -52319.0244062182
 
0.72  0.87     -52312.4042845331  -52318.9742844624  -52318.9742844624
 
0.72  0.9     -52312.4042846214  -52318.9112712151  -52318.9112712151
 
0.72  0.93     -52312.4042845482  -52318.8420422219   -52318.842042222
 
0.72  0.96     -52312.4042847008  -52318.7764793274  -52318.7764793274
 
0.72  0.99     -52312.4042846581  -52318.7272835107  -52318.7272835107
 
0.72  1.00     -52312.4042844857  -52318.7154147703  -52318.7154147703
 
0.76  0.00     -52312.4042846389  -52318.5957834162  -52318.5957834162
 
0.76  0.03     -52312.4042845127  -52318.5862022208  -52318.5862022208
 
0.76  0.06     -52312.4042843902  -52318.6230441114  -52318.6230441114
 
0.76  0.09     -52312.4042845358   -52318.701282366   -52318.701282366
 
0.76  0.12      -52312.404284462  -52318.8029340007  -52318.8029340007
 
0.76  0.15     -52312.4042843986  -52318.9013326632  -52318.9013326633
 
0.76  0.18      -52312.404284423  -52318.9796109923  -52318.9796109923
 
0.76  0.21      -52312.404284437   -52319.031236351   -52319.031236351
 
0.76  0.24     -52312.4042845041  -52319.0551157184  -52319.0551157184
 
0.76  0.27     -52312.4042843443  -52319.0513711683  -52319.0513711683
 
0.76  0.3     -52312.4042845037  -52319.0266325688  -52319.0266325688
 
0.76  0.33     -52312.4042844118  -52318.9857921187  -52318.9857921187
 
0.76  0.36     -52312.4042845551  -52318.9341145356  -52318.9341145356
 
0.76  0.39     -52312.4042845427  -52318.8772634069  -52318.8772634069
 
0.76  0.42     -52312.4042844121  -52318.8205464905  -52318.8205464905
 
0.76  0.45     -52312.4042844315  -52318.7684191562  -52318.7684191562
 
0.76  0.48     -52312.4042845229  -52318.7253110966  -52318.7253110966
 
0.76  0.51     -52312.4042845237  -52318.6966050585  -52318.6966050585
 
0.76  0.54     -52312.4042843949  -52318.6892579604  -52318.6892579604
 
0.76  0.57     -52312.4042845335  -52318.7120850032  -52318.7120850032
 
0.76  0.6     -52312.4042844464  -52318.7669167048  -52318.7669167048
 
0.76  0.63     -52312.4042844817  -52318.8400748598  -52318.8400748598
 
0.76  0.66     -52312.4042844889  -52318.9163885581  -52318.9163885581
 
0.76  0.69     -52312.4042846386  -52318.9830149377  -52318.9830149377
 
0.76  0.72     -52312.4042847152  -52319.0303100424  -52319.0303100424
 
0.76  0.75     -52312.4042844543  -52319.0532459891  -52319.0532459891
 
0.76  0.78     -52312.4042845948  -52319.0507923608  -52319.0507923608
 
0.76  0.81     -52312.4042846988  -52319.0244746827  -52319.0244746827
 
0.76  0.84     -52312.4042844951  -52318.9771263491  -52318.9771263491
 
0.76  0.87     -52312.4042845365  -52318.9122041169  -52318.9122041169
 
0.76  0.9     -52312.4042846411  -52318.8341352625  -52318.8341352625
 
0.76  0.93     -52312.4042846127  -52318.7497099789   -52318.749709979
 
0.76  0.96     -52312.4042846384  -52318.6700585692  -52318.6700585692
 
0.76  0.99      -52312.404284469  -52318.6118170549  -52318.6118170549
 
0.76  1.00     -52312.4042846389  -52318.5957834162  -52318.5957834162
 
0.80  0.00      -52312.404284512  -52318.4617328194  -52318.4617328194
 
0.80  0.03     -52312.4042845045   -52318.457796991   -52318.457796991
 
0.80  0.06     -52312.4042843741  -52318.5123396156  -52318.5123396156
 
0.80  0.09     -52312.4042846345  -52318.6167794518  -52318.6167794518
 
0.80  0.12     -52312.4042844668  -52318.7425813982  -52318.7425813982
 
0.80  0.15     -52312.4042843582  -52318.8593354452  -52318.8593354452
 
0.80  0.18     -52312.4042846353  -52318.9534942194  -52318.9534942194
 
0.80  0.21     -52312.4042844415  -52319.0231313011  -52319.0231313011
 
0.80  0.24     -52312.4042844952  -52319.0599287469  -52319.0599287469
 
0.80  0.27     -52312.4042843867  -52319.0713553885  -52319.0713553885
 
0.80  0.3     -52312.4042844046  -52319.0615995551  -52319.0615995551
 
0.80  0.33     -52312.4042844689  -52319.0355114666  -52319.0355114667
 
0.80  0.36     -52312.4042845402  -52318.9982658876  -52318.9982658876
 
0.80  0.39     -52312.4042843674  -52318.9549776796  -52318.9549776796
 
0.80  0.42     -52312.4042844951  -52318.9101819783  -52318.9101819783
 
0.80  0.45     -52312.4042845556  -52318.8678898681  -52318.8678898681
 
0.80  0.48     -52312.4042844689  -52318.8322938928  -52318.8322938928
 
0.80  0.51     -52312.4042845097  -52318.8082235125  -52318.8082235125
 
0.80  0.54     -52312.4042845813  -52318.8010863824  -52318.8010863824
 
0.80  0.57     -52312.4042844674  -52318.8164868037  -52318.8164868037
 
0.80  0.6     -52312.4042845153  -52318.8564997044  -52318.8564997044
 
0.80  0.63     -52312.4042846348  -52318.9122454231  -52318.9122454232
 
0.80  0.66     -52312.4042846279  -52318.9697756784  -52318.9697756784
 
0.80  0.69     -52312.4042846178  -52319.0172877791  -52319.0172877791
 
0.80  0.72     -52312.4042846377  -52319.0460212954  -52319.0460212954
 
0.80  0.75     -52312.4042845494   -52319.051034383   -52319.051034383
 
0.80  0.78     -52312.4042847243  -52319.0311373133  -52319.0311373133
 
0.80  0.81      -52312.404284523  -52318.9877490845  -52318.9877490845
 
0.80  0.84     -52312.4042844721  -52318.9236344101  -52318.9236344101
 
0.80  0.87     -52312.4042843338  -52318.8420724835  -52318.8420724835
 
0.80  0.9     -52312.4042844977  -52318.7472846119  -52318.7472846119
 
0.80  0.93     -52312.4042845133  -52318.6460278403  -52318.6460278403
 
0.80  0.96     -52312.4042844428  -52318.5503750394  -52318.5503750394
 
0.80  0.99     -52312.4042845084  -52318.4820224081  -52318.4820224081
 
0.80  1.00      -52312.404284512  -52318.4617328194  -52318.4617328194
 
0.84  0.00     -52312.4042844123  -52318.3151128575  -52318.3151128575
 
0.84  0.03     -52312.4042844924  -52318.3216905271  -52318.3216905271
 
0.84  0.06     -52312.4042845041  -52318.4022087597  -52318.4022087597
 
0.84  0.09     -52312.4042844825  -52318.5396014431  -52318.5396014431
 
0.84  0.12     -52312.4042845093  -52318.6883360459  -52318.6883360459
 
0.84  0.15      -52312.404284404  -52318.8217953454  -52318.8217953454
 
0.84  0.18     -52312.4042845696  -52318.9343996694  -52318.9343996694
 
0.84  0.21     -52312.4042845796  -52319.0132446327  -52319.0132446327
 
0.84  0.24     -52312.4042843901  -52319.0633857378  -52319.0633857378
 
0.84  0.27     -52312.4042845507  -52319.0878048161  -52319.0878048161
 
0.84  0.3       -52312.40428438  -52319.0907001637  -52319.0907001637
 
0.84  0.33       -52312.40428453  -52319.0768853884  -52319.0768853884
 
0.84  0.36     -52312.4042844422  -52319.0513408675  -52319.0513408676
 
0.84  0.39     -52312.4042844354  -52319.0187532327  -52319.0187532327
 
0.84  0.42     -52312.4042845061  -52318.9832795144  -52318.9832795143
 
0.84  0.45      -52312.404284529  -52318.9488176693  -52318.9488176693
 
0.84  0.48     -52312.4042844707  -52318.9195183366  -52318.9195183366
 
0.84  0.51     -52312.4042844761  -52318.8999434306  -52318.8999434306
 
0.84  0.54     -52312.4042847058  -52318.8946578383  -52318.8946578383
 
0.84  0.57     -52312.4042845085  -52318.9073675471  -52318.9073675471
 
0.84  0.6     -52312.4042844907  -52318.9387002169  -52318.9387002169
 
0.84  0.63     -52312.4042845163  -52318.9817765084  -52318.9817765084
 
0.84  0.66     -52312.4042845181  -52319.0238639961  -52319.0238639961
 
0.84  0.69     -52312.4042845366  -52319.0536035765  -52319.0536035765
 
0.84  0.72     -52312.4042844996  -52319.0633593999  -52319.0633593999
 
0.84  0.75     -52312.4042845013  -52319.0490905341  -52319.0490905341
 
0.84  0.78     -52312.4042846157  -52319.0100407649  -52319.0100407649
 
0.84  0.81     -52312.4042845723  -52318.9478532952  -52318.9478532952
 
0.84  0.84     -52312.4042843681   -52318.865342318   -52318.865342318
 
0.84  0.87     -52312.4042843771  -52318.7656331648  -52318.7656331648
 
0.84  0.9     -52312.4042845581  -52318.6527335498  -52318.6527335498
 
0.84  0.93     -52312.4042845521  -52318.5332492526  -52318.5332492526
 
0.84  0.96     -52312.4042845431   -52318.419697326  -52318.4196973261
 
0.84  0.99     -52312.4042845646  -52318.3393676328  -52318.3393676328
 
0.84  1.00     -52312.4042844123  -52318.3151128575  -52318.3151128575
 
0.88  0.00      -52312.404284595  -52318.1582653351  -52318.1582653351
 
0.88  0.03     -52312.4042843971  -52318.1822782099  -52318.1822782099
 
0.88  0.06     -52312.4042845477  -52318.3017083502  -52318.3017083502
 
0.88  0.09     -52312.4042845977  -52318.4725971645  -52318.4725971646
 
0.88  0.12     -52312.4042843898  -52318.6407675323  -52318.6407675323
 
0.88  0.15     -52312.4042845119  -52318.7927249084  -52318.7927249084
 
0.88  0.18     -52312.4042844692   -52318.913540834   -52318.913540834
 
0.88  0.21       -52312.40428457  -52319.0038903338  -52319.0038903338
 
0.88  0.24     -52312.4042845183  -52319.0650272259  -52319.0650272259
 
0.88  0.27     -52312.4042846658  -52319.1000264618  -52319.1000264618
 
0.88  0.3      -52312.404284486  -52319.1130914317  -52319.1130914318
 
0.88  0.33     -52312.4042844195  -52319.1089424379  -52319.1089424379
 
0.88  0.36      -52312.404284543  -52319.0923585374  -52319.0923585374
 
0.88  0.39     -52312.4042844713  -52319.0677694197  -52319.0677694198
 
0.88  0.42     -52312.4042845212  -52319.0392170174  -52319.0392170174
 
0.88  0.45     -52312.4042845264  -52319.0106692019  -52319.0106692019
 
0.88  0.48     -52312.4042844048  -52318.9863571832  -52318.9863571832
 
0.88  0.51     -52312.4042845172  -52318.9707558463  -52318.9707558463
 
0.88  0.54     -52312.4042845138  -52318.9679888671   -52318.967988867
 
0.88  0.57     -52312.4042844853  -52318.9806706118  -52318.9806706118
 
0.88  0.6     -52312.4042844777  -52319.0079621589  -52319.0079621589
 
0.88  0.63     -52312.4042844673  -52319.0429439291  -52319.0429439292
 
0.88  0.66     -52312.4042844882    -52319.07348224  -52319.0734822401
 
0.88  0.69     -52312.4042844923  -52319.0882626347  -52319.0882626347
 
0.88  0.72     -52312.4042844528  -52319.0803668343  -52319.0803668343
 
0.88  0.75     -52312.4042845552  -52319.0469392805  -52319.0469392805
 
0.88  0.78     -52312.4042844683  -52318.9882081025  -52318.9882081025
 
0.88  0.81     -52312.4042845927  -52318.9064234719  -52318.9064234719
 
0.88  0.84     -52312.4042845134  -52318.8045962102  -52318.8045962102
 
0.88  0.87     -52312.4042845221  -52318.6857562002  -52318.6857562002
 
0.88  0.9     -52312.4042846272  -52318.5537055071  -52318.5537055072
 
0.88  0.93     -52312.4042844758  -52318.4148117863  -52318.4148117864
 
0.88  0.96     -52312.4042845457  -52318.2815273428  -52318.2815273429
 
0.88  0.99     -52312.4042844354  -52318.1858075611  -52318.1858075611
 
0.88  1.00      -52312.404284595  -52318.1582653351  -52318.1582653351
 
0.92  0.00     -52312.4042844854  -52317.9944955695  -52317.9944955695
 
0.92  0.03     -52312.4042845048  -52318.0480136019  -52318.0480136019
 
0.92  0.06     -52312.4042845643  -52318.2207485255  -52318.2207485254
 
0.92  0.09     -52312.4042845782  -52318.4163845545  -52318.4163845545
 
0.92  0.12     -52312.4042844716  -52318.6035097553  -52318.6035097553
 
0.92  0.15     -52312.4042845296  -52318.7646247322  -52318.7646247322
 
0.92  0.18     -52312.4042844783  -52318.8953723937  -52318.8953723936
 
0.92  0.21     -52312.4042843803  -52318.9948739968  -52318.9948739968
 
0.92  0.24      -52312.404284547  -52319.0646325676  -52319.0646325676
 
0.92  0.27     -52312.4042844902  -52319.1077841707  -52319.1077841707
 
0.92  0.3     -52312.4042845123  -52319.1284937299  -52319.1284937299
 
0.92  0.33      -52312.404284531   -52319.131384022   -52319.131384022
 
0.92  0.36      -52312.404284412  -52319.1210763122  -52319.1210763122
 
0.92  0.39      -52312.404284545  -52319.1018968263  -52319.1018968263
 
0.92  0.42     -52312.4042845624  -52319.0779409057  -52319.0779409057
 
0.92  0.45     -52312.4042845449  -52319.0533516959  -52319.0533516959
 
0.92  0.48     -52312.4042845126  -52319.0325161745  -52319.0325161745
 
0.92  0.51     -52312.4042844692  -52319.0199353273  -52319.0199353273
 
0.92  0.54     -52312.4042844203  -52319.0195562227  -52319.0195562227
 
0.92  0.57     -52312.4042845004  -52319.0334305684  -52319.0334305684
 
0.92  0.6     -52312.4042844975  -52319.0596349562  -52319.0596349562
 
0.92  0.63     -52312.4042843981  -52319.0903650342  -52319.0903650342
 
0.92  0.66      -52312.404284506  -52319.1132706118  -52319.1132706119
 
0.92  0.69     -52312.4042846617  -52319.1168511268  -52319.1168511268
 
0.92  0.72     -52312.4042845846  -52319.0944033748  -52319.0944033748
 
0.92  0.75     -52312.4042846122  -52319.0439748677  -52319.0439748677
 
0.92  0.78     -52312.4042845968  -52318.9669213047  -52318.9669213047
 
0.92  0.81      -52312.404284634  -52318.8663205278  -52318.8663205277
 
0.92  0.84     -52312.4042845573  -52318.7454875228  -52318.7454875229
 
0.92  0.87      -52312.404284567  -52318.6074143698  -52318.6074143698
 
0.92  0.9     -52312.4042844718   -52318.455677452   -52318.455677452
 
0.92  0.93     -52312.4042843885   -52318.296342165  -52318.2963421651
 
0.92  0.96     -52312.4042845117  -52318.1414686125  -52318.1414686125
 
0.92  0.99     -52312.4042844009  -52318.0244852708  -52318.0244852708
 
0.92  1.00     -52312.4042844854  -52317.9944955695  -52317.9944955695
 
0.96  0.00     -52312.4042844995  -52317.8294296743  -52317.8294296743
 
0.96  0.03     -52312.4042845259  -52317.9473589182  -52317.9473589182
 
0.96  0.06     -52312.4042845224  -52318.1590620485  -52318.1590620486
 
0.96  0.09     -52312.4042845179  -52318.3763371411  -52318.3763371411
 
0.96  0.12     -52312.4042845467  -52318.5732179615  -52318.5732179615
 
0.96  0.15     -52312.4042844064  -52318.7423098569  -52318.7423098569
 
0.96  0.18     -52312.4042845963  -52318.8802059477  -52318.8802059477
 
0.96  0.21     -52312.4042843364  -52318.9863525032  -52318.9863525031
 
0.96  0.24     -52312.4042844871  -52319.0623181896  -52319.0623181896
 
0.96  0.27     -52312.4042844941  -52319.1111952119  -52319.1111952119
 
0.96  0.3     -52312.4042844501  -52319.1370457718  -52319.1370457718
 
0.96  0.33     -52312.4042845445  -52319.1443834498  -52319.1443834498
 
0.96  0.36     -52312.4042844146   -52319.137737887   -52319.137737887
 
0.96  0.39     -52312.4042844385  -52319.1214389312  -52319.1214389312
 
0.96  0.42     -52312.4042845157  -52319.0997395341  -52319.0997395341
 
0.96  0.45     -52312.4042844035   -52319.077029095   -52319.077029095
 
0.96  0.48     -52312.4042845236  -52319.0579053813  -52319.0579053813
 
0.96  0.51     -52312.4042845386    -52319.04699217    -52319.04699217
 
0.96  0.54     -52312.4042846059  -52319.0482733283  -52319.0482733283
 
0.96  0.57     -52312.4042845215  -52319.0636213147  -52319.0636213147
 
0.96  0.6     -52312.4042845879  -52319.0904180327  -52319.0904180327
 
0.96  0.63     -52312.4042845855  -52319.1198160702  -52319.1198160702
 
0.96  0.66      -52312.404284502  -52319.1387550506  -52319.1387550506
 
0.96  0.69     -52312.4042844555  -52319.1353861711   -52319.135386171
 
0.96  0.72     -52312.4042845348  -52319.1029407662  -52319.1029407662
 
0.96  0.75     -52312.4042844077  -52319.0399437787  -52319.0399437788
 
0.96  0.78     -52312.4042845383  -52318.9486300844  -52318.9486300843
 
0.96  0.81     -52312.4042844213  -52318.8327611904  -52318.8327611904
 
0.96  0.84     -52312.4042844471  -52318.6958121953  -52318.6958121953
 
0.96  0.87      -52312.404284534  -52318.5404848005  -52318.5404848005
 
0.96  0.9     -52312.4042842539  -52318.3697268104  -52318.3697268104
 
0.96  0.93     -52312.4042844545  -52318.1889050137  -52318.1889050137
 
0.96  0.96     -52312.4042844822  -52318.0096745091  -52318.0096745091
 
0.96  0.99     -52312.4042844658  -52317.8628910037  -52317.8628910037
 
0.96  1.00     -52312.4042844995  -52317.8294296743  -52317.8294296743
 
1.00  0.00     -52312.4042844068  -52317.6276969176  -52317.6276969176
 
1.00  0.03     -52312.4042844674  -52317.9004931479  -52317.9004931479
 
1.00  0.06     -52312.4042844848  -52318.1317647874  -52318.1317647874
 
1.00  0.09     -52312.4042844496  -52318.3535657808  -52318.3535657808
 
1.00  0.12     -52312.4042844906  -52318.5542759033  -52318.5542759033
 
1.00  0.15     -52312.4042845737  -52318.7271859744  -52318.7271859744
 
1.00  0.18      -52312.404284478   -52318.868963916   -52318.868963916
 
1.00  0.21      -52312.404284388  -52318.9789524709  -52318.9789524709
 
1.00  0.24     -52312.4042845274  -52319.0585543933  -52319.0585543933
 
1.00  0.27     -52312.4042844626  -52319.1106674973  -52319.1106674973
 
1.00  0.3      -52312.404284385  -52319.1391649056  -52319.1391649055
 
1.00  0.33     -52312.4042846366  -52319.1484088839  -52319.1484088839
 
1.00  0.36     -52312.4042844175  -52319.1428649885  -52319.1428649885
 
1.00  0.39     -52312.4042845068  -52319.1269234383  -52319.1269234382
 
1.00  0.42     -52312.4042845154  -52319.1050690864  -52319.1050690864
 
1.00  0.45     -52312.4042844665  -52319.0820117135  -52319.0820117135
 
1.00  0.48     -52312.4042844901  -52319.0626327055  -52319.0626327055
 
1.00  0.51     -52312.4042846319  -52319.0517788842  -52319.0517788843
 
1.00  0.54     -52312.4042846435  -52319.0536594728  -52319.0536594728
 
1.00  0.57     -52312.4042845466  -52319.0702728099  -52319.0702728099
 
1.00  0.6     -52312.4042844861  -52319.0986261828  -52319.0986261828
 
1.00  0.63     -52312.4042845242  -52319.1289172709  -52319.1289172709
 
1.00  0.66      -52312.404284402  -52319.1472436875  -52319.1472436875
 
1.00  0.69      -52312.404284507   -52319.141375577   -52319.141375577
 
1.00  0.72      -52312.404284422  -52319.1044411835  -52319.1044411835
 
1.00  0.75     -52312.4042844185  -52319.0352710933  -52319.0352710933
 
1.00  0.78     -52312.4042845417  -52318.9367392025  -52318.9367392025
 
1.00  0.81     -52312.4042844286  -52318.8131937008  -52318.8131937008
 
1.00  0.84     -52312.4042845344  -52318.6683413035  -52318.6683413035
 
1.00  0.87     -52312.4042845707   -52318.504642424   -52318.504642424
 
1.00  0.9     -52312.4042843619  -52318.3240227818  -52318.3240227818
 
1.00  0.93     -52312.4042845095  -52318.1291761852  -52318.1291761852
 
1.00  0.96     -52312.4042844863   -52317.925361052  -52317.9253610521
 
1.00  0.99     -52312.4042844765  -52317.7252843423  -52317.7252843423
 
1.00  1.00     -52312.4042844068  -52317.6276969176  -52317.6276969176
