0.00  0.00     -61013.1013535846  -61022.3394380677  -61022.3394380677
 
0.00  0.03     -61013.1013534671  -61023.2924913647  -61023.2924913647
 
0.00  0.06     -61013.1013536859  -61023.6642859442  -61023.6642859443
 
0.00  0.09     -61013.1013536391  -61024.0129012721  -61024.0129012721
 
0.00  0.12     -61013.1013535915  -61024.3349389579  -61024.3349389579
 
0.00  0.15     -61013.1013535382  -61024.6293777767  -61024.6293777767
 
0.00  0.18     -61013.1013536584  -61024.8958950839  -61024.8958950839
 
0.00  0.21     -61013.1013536257   -61025.132675156  -61025.1326751559
 
0.00  0.24     -61013.1013536468  -61025.3337091173  -61025.3337091173
 
0.00  0.27     -61013.1013535137  -61025.4887449216  -61025.4887449217
 
0.00  0.3     -61013.1013532859  -61025.5877039215  -61025.5877039214
 
0.00  0.33     -61013.1013533461  -61025.6253731097  -61025.6253731097
 
0.00  0.36     -61013.1013534378  -61025.6039830859  -61025.6039830859
 
0.00  0.39     -61013.1013533984    -61025.53493394  -61025.5349339401
 
0.00  0.42     -61013.1013532376  -61025.4413470245  -61025.4413470244
 
0.00  0.45     -61013.1013533681  -61025.3607794057  -61025.3607794057
 
0.00  0.48     -61013.1013536483  -61025.3352405421  -61025.3352405421
 
0.00  0.51     -61013.1013533747  -61025.3667944225  -61025.3667944226
 
0.00  0.54      -61013.101353497  -61025.4271811509   -61025.427181151
 
0.00  0.57     -61013.1013536181  -61025.4947776801  -61025.4947776801
 
0.00  0.6     -61013.1013533134  -61025.5565242411  -61025.5565242411
 
0.00  0.63     -61013.1013531952  -61025.6027495332  -61025.6027495332
 
0.00  0.66     -61013.1013536422  -61025.6249172983  -61025.6249172982
 
0.00  0.69     -61013.1013534815  -61025.6155571081  -61025.6155571081
 
0.00  0.72     -61013.1013534252  -61025.5682311633  -61025.5682311633
 
0.00  0.75     -61013.1013534488  -61025.4775075089  -61025.4775075089
 
0.00  0.78     -61013.1013535025   -61025.339040924   -61025.339040924
 
0.00  0.81     -61013.1013531431  -61025.1497818161  -61025.1497818161
 
0.00  0.84     -61013.1013531178  -61024.9083471002  -61024.9083471002
 
0.00  0.87     -61013.1013535153  -61024.6155140625  -61024.6155140624
 
0.00  0.9     -61013.1013532622  -61024.2747860207  -61024.2747860207
 
0.00  0.93     -61013.1013534296  -61023.8928816799  -61023.8928816799
 
0.00  0.96     -61013.1013535486  -61023.4806773074  -61023.4806773074
 
0.00  0.99     -61013.1013533472  -61023.0565490822  -61023.0565490822
 
0.00  1.00     -61013.1013535846  -61022.3394380677  -61022.3394380677
 
0.04  0.00     -61013.1013532664  -61023.2188314872  -61023.2188314872
 
0.04  0.03     -61013.1013534943  -61023.4707246164  -61023.4707246164
 
0.04  0.06     -61013.1013535306  -61023.7927919833  -61023.7927919832
 
0.04  0.09     -61013.1013533769  -61024.1056337052  -61024.1056337052
 
0.04  0.12     -61013.1013535523  -61024.3993390795  -61024.3993390795
 
0.04  0.15     -61013.1013536184  -61024.6708174868  -61024.6708174868
 
0.04  0.18     -61013.1013533796  -61024.9188591619  -61024.9188591618
 
0.04  0.21     -61013.1013535462  -61025.1414025224  -61025.1414025224
 
0.04  0.24     -61013.1013532499  -61025.3323756279  -61025.3323756279
 
0.04  0.27     -61013.1013532928  -61025.4808321643  -61025.4808321643
 
0.04  0.3     -61013.1013533446  -61025.5756394858  -61025.5756394858
 
0.04  0.33     -61013.1013534003  -61025.6108206688  -61025.6108206688
 
0.04  0.36     -61013.1013532242  -61025.5881286059   -61025.588128606
 
0.04  0.39     -61013.1013531923  -61025.5189231525  -61025.5189231524
 
0.04  0.42     -61013.1013532479  -61025.4271424838  -61025.4271424838
 
0.04  0.45     -61013.1013533804  -61025.3506348351  -61025.3506348351
 
0.04  0.48     -61013.1013531977  -61025.3275098403  -61025.3275098403
 
0.04  0.51     -61013.1013533189  -61025.3584043396  -61025.3584043396
 
0.04  0.54     -61013.1013533961  -61025.4176167733  -61025.4176167732
 
0.04  0.57     -61013.1013532295  -61025.4841887887  -61025.4841887887
 
0.04  0.6     -61013.1013534187   -61025.544961618   -61025.544961618
 
0.04  0.63     -61013.1013536165  -61025.5905956393  -61025.5905956392
 
0.04  0.66     -61013.1013531903  -61025.6132867147  -61025.6132867147
 
0.04  0.69       -61013.10135322  -61025.6060215081  -61025.6060215082
 
0.04  0.72     -61013.1013533734  -61025.5624095727  -61025.5624095726
 
0.04  0.75       -61013.10135328  -61025.4768822374  -61025.4768822373
 
0.04  0.78     -61013.1013532134  -61025.3450018048  -61025.3450018048
 
0.04  0.81     -61013.1013533416  -61025.1637592827  -61025.1637592826
 
0.04  0.84     -61013.1013534136  -61024.9319696287  -61024.9319696287
 
0.04  0.87      -61013.101353076   -61024.650777995  -61024.6507779951
 
0.04  0.9     -61013.1013532462  -61024.3243317458  -61024.3243317458
 
0.04  0.93     -61013.1013533819  -61023.9609454041  -61023.9609454041
 
0.04  0.96     -61013.1013532927  -61023.5764228666  -61023.5764228666
 
0.04  0.99     -61013.1013535711  -61023.2673548934  -61023.2673548934
 
0.04  1.00     -61013.1013532664  -61023.2188314872  -61023.2188314872
 
0.08  0.00      -61013.101353538  -61023.5253203059  -61023.5253203058
 
0.08  0.03      -61013.101353501  -61023.7136839481  -61023.7136839481
 
0.08  0.06      -61013.101353533  -61023.9951571679  -61023.9951571679
 
0.08  0.09     -61013.1013537065  -61024.2696744929  -61024.2696744929
 
0.08  0.12     -61013.1013536347   -61024.525168874   -61024.525168874
 
0.08  0.15     -61013.1013534568    -61024.75883974    -61024.75883974
 
0.08  0.18      -61013.101353555  -61024.9707826834  -61024.9707826834
 
0.08  0.21      -61013.101353471  -61025.1607459566  -61025.1607459566
 
0.08  0.24     -61013.1013535271  -61025.3251355177  -61025.3251355177
 
0.08  0.27     -61013.1013535095  -61025.4544078264  -61025.4544078264
 
0.08  0.3     -61013.1013534665  -61025.5363585921  -61025.5363585922
 
0.08  0.33     -61013.1013533397  -61025.5632141535  -61025.5632141535
 
0.08  0.36     -61013.1013532902  -61025.5353917193  -61025.5353917193
 
0.08  0.39     -61013.1013533931  -61025.4638998854  -61025.4638998853
 
0.08  0.42     -61013.1013534975   -61025.373666051   -61025.373666051
 
0.08  0.45     -61013.1013532262   -61025.302177096   -61025.302177096
 
0.08  0.48     -61013.1013533829   -61025.282770651   -61025.282770651
 
0.08  0.51     -61013.1013535909  -61025.3150249868  -61025.3150249868
 
0.08  0.54     -61013.1013532492  -61025.3754152887  -61025.3754152887
 
0.08  0.57     -61013.1013533801  -61025.4435935662  -61025.4435935662
 
0.08  0.6     -61013.1013536547  -61025.5063976141  -61025.5063976141
 
0.08  0.63       -61013.10135327  -61025.5548261019  -61025.5548261019
 
0.08  0.66     -61013.1013536334  -61025.5816752349   -61025.581675235
 
0.08  0.69     -61013.1013535382  -61025.5802304325  -61025.5802304325
 
0.08  0.72     -61013.1013532388  -61025.5440176702  -61025.5440176702
 
0.08  0.75     -61013.1013532408  -61025.4673213974  -61025.4673213974
 
0.08  0.78     -61013.1013532505  -61025.3456947851  -61025.3456947851
 
0.08  0.81     -61013.1013533557  -61025.1763394964  -61025.1763394965
 
0.08  0.84     -61013.1013531219  -61024.9585075535  -61024.9585075535
 
0.08  0.87     -61013.1013533204  -61024.6941084588  -61024.6941084588
 
0.08  0.9     -61013.1013533685  -61024.3886706645  -61024.3886706645
 
0.08  0.93     -61013.1013532748  -61024.0625602541  -61024.0625602541
 
0.08  0.96      -61013.101353323  -61023.7140746022  -61023.7140746022
 
0.08  0.99     -61013.1013535598  -61023.5562025646  -61023.5562025646
 
0.08  1.00      -61013.101353538  -61023.5253203059  -61023.5253203058
 
0.12  0.00     -61013.1013533792  -61023.8177058073  -61023.8177058073
 
0.12  0.03     -61013.1013534048  -61023.9659317405  -61023.9659317405
 
0.12  0.06     -61013.1013534794  -61024.2102104267  -61024.2102104267
 
0.12  0.09      -61013.101353539   -61024.450739383   -61024.450739383
 
0.12  0.12     -61013.1013533851  -61024.6713663401  -61024.6713663401
 
0.12  0.15     -61013.1013534651  -61024.8679449613  -61024.8679449613
 
0.12  0.18     -61013.1013534458  -61025.0406220249  -61025.0406220249
 
0.12  0.21     -61013.1013534931   -61025.190376016   -61025.190376016
 
0.12  0.24     -61013.1013534289  -61025.3167621897  -61025.3167621897
 
0.12  0.27     -61013.1013534242  -61025.4149766948  -61025.4149766949
 
0.12  0.3     -61013.1013532434  -61025.4747978199  -61025.4747978199
 
0.12  0.33     -61013.1013533483  -61025.4869252849  -61025.4869252849
 
0.12  0.36     -61013.1013533599  -61025.4496478272  -61025.4496478272
 
0.12  0.39     -61013.1013533738  -61025.3728893055  -61025.3728893055
 
0.12  0.42     -61013.1013532877  -61025.2827658561  -61025.2827658561
 
0.12  0.45     -61013.1013534334  -61025.2163390048  -61025.2163390048
 
0.12  0.48     -61013.1013534737  -61025.2016151507  -61025.2016151507
 
0.12  0.51     -61013.1013532145  -61025.2370579877  -61025.2370579877
 
0.12  0.54     -61013.1013536181  -61025.3007467031  -61025.3007467031
 
0.12  0.57     -61013.1013536462  -61025.3728862506  -61025.3728862507
 
0.12  0.6     -61013.1013531938  -61025.4405393754  -61025.4405393754
 
0.12  0.63      -61013.101353438  -61025.4951644806  -61025.4951644806
 
0.12  0.66      -61013.101353307  -61025.5300128692  -61025.5300128691
 
0.12  0.69     -61013.1013531903  -61025.5383504464  -61025.5383504464
 
0.12  0.72     -61013.1013534738  -61025.5133654117  -61025.5133654117
 
0.12  0.75      -61013.101353426  -61025.4491612226  -61025.4491612225
 
0.12  0.78     -61013.1013533667  -61025.3414371602  -61025.3414371602
 
0.12  0.81     -61013.1013532511  -61025.1878150969   -61025.187815097
 
0.12  0.84     -61013.1013533389  -61024.9882746733  -61024.9882746732
 
0.12  0.87     -61013.1013532811  -61024.7458499823  -61024.7458499824
 
0.12  0.9     -61013.1013531479   -61024.478713267   -61024.478713267
 
0.12  0.93     -61013.1013534857  -61024.1777424374  -61024.1777424374
 
0.12  0.96     -61013.1013534648  -61023.9222797752  -61023.9222797753
 
0.12  0.99     -61013.1013533181   -61023.835064282   -61023.835064282
 
0.12  1.00     -61013.1013533792  -61023.8177058073  -61023.8177058073
 
0.16  0.00     -61013.1013534043  -61024.0921357354  -61024.0921357353
 
0.16  0.03     -61013.1013535785  -61024.2162536659  -61024.2162536659
 
0.16  0.06     -61013.1013534307   -61024.424307615   -61024.424307615
 
0.16  0.09     -61013.1013533898  -61024.6340580074  -61024.6340580074
 
0.16  0.12     -61013.1013535876  -61024.8239591063  -61024.8239591063
 
0.16  0.15     -61013.1013535194  -61024.9875633491  -61024.9875633492
 
0.16  0.18     -61013.1013533831   -61025.123625574   -61025.123625574
 
0.16  0.21     -61013.1013533894  -61025.2325801099    -61025.23258011
 
0.16  0.24      -61013.101353388  -61025.3151903125  -61025.3151903125
 
0.16  0.27     -61013.1013533419  -61025.3720043283  -61025.3720043283
 
0.16  0.3     -61013.1013534424   -61025.399531335   -61025.399531335
 
0.16  0.33     -61013.1013534506  -61025.3895624817  -61025.3895624817
 
0.16  0.36     -61013.1013533385  -61025.3378144583  -61025.3378144582
 
0.16  0.39     -61013.1013531988   -61025.251709013   -61025.251709013
 
0.16  0.42     -61013.1013534054  -61025.1579451834  -61025.1579451833
 
0.16  0.45       -61013.10135341  -61025.0950125408  -61025.0950125409
 
0.16  0.48     -61013.1013531746  -61025.0851760315  -61025.0851760316
 
0.16  0.51     -61013.1013534876  -61025.1251483488  -61025.1251483488
 
0.16  0.54     -61013.1013534904  -61025.1938523941  -61025.1938523941
 
0.16  0.57     -61013.1013531869  -61025.2720289187  -61025.2720289187
 
0.16  0.6     -61013.1013536409  -61025.3472634943  -61025.3472634944
 
0.16  0.63     -61013.1013535654  -61025.4116674886  -61025.4116674887
 
0.16  0.66     -61013.1013533353  -61025.4587176698  -61025.4587176698
 
0.16  0.69     -61013.1013534177  -61025.4810913061  -61025.4810913061
 
0.16  0.72     -61013.1013535358  -61025.4714141751  -61025.4714141751
 
0.16  0.75     -61013.1013531967  -61025.4237239145  -61025.4237239145
 
0.16  0.78     -61013.1013531174  -61025.3340059006  -61025.3340059006
 
0.16  0.81     -61013.1013532681  -61025.2004917785  -61025.2004917785
 
0.16  0.84     -61013.1013532606  -61025.0240835764  -61025.0240835764
 
0.16  0.87     -61013.1013532441  -61024.8188248811  -61024.8188248812
 
0.16  0.9     -61013.1013532309  -61024.5751651395  -61024.5751651395
 
0.16  0.93     -61013.1013532203   -61024.320765095   -61024.320765095
 
0.16  0.96     -61013.1013531859  -61024.1556209357  -61024.1556209357
 
0.16  0.99     -61013.1013534504  -61024.0986385135  -61024.0986385135
 
0.16  1.00     -61013.1013534043  -61024.0921357354  -61024.0921357353
 
0.20  0.00     -61013.1013533432  -61024.3457875017  -61024.3457875017
 
0.20  0.03     -61013.1013534322  -61024.4561581805  -61024.4561581805
 
0.20  0.06     -61013.1013534784  -61024.6296576073  -61024.6296576073
 
0.20  0.09     -61013.1013534656  -61024.8108770761   -61024.810877076
 
0.20  0.12      -61013.101353471  -61024.9735700741  -61024.9735700741
 
0.20  0.15     -61013.1013534088  -61025.1087921193  -61025.1087921193
 
0.20  0.18     -61013.1013534892  -61025.2134624248  -61025.2134624248
 
0.20  0.21     -61013.1013534165  -61025.2864865528  -61025.2864865527
 
0.20  0.24     -61013.1013534574  -61025.3274831972  -61025.3274831972
 
0.20  0.27     -61013.1013533435   -61025.338266967   -61025.338266967
 
0.20  0.3     -61013.1013535671  -61025.3230990194  -61025.3230990194
 
0.20  0.33     -61013.1013532739  -61025.2817201474  -61025.2817201474
 
0.20  0.36     -61013.1013532477  -61025.2092233197  -61025.2092233197
 
0.20  0.39     -61013.1013534041  -61025.1087961208  -61025.1087961209
 
0.20  0.42     -61013.1013535642   -61025.004338652   -61025.004338652
 
0.20  0.45     -61013.1013533995  -61024.9406079933  -61024.9406079933
 
0.20  0.48     -61013.1013535849  -61024.9347601748  -61024.9347601747
 
0.20  0.51     -61013.1013536335  -61024.9799222765  -61024.9799222765
 
0.20  0.54     -61013.1013533534  -61025.0549406869  -61025.0549406869
 
0.20  0.57     -61013.1013535142  -61025.1410809272  -61025.1410809272
 
0.20  0.6     -61013.1013535257  -61025.2267894093  -61025.2267894092
 
0.20  0.63     -61013.1013534133  -61025.3050769808  -61025.3050769808
 
0.20  0.66     -61013.1013536117  -61025.3690251381  -61025.3690251382
 
0.20  0.69     -61013.1013536078  -61025.4099042605  -61025.4099042605
 
0.20  0.72     -61013.1013531881  -61025.4198856266  -61025.4198856266
 
0.20  0.75     -61013.1013533314  -61025.3932711742  -61025.3932711742
 
0.20  0.78     -61013.1013533536  -61025.3265025116  -61025.3265025116
 
0.20  0.81     -61013.1013533162  -61025.2225901576  -61025.2225901576
 
0.20  0.84     -61013.1013531029  -61025.0779012146  -61025.0779012146
 
0.20  0.87     -61013.1013533659  -61024.8979179604  -61024.8979179604
 
0.20  0.9      -61013.101353353  -61024.6922386976  -61024.6922386975
 
0.20  0.93     -61013.1013532598  -61024.4980572505  -61024.4980572505
 
0.20  0.96     -61013.1013532705  -61024.3795791822  -61024.3795791822
 
0.20  0.99     -61013.1013534174  -61024.3438256838  -61024.3438256839
 
0.20  1.00     -61013.1013533432  -61024.3457875017  -61024.3457875017
 
0.24  0.00     -61013.1013532568  -61024.5761213514  -61024.5761213514
 
0.24  0.03     -61013.1013534034  -61024.6763761453  -61024.6763761453
 
0.24  0.06     -61013.1013534807  -61024.8209250374  -61024.8209250374
 
0.24  0.09     -61013.1013534716  -61024.9754937699  -61024.9754937699
 
0.24  0.12       -61013.10135347  -61025.1138542452  -61025.1138542452
 
0.24  0.15     -61013.1013535457  -61025.2246753068  -61025.2246753068
 
0.24  0.18       -61013.10135344  -61025.3031380889  -61025.3031380889
 
0.24  0.21     -61013.1013535026  -61025.3466367615  -61025.3466367615
 
0.24  0.24     -61013.1013533018  -61025.3532193263  -61025.3532193263
 
0.24  0.27     -61013.1013534138  -61025.3228962462  -61025.3228962462
 
0.24  0.3     -61013.1013532447   -61025.260857093   -61025.260857093
 
0.24  0.33     -61013.1013534706   -61025.176994936   -61025.176994936
 
0.24  0.36     -61013.1013534263   -61025.074736271   -61025.074736271
 
0.24  0.39      -61013.101353232  -61024.9538364723  -61024.9538364723
 
0.24  0.42     -61013.1013531842  -61024.8298150953  -61024.8298150953
 
0.24  0.45     -61013.1013534238  -61024.7557889788  -61024.7557889788
 
0.24  0.48     -61013.1013533397  -61024.7515932371  -61024.7515932372
 
0.24  0.51     -61013.1013533301  -61024.8018806847  -61024.8018806847
 
0.24  0.54      -61013.101353608  -61024.8842443148  -61024.8842443147
 
0.24  0.57      -61013.101353502  -61024.9803892396  -61024.9803892396
 
0.24  0.6      -61013.101353595  -61025.0800759729  -61025.0800759729
 
0.24  0.63      -61013.101353566  -61025.1773372034  -61025.1773372034
 
0.24  0.66     -61013.1013534483  -61025.2632572906  -61025.2632572906
 
0.24  0.69     -61013.1013531798  -61025.3271604943  -61025.3271604943
 
0.24  0.72     -61013.1013534896  -61025.3615013759   -61025.361501376
 
0.24  0.75     -61013.1013533909  -61025.3613023378  -61025.3613023377
 
0.24  0.78     -61013.1013531993  -61025.3245834556  -61025.3245834556
 
0.24  0.81     -61013.1013532641  -61025.2512810469  -61025.2512810469
 
0.24  0.84     -61013.1013533145  -61025.1406840157  -61025.1406840157
 
0.24  0.87     -61013.1013530182  -61024.9959414859  -61024.9959414859
 
0.24  0.9     -61013.1013532391  -61024.8295702607  -61024.8295702608
 
0.24  0.93     -61013.1013533086  -61024.6850722333  -61024.6850722332
 
0.24  0.96     -61013.1013533575  -61024.5886881098  -61024.5886881097
 
0.24  0.99     -61013.1013532992  -61024.5680172681  -61024.5680172681
 
0.24  1.00     -61013.1013532568  -61024.5761213514  -61024.5761213514
 
0.28  0.00     -61013.1013534011  -61024.7807536727  -61024.7807536727
 
0.28  0.03     -61013.1013534565    -61024.87150494    -61024.87150494
 
0.28  0.06     -61013.1013533293  -61024.9935642057  -61024.9935642057
 
0.28  0.09     -61013.1013534172  -61025.1239133899  -61025.1239133898
 
0.28  0.12     -61013.1013535599  -61025.2404861161  -61025.2404861162
 
0.28  0.15     -61013.1013534157  -61025.3302976841  -61025.3302976841
 
0.28  0.18     -61013.1013533265   -61025.386983487   -61025.386983487
 
0.28  0.21     -61013.1013535016  -61025.4067139632  -61025.4067139632
 
0.28  0.24     -61013.1013532772  -61025.3863927869  -61025.3863927868
 
0.28  0.27     -61013.1013532553  -61025.3242518294  -61025.3242518294
 
0.28  0.3     -61013.1013534179  -61025.2224681319  -61025.2224681319
 
0.28  0.33     -61013.1013534761  -61025.0912479675  -61025.0912479674
 
0.28  0.36     -61013.1013533066  -61024.9469713207  -61024.9469713207
 
0.28  0.39     -61013.1013532571  -61024.7964109176  -61024.7964109176
 
0.28  0.42     -61013.1013535367  -61024.6460449137  -61024.6460449137
 
0.28  0.45     -61013.1013534293  -61024.5438612816  -61024.5438612816
 
0.28  0.48     -61013.1013534254  -61024.5368155978  -61024.5368155977
 
0.28  0.51      -61013.101353679  -61024.5915340372  -61024.5915340373
 
0.28  0.54      -61013.101353522  -61024.6822470323  -61024.6822470323
 
0.28  0.57     -61013.1013534554  -61024.7909543411  -61024.7909543411
 
0.28  0.6     -61013.1013537621   -61024.909502376   -61024.909502376
 
0.28  0.63     -61013.1013536998  -61025.0321408563  -61025.0321408563
 
0.28  0.66     -61013.1013533795  -61025.1449880635  -61025.1449880635
 
0.28  0.69     -61013.1013535467  -61025.2365583889  -61025.2365583888
 
0.28  0.72     -61013.1013535123  -61025.2983751225  -61025.2983751225
 
0.28  0.75      -61013.101353349  -61025.3318226101  -61025.3318226101
 
0.28  0.78     -61013.1013531782  -61025.3324811437  -61025.3324811437
 
0.28  0.81     -61013.1013534843  -61025.2969146108  -61025.2969146108
 
0.28  0.84     -61013.1013533469  -61025.2223856597  -61025.2223856596
 
0.28  0.87     -61013.1013532935    -61025.11123168  -61025.1112316799
 
0.28  0.9     -61013.1013531468  -61024.9806924791  -61024.9806924791
 
0.28  0.93     -61013.1013532537   -61024.863035474   -61024.863035474
 
0.28  0.96     -61013.1013532042  -61024.7793126635  -61024.7793126634
 
0.28  0.99     -61013.1013534507  -61024.7686282942  -61024.7686282942
 
0.28  1.00     -61013.1013534011  -61024.7807536727  -61024.7807536727
 
0.32  0.00     -61013.1013533122  -61024.9573803953  -61024.9573803953
 
0.32  0.03      -61013.101353313  -61025.0387612563  -61025.0387612563
 
0.32  0.06     -61013.1013534308  -61025.1433946718  -61025.1433946718
 
0.32  0.09     -61013.1013534459  -61025.2530505239  -61025.2530505239
 
0.32  0.12     -61013.1013533766  -61025.3504570202  -61025.3504570202
 
0.32  0.15     -61013.1013533355   -61025.422339139   -61025.422339139
 
0.32  0.18       -61013.10135352   -61025.461094201   -61025.461094201
 
0.32  0.21     -61013.1013534405  -61025.4618881015  -61025.4618881015
 
0.32  0.24     -61013.1013534713  -61025.4208579882  -61025.4208579882
 
0.32  0.27     -61013.1013534646  -61025.3351542458  -61025.3351542458
 
0.32  0.3     -61013.1013533028  -61025.2044721694  -61025.2044721694
 
0.32  0.33     -61013.1013532103  -61025.0342546204  -61025.0342546204
 
0.32  0.36     -61013.1013534691   -61024.841022853  -61024.8410228531
 
0.32  0.39     -61013.1013533544  -61024.6473558552  -61024.6473558551
 
0.32  0.42     -61013.1013531868  -61024.4629225376  -61024.4629225376
 
0.32  0.45     -61013.1013534267  -61024.3119050556  -61024.3119050557
 
0.32  0.48     -61013.1013535199   -61024.291783952   -61024.291783952
 
0.32  0.51     -61013.1013533571  -61024.3496969819  -61024.3496969819
 
0.32  0.54     -61013.1013537101   -61024.450063097   -61024.450063097
 
0.32  0.57     -61013.1013535821  -61024.5751211527  -61024.5751211527
 
0.32  0.6     -61013.1013534047  -61024.7203446857  -61024.7203446858
 
0.32  0.63      -61013.101353437  -61024.8754042117  -61024.8754042117
 
0.32  0.66      -61013.101353569  -61025.0198422711  -61025.0198422711
 
0.32  0.69     -61013.1013534505  -61025.1424040729  -61025.1424040729
 
0.32  0.72     -61013.1013534558  -61025.2425387324  -61025.2425387324
 
0.32  0.75     -61013.1013533493  -61025.3166143519  -61025.3166143519
 
0.32  0.78     -61013.1013535447  -61025.3588969523  -61025.3588969522
 
0.32  0.81     -61013.1013530927  -61025.3615984522  -61025.3615984522
 
0.32  0.84     -61013.1013532692  -61025.3195632054  -61025.3195632054
 
0.32  0.87     -61013.1013531996  -61025.2364127512  -61025.2364127512
 
0.32  0.9     -61013.1013531562  -61025.1301685226  -61025.1301685226
 
0.32  0.93     -61013.1013532033  -61025.0247861046  -61025.0247861046
 
0.32  0.96     -61013.1013534703  -61024.9480690596  -61024.9480690596
 
0.32  0.99     -61013.1013532057  -61024.9430711265  -61024.9430711264
 
0.32  1.00     -61013.1013533122  -61024.9573803953  -61024.9573803953
 
0.36  0.00     -61013.1013534698   -61025.103804192   -61025.103804192
 
0.36  0.03     -61013.1013533558   -61025.176291341   -61025.176291341
 
0.36  0.06     -61013.1013534625  -61025.2672237872  -61025.2672237872
 
0.36  0.09     -61013.1013535981  -61025.3602973782  -61025.3602973782
 
0.36  0.12     -61013.1013534458  -61025.4415464737  -61025.4415464737
 
0.36  0.15     -61013.1013533636  -61025.4985570705  -61025.4985570705
 
0.36  0.18     -61013.1013536752  -61025.5229633669  -61025.5229633669
 
0.36  0.21     -61013.1013533281  -61025.5091029457  -61025.5091029457
 
0.36  0.24     -61013.1013535747  -61025.4525017537  -61025.4525017537
 
0.36  0.27     -61013.1013535765  -61025.3496476366  -61025.3496476366
 
0.36  0.3     -61013.1013533105  -61025.1987513791  -61025.1987513791
 
0.36  0.33     -61013.1013531667  -61025.0016303239  -61025.0016303239
 
0.36  0.36      -61013.101353491  -61024.7679151699  -61024.7679151699
 
0.36  0.39     -61013.1013534018  -61024.5213365186  -61024.5213365187
 
0.36  0.42     -61013.1013534033  -61024.2895683787  -61024.2895683788
 
0.36  0.45     -61013.1013533428  -61024.0872400954  -61024.0872400954
 
0.36  0.48     -61013.1013535771  -61024.0185429605  -61024.0185429605
 
0.36  0.51     -61013.1013535492  -61024.0778338378  -61024.0778338377
 
0.36  0.54     -61013.1013536123  -61024.1900173267  -61024.1900173268
 
0.36  0.57     -61013.1013536033  -61024.3382793961  -61024.3382793961
 
0.36  0.6     -61013.1013535433  -61024.5234830338  -61024.5234830338
 
0.36  0.63      -61013.101353481  -61024.7167199018  -61024.7167199019
 
0.36  0.66     -61013.1013536991  -61024.8988817511  -61024.8988817511
 
0.36  0.69     -61013.1013535504  -61025.0620930726  -61025.0620930727
 
0.36  0.72     -61013.1013535208  -61025.2057476165  -61025.2057476164
 
0.36  0.75     -61013.1013534173  -61025.3231499466  -61025.3231499466
 
0.36  0.78     -61013.1013534309  -61025.4039626496  -61025.4039626496
 
0.36  0.81     -61013.1013532396   -61025.438200256   -61025.438200256
 
0.36  0.84      -61013.101353269  -61025.4212600491  -61025.4212600491
 
0.36  0.87     -61013.1013532818   -61025.358083542  -61025.3580835419
 
0.36  0.9     -61013.1013532351  -61025.2648245066  -61025.2648245066
 
0.36  0.93     -61013.1013533199  -61025.1646450058  -61025.1646450059
 
0.36  0.96     -61013.1013534462  -61025.0914460458  -61025.0914460458
 
0.36  0.99     -61013.1013532409  -61025.0887636831  -61025.0887636831
 
0.36  1.00     -61013.1013534698   -61025.103804192   -61025.103804192
 
0.40  0.00     -61013.1013532094  -61025.2180344251  -61025.2180344251
 
0.40  0.03     -61013.1013534667  -61025.2826661773  -61025.2826661773
 
0.40  0.06     -61013.1013532893  -61025.3629793303  -61025.3629793303
 
0.40  0.09      -61013.101353316  -61025.4434739526  -61025.4434739526
 
0.40  0.12     -61013.1013534684  -61025.5119948872  -61025.5119948872
 
0.40  0.15     -61013.1013534058  -61025.5573545692  -61025.5573545692
 
0.40  0.18     -61013.1013531167  -61025.5709727247  -61025.5709727247
 
0.40  0.21     -61013.1013533578  -61025.5465606724  -61025.5465606724
 
0.40  0.24     -61013.1013532241  -61025.4790947261  -61025.4790947261
 
0.40  0.27     -61013.1013531215  -61025.3645305122  -61025.3645305121
 
0.40  0.3     -61013.1013532446  -61025.2001393041   -61025.200139304
 
0.40  0.33     -61013.1013534381  -61024.9855059984  -61024.9855059984
 
0.40  0.36     -61013.1013531057  -61024.7248695722  -61024.7248695722
 
0.40  0.39     -61013.1013532065   -61024.432686713  -61024.4326867131
 
0.40  0.42     -61013.1013534426  -61024.1407661276  -61024.1407661276
 
0.40  0.45      -61013.101353574   -61023.881714163   -61023.881714163
 
0.40  0.48     -61013.1013532846  -61023.7206962198  -61023.7206962198
 
0.40  0.51     -61013.1013535898  -61023.7785329537  -61023.7785329537
 
0.40  0.54     -61013.1013535272  -61023.9068303649  -61023.9068303649
 
0.40  0.57     -61013.1013535303  -61024.0979273941  -61024.0979273942
 
0.40  0.6     -61013.1013534752  -61024.3457864027  -61024.3457864027
 
0.40  0.63       -61013.10135376   -61024.581157052   -61024.581157052
 
0.40  0.66     -61013.1013533778  -61024.8040067848  -61024.8040067848
 
0.40  0.69     -61013.1013536369  -61025.0105232184  -61025.0105232184
 
0.40  0.72     -61013.1013533828  -61025.1945111425  -61025.1945111425
 
0.40  0.75     -61013.1013533817  -61025.3466013043  -61025.3466013042
 
0.40  0.78     -61013.1013532649  -61025.4556375989  -61025.4556375988
 
0.40  0.81     -61013.1013534401  -61025.5122156089  -61025.5122156089
 
0.40  0.84     -61013.1013532931  -61025.5126403294  -61025.5126403294
 
0.40  0.87      -61013.101353312  -61025.4619858692  -61025.4619858692
 
0.40  0.9     -61013.1013533153  -61025.3753399196  -61025.3753399196
 
0.40  0.93     -61013.1013532671   -61025.277248968   -61025.277248968
 
0.40  0.96     -61013.1013531827  -61025.2058923217  -61025.2058923217
 
0.40  0.99     -61013.1013534461  -61025.2032919674  -61025.2032919674
 
0.40  1.00     -61013.1013532094  -61025.2180344251  -61025.2180344251
 
0.44  0.00     -61013.1013534146  -61025.2983748466  -61025.2983748466
 
0.44  0.03     -61013.1013532385  -61025.3567620546  -61025.3567620546
 
0.44  0.06     -61013.1013535413  -61025.4293354749  -61025.4293354749
 
0.44  0.09      -61013.101353522  -61025.5009508085  -61025.5009508085
 
0.44  0.12     -61013.1013532537  -61025.5603620274  -61025.5603620274
 
0.44  0.15     -61013.1013534645  -61025.5974888115  -61025.5974888115
 
0.44  0.18     -61013.1013535852  -61025.6039526391  -61025.6039526391
 
0.44  0.21     -61013.1013534605  -61025.5730952764  -61025.5730952764
 
0.44  0.24     -61013.1013535352  -61025.4994392294  -61025.4994392293
 
0.44  0.27     -61013.1013535708  -61025.3785133323  -61025.3785133324
 
0.44  0.3     -61013.1013533242  -61025.2069654804  -61025.2069654804
 
0.44  0.33     -61013.1013532324      -61024.983042      -61024.983042
 
0.44  0.36     -61013.1013535693  -61024.7075226692  -61024.7075226692
 
0.44  0.39       -61013.10135352  -61024.3858988483  -61024.3858988483
 
0.44  0.42     -61013.1013532019  -61024.0369656414  -61024.0369656414
 
0.44  0.45     -61013.1013534151  -61023.7055357328  -61023.7055357328
 
0.44  0.48     -61013.1013536498  -61023.4337565499  -61023.4337565499
 
0.44  0.51     -61013.1013534737  -61023.4562404275  -61023.4562404275
 
0.44  0.54     -61013.1013536734  -61023.6130703975  -61023.6130703975
 
0.44  0.57     -61013.1013536664  -61023.9168192074  -61023.9168192074
 
0.44  0.6     -61013.1013534981  -61024.2090040627  -61024.2090040627
 
0.44  0.63     -61013.1013535906  -61024.4876863513  -61024.4876863514
 
0.44  0.66     -61013.1013536949  -61024.7481919775  -61024.7481919776
 
0.44  0.69     -61013.1013535445   -61024.986621309   -61024.986621309
 
0.44  0.72     -61013.1013536033  -61025.1974849058  -61025.1974849059
 
0.44  0.75     -61013.1013534666  -61025.3719513553  -61025.3719513553
 
0.44  0.78     -61013.1013534315   -61025.499083253   -61025.499083253
 
0.44  0.81     -61013.1013532665  -61025.5698772467  -61025.5698772467
 
0.44  0.84     -61013.1013532863  -61025.5810930402  -61025.5810930401
 
0.44  0.87     -61013.1013533779   -61025.537740929   -61025.537740929
 
0.44  0.9     -61013.1013531062  -61025.4546580938  -61025.4546580939
 
0.44  0.93     -61013.1013532804  -61025.3578185763  -61025.3578185762
 
0.44  0.96      -61013.101353442  -61025.2880508978  -61025.2880508978
 
0.44  0.99     -61013.1013533172  -61025.2845711547  -61025.2845711546
 
0.44  1.00     -61013.1013534146  -61025.2983748466  -61025.2983748466
 
0.48  0.00     -61013.1013533099  -61025.3435135598  -61025.3435135598
 
0.48  0.03     -61013.1013535483   -61025.397720518   -61025.397720518
 
0.48  0.06     -61013.1013532713  -61025.4654063928  -61025.4654063928
 
0.48  0.09     -61013.1013532799  -61025.5315898025  -61025.5315898026
 
0.48  0.12     -61013.1013535059  -61025.5854971208  -61025.5854971208
 
0.48  0.15     -61013.1013534157  -61025.6179103425  -61025.6179103425
 
0.48  0.18     -61013.1013531648  -61025.6208696577  -61025.6208696577
 
0.48  0.21     -61013.1013533142  -61025.5876114662  -61025.5876114661
 
0.48  0.24     -61013.1013530908  -61025.5123772492  -61025.5123772492
 
0.48  0.27     -61013.1013530603  -61025.3904439622  -61025.3904439622
 
0.48  0.3     -61013.1013534088  -61025.2182193405  -61025.2182193405
 
0.48  0.33     -61013.1013533858  -61024.9935214321   -61024.993521432
 
0.48  0.36     -61013.1013530864  -61024.7160592207  -61024.7160592207
 
0.48  0.39      -61013.101353159  -61024.3880589917  -61024.3880589917
 
0.48  0.42     -61013.1013535125  -61024.0148625127  -61024.0148625127
 
0.48  0.45     -61013.1013535104  -61023.6055072726  -61023.6055072726
 
0.48  0.48     -61013.1013532115  -61023.2220083814  -61023.2220083814
 
0.48  0.51       -61013.10135353  -61023.1191283115  -61023.1191283115
 
0.48  0.54     -61013.1013533994  -61023.4572901158  -61023.4572901158
 
0.48  0.57     -61013.1013534394  -61023.8059280108  -61023.8059280108
 
0.48  0.6      -61013.101353555  -61024.1354511921  -61024.1354511921
 
0.48  0.63     -61013.1013536184   -61024.441737681   -61024.441737681
 
0.48  0.66     -61013.1013534045  -61024.7230750056  -61024.7230750056
 
0.48  0.69     -61013.1013535635  -61024.9778950237  -61024.9778950237
 
0.48  0.72     -61013.1013532912   -61025.202281082   -61025.202281082
 
0.48  0.75     -61013.1013533292  -61025.3880288789   -61025.388028879
 
0.48  0.78     -61013.1013534419  -61025.5242528487  -61025.5242528487
 
0.48  0.81     -61013.1013534214  -61025.6021059817  -61025.6021059817
 
0.48  0.84     -61013.1013533519  -61025.6186313234  -61025.6186313234
 
0.48  0.87     -61013.1013531773  -61025.5789118448  -61025.5789118448
 
0.48  0.9      -61013.101353376  -61025.4978491511   -61025.497849151
 
0.48  0.93     -61013.1013532089  -61025.4026045343  -61025.4026045343
 
0.48  0.96     -61013.1013533523  -61025.3351117084  -61025.3351117084
 
0.48  0.99     -61013.1013534558  -61025.3309759796  -61025.3309759797
 
0.48  1.00     -61013.1013533099  -61025.3435135598  -61025.3435135598
 
0.5  0.00     -61013.1013533349  -61025.3525931644  -61025.3525931645
 
0.5  0.03     -61013.1013536018  -61025.4055831251  -61025.4055831252
 
0.5  0.06     -61013.1013532957  -61025.4718897177  -61025.4718897177
 
0.5  0.09     -61013.1013532531  -61025.5365880427  -61025.5365880426
 
0.5  0.12     -61013.1013535647  -61025.5890620671  -61025.5890620671
 
0.5  0.15     -61013.1013534777  -61025.6204430702  -61025.6204430702
 
0.5  0.18     -61013.1013532623  -61025.6230032789  -61025.6230032789
 
0.5  0.21     -61013.1013535385  -61025.5899981376  -61025.5899981376
 
0.5  0.24     -61013.1013532353  -61025.5155916662  -61025.5155916662
 
0.5  0.27     -61013.1013532682  -61025.3949887645  -61025.3949887646
 
0.5  0.3     -61013.1013533786  -61025.2245599218  -61025.2245599218
 
0.5  0.33     -61013.1013533458  -61025.0021068558  -61025.0021068558
 
0.5  0.36     -61013.1013532711  -61024.7273101431  -61024.7273101431
 
0.5  0.39     -61013.1013532484   -61024.402291233   -61024.402291233
 
0.5  0.42      -61013.101353527  -61024.0321800857  -61024.0321800857
 
0.5  0.45     -61013.1013535294  -61023.6258000303  -61023.6258000303
 
0.5  0.48      -61013.101353351  -61023.1975248547  -61023.1975248547
 
0.5  0.51     -61013.1013536647  -61023.0357258526  -61023.0357258527
 
0.5  0.54     -61013.1013535542  -61023.4186191398  -61023.4186191398
 
0.5  0.57     -61013.1013533921  -61023.7833049504  -61023.7833049505
 
0.5  0.6     -61013.1013537431  -61024.1232818136  -61024.1232818137
 
0.5  0.63     -61013.1013537157  -61024.4361648568  -61024.4361648568
 
0.5  0.66     -61013.1013536426   -61024.721351013   -61024.721351013
 
0.5  0.69     -61013.1013535963  -61024.9783149054  -61024.9783149054
 
0.5  0.72     -61013.1013535158  -61025.2041058913  -61025.2041058914
 
0.5  0.75     -61013.1013534192  -61025.3910542815  -61025.3910542815
 
0.5  0.78     -61013.1013533452  -61025.5283518508  -61025.5283518508
 
0.5  0.81     -61013.1013534432  -61025.6071299569  -61025.6071299568
 
0.5  0.84     -61013.1013533483  -61025.6244511465  -61025.6244511465
 
0.5  0.87     -61013.1013533068  -61025.5853883332  -61025.5853883332
 
0.5  0.9     -61013.1013532116  -61025.5049312665  -61025.5049312665
 
0.5  0.93     -61013.1013533197  -61025.4107559873  -61025.4107559873
 
0.5  0.96     -61013.1013532191  -61025.3448353338  -61025.3448353338
 
0.5  0.99     -61013.1013535438  -61025.3407373895  -61025.3407373895
 
0.5  1.00     -61013.1013533349  -61025.3525931644  -61025.3525931645
 
0.52  0.00     -61013.1013533072  -61025.3525969863  -61025.3525969863
 
0.52  0.03     -61013.1013533071   -61025.404976343  -61025.4049763429
 
0.52  0.06     -61013.1013535636  -61025.4706025928  -61025.4706025928
 
0.52  0.09     -61013.1013535236  -61025.5346025752  -61025.5346025752
 
0.52  0.12     -61013.1013532729  -61025.5864945259  -61025.5864945258
 
0.52  0.15     -61013.1013535233  -61025.6177197728  -61025.6177197727
 
0.52  0.18     -61013.1013535178  -61025.6207758984  -61025.6207758984
 
0.52  0.21     -61013.1013534409  -61025.5889570745  -61025.5889570746
 
0.52  0.24      -61013.101353492  -61025.5163749886  -61025.5163749887
 
0.52  0.27     -61013.1013535088  -61025.3981800613  -61025.3981800613
 
0.52  0.3     -61013.1013531558  -61025.2307269496  -61025.2307269497
 
0.52  0.33     -61013.1013532714  -61025.0118637449  -61025.0118637449
 
0.52  0.36     -61013.1013534942  -61024.7413549503  -61024.7413549503
 
0.52  0.39     -61013.1013535329  -61024.4214612495  -61024.4214612496
 
0.52  0.42     -61013.1013532893  -61024.0576098098  -61024.0576098099
 
0.52  0.45     -61013.1013534837  -61023.6596391782  -61023.6596391783
 
0.52  0.48     -61013.1013536017   -61023.246045429   -61023.246045429
 
0.52  0.51     -61013.1013534504  -61023.1365186279  -61023.1365186278
 
0.52  0.54     -61013.1013535486   -61023.474824464   -61023.474824464
 
0.52  0.57     -61013.1013537399  -61023.8180764316  -61023.8180764316
 
0.52  0.6     -61013.1013535463  -61024.1460725848  -61024.1460725849
 
0.52  0.63     -61013.1013536334  -61024.4516266699  -61024.4516266699
 
0.52  0.66     -61013.1013536985  -61024.7313998294  -61024.7313998295
 
0.52  0.69      -61013.101353433  -61024.9838372058  -61024.9838372058
 
0.52  0.72     -61013.1013535814  -61025.2061118378  -61025.2061118378
 
0.52  0.75     -61013.1013536481  -61025.3906813046  -61025.3906813047
 
0.52  0.78      -61013.101353389  -61025.5265108867  -61025.5265108867
 
0.52  0.81     -61013.1013533443  -61025.6044410022  -61025.6044410022
 
0.52  0.84     -61013.1013532623  -61025.6213496406  -61025.6213496407
 
0.52  0.87     -61013.1013533366  -61025.5821948475  -61025.5821948476
 
0.52  0.9     -61013.1013532759  -61025.5020730772  -61025.5020730772
 
0.52  0.93     -61013.1013534107  -61025.4091570983  -61025.4091570983
 
0.52  0.96     -61013.1013534433  -61025.3451346044  -61025.3451346044
 
0.52  0.99     -61013.1013533736  -61025.3414178132  -61025.3414178132
 
0.52  1.00     -61013.1013533072  -61025.3525969863  -61025.3525969863
 
0.56  0.00     -61013.1013535357  -61025.3253720885  -61025.3253720885
 
0.56  0.03     -61013.1013532914  -61025.3783284495  -61025.3783284495
 
0.56  0.06     -61013.1013535269  -61025.4446021634  -61025.4446021634
 
0.56  0.09     -61013.1013535974  -61025.5094384018  -61025.5094384018
 
0.56  0.12     -61013.1013532109  -61025.5626196109  -61025.5626196109
 
0.56  0.15     -61013.1013533153  -61025.5961331259  -61025.5961331259
 
0.56  0.18     -61013.1013535168  -61025.6028825312  -61025.6028825312
 
0.56  0.21       -61013.10135348  -61025.5762059141  -61025.5762059141
 
0.56  0.24     -61013.1013535641  -61025.5101039104  -61025.5101039105
 
0.56  0.27     -61013.1013533573   -61025.399628164   -61025.399628164
 
0.56  0.3     -61013.1013532605  -61025.2411922163  -61025.2411922162
 
0.56  0.33     -61013.1013531963  -61025.0328752183  -61025.0328752183
 
0.56  0.36      -61013.101353351  -61024.7748840212  -61024.7748840213
 
0.56  0.39     -61013.1013534783  -61024.4702275788  -61024.4702275788
 
0.56  0.42     -61013.1013533331  -61024.1258116765  -61024.1258116765
 
0.56  0.45      -61013.101353463  -61023.7640110695  -61023.7640110694
 
0.56  0.48     -61013.1013536669  -61023.4186178806  -61023.4186178806
 
0.56  0.51     -61013.1013534574  -61023.4022942406  -61023.4022942406
 
0.56  0.54     -61013.1013535347  -61023.6898946071  -61023.6898946071
 
0.56  0.57     -61013.1013537277  -61023.9905093577  -61023.9905093577
 
0.56  0.6     -61013.1013534094   -61024.277957445   -61024.277957445
 
0.56  0.63     -61013.1013536137   -61024.545242411  -61024.5452424111
 
0.56  0.66     -61013.1013536572  -61024.7907657886  -61024.7907657886
 
0.56  0.69     -61013.1013535516  -61025.0141096972  -61025.0141096972
 
0.56  0.72     -61013.1013535589  -61025.2132141154  -61025.2132141153
 
0.56  0.75     -61013.1013535058  -61025.3810316019  -61025.3810316019
 
0.56  0.78     -61013.1013535718   -61025.505646252   -61025.505646252
 
0.56  0.81     -61013.1013533271  -61025.5763025146  -61025.5763025146
 
0.56  0.84     -61013.1013533149  -61025.5886638955  -61025.5886638955
 
0.56  0.87     -61013.1013534676  -61025.5469822417  -61025.5469822417
 
0.56  0.9     -61013.1013532963  -61025.4665480578  -61025.4665480579
 
0.56  0.93     -61013.1013533654      -61025.376553      -61025.376553
 
0.56  0.96     -61013.1013534827  -61025.3172247583  -61025.3172247583
 
0.56  0.99     -61013.1013533293   -61025.315434371  -61025.3154343711
 
0.56  1.00     -61013.1013535357  -61025.3253720885  -61025.3253720885
 
0.60  0.00     -61013.1013534974  -61025.2622055822  -61025.2622055823
 
0.60  0.03      -61013.101353274  -61025.3179314632  -61025.3179314632
 
0.60  0.06     -61013.1013534109  -61025.3872897361  -61025.3872897361
 
0.60  0.09     -61013.1013535085  -61025.4556922618  -61025.4556922618
 
0.60  0.12     -61013.1013532189  -61025.5132758604  -61025.5132758603
 
0.60  0.15     -61013.1013532492  -61025.5525598344  -61025.5525598344
 
0.60  0.18     -61013.1013534983  -61025.5667315044  -61025.5667315044
 
0.60  0.21     -61013.1013532887  -61025.5489843667  -61025.5489843667
 
0.60  0.24     -61013.1013534641  -61025.4930708874  -61025.4930708874
 
0.60  0.27     -61013.1013532829  -61025.3939880815  -61025.3939880814
 
0.60  0.3     -61013.1013532908  -61025.2483564716  -61025.2483564716
 
0.60  0.33     -61013.1013530293  -61025.0547307873  -61025.0547307873
 
0.60  0.36     -61013.1013532787  -61024.8141120863  -61024.8141120862
 
0.60  0.39     -61013.1013533625  -61024.5307838944  -61024.5307838944
 
0.60  0.42     -61013.1013533066  -61024.2262821526  -61024.2262821527
 
0.60  0.45     -61013.1013533282  -61023.8918530917  -61023.8918530917
 
0.60  0.48     -61013.1013534245  -61023.6915158791  -61023.6915158792
 
0.60  0.51     -61013.1013534269  -61023.6963588361  -61023.6963588361
 
0.60  0.54     -61013.1013534778  -61023.9258748255  -61023.9258748255
 
0.60  0.57      -61013.101353437  -61024.1894953675  -61024.1894953675
 
0.60  0.6     -61013.1013534123  -61024.4408283535  -61024.4408283535
 
0.60  0.63     -61013.1013535459  -61024.6708636247  -61024.6708636247
 
0.60  0.66     -61013.1013535232  -61024.8780140316  -61024.8780140316
 
0.60  0.69     -61013.1013536262  -61025.0630031861  -61025.0630031861
 
0.60  0.72     -61013.1013534572  -61025.2258653657  -61025.2258653657
 
0.60  0.75     -61013.1013534747  -61025.3630884418  -61025.3630884418
 
0.60  0.78     -61013.1013534906  -61025.4652052059  -61025.4652052059
 
0.60  0.81     -61013.1013532741  -61025.5206642293  -61025.5206642293
 
0.60  0.84     -61013.1013532447  -61025.5231495062  -61025.5231495062
 
0.60  0.87     -61013.1013534833  -61025.4754309981  -61025.4754309981
 
0.60  0.9     -61013.1013532623  -61025.3927247539  -61025.3927247539
 
0.60  0.93      -61013.101353353  -61025.3055054676  -61025.3055054677
 
0.60  0.96     -61013.1013533877  -61025.2516221173  -61025.2516221172
 
0.60  0.99     -61013.1013533524   -61025.253248372   -61025.253248372
 
0.60  1.00     -61013.1013534974  -61025.2622055822  -61025.2622055823
 
0.64  0.00     -61013.1013535008  -61025.1639031099  -61025.1639031099
 
0.64  0.03     -61013.1013532857  -61025.2241486917  -61025.2241486917
 
0.64  0.06     -61013.1013535378  -61025.2986382346  -61025.2986382346
 
0.64  0.09     -61013.1013536161  -61025.3730700558  -61025.3730700558
 
0.64  0.12     -61013.1013533944  -61025.4381119694  -61025.4381119694
 
0.64  0.15     -61013.1013534326  -61025.4868432186  -61025.4868432187
 
0.64  0.18     -61013.1013535439  -61025.5124493508  -61025.5124493509
 
0.64  0.21     -61013.1013535548  -61025.5076295147  -61025.5076295147
 
0.64  0.24     -61013.1013533967  -61025.4657891903  -61025.4657891902
 
0.64  0.27     -61013.1013534648  -61025.3819592478  -61025.3819592478
 
0.64  0.3     -61013.1013531648  -61025.2531427105  -61025.2531427105
 
0.64  0.33     -61013.1013532278  -61025.0786305394  -61025.0786305394
 
0.64  0.36     -61013.1013533343  -61024.8700912713  -61024.8700912713
 
0.64  0.39     -61013.1013533728  -61024.6166319106  -61024.6166319106
 
0.64  0.42     -61013.1013532379  -61024.3354946469  -61024.3354946469
 
0.64  0.45     -61013.1013533837  -61024.0688386958  -61024.0688386959
 
0.64  0.48     -61013.1013535873  -61023.9571558825  -61023.9571558825
 
0.64  0.51     -61013.1013534478  -61023.9830367023  -61023.9830367024
 
0.64  0.54     -61013.1013533461  -61024.1648485801  -61024.1648485801
 
0.64  0.57      -61013.101353722  -61024.3944213728  -61024.3944213728
 
0.64  0.6     -61013.1013534916  -61024.6136528623  -61024.6136528623
 
0.64  0.63       -61013.10135351  -61024.8102563704  -61024.8102563704
 
0.64  0.66     -61013.1013535402  -61024.9811093821  -61024.9811093821
 
0.64  0.69     -61013.1013534546  -61025.1265348561  -61025.1265348561
 
0.64  0.72     -61013.1013534667  -61025.2474409798  -61025.2474409798
 
0.64  0.75     -61013.1013535517  -61025.3439100308  -61025.3439100308
 
0.64  0.78     -61013.1013535291  -61025.4124242484  -61025.4124242484
 
0.64  0.81     -61013.1013534018  -61025.4439951757  -61025.4439951757
 
0.64  0.84     -61013.1013534071  -61025.4306329554  -61025.4306329554
 
0.64  0.87     -61013.1013533088  -61025.3727187381  -61025.3727187381
 
0.64  0.9     -61013.1013533186  -61025.2844606854  -61025.2844606854
 
0.64  0.93     -61013.1013535877  -61025.1982172344  -61025.1982172344
 
0.64  0.96     -61013.1013536507  -61025.1495534862  -61025.1495534862
 
0.64  0.99     -61013.1013533129  -61025.1556393335  -61025.1556393335
 
0.64  1.00     -61013.1013535008  -61025.1639031099  -61025.1639031099
 
0.68  0.00     -61013.1013535731  -61025.0314076044  -61025.0314076044
 
0.68  0.03     -61013.1013532176  -61025.0973459349  -61025.0973459349
 
0.68  0.06     -61013.1013535259  -61025.1786645372  -61025.1786645371
 
0.68  0.09     -61013.1013536946  -61025.2614920353  -61025.2614920353
 
0.68  0.12     -61013.1013531658  -61025.3372596463  -61025.3372596463
 
0.68  0.15     -61013.1013533854  -61025.3995579248  -61025.3995579248
 
0.68  0.18     -61013.1013535636  -61025.4409523913  -61025.4409523913
 
0.68  0.21     -61013.1013533078  -61025.4532884964  -61025.4532884963
 
0.68  0.24     -61013.1013534182  -61025.4297740052  -61025.4297740052
 
0.68  0.27     -61013.1013533218  -61025.3656635731  -61025.3656635731
 
0.68  0.3     -61013.1013531212  -61025.2584700402  -61025.2584700403
 
0.68  0.33     -61013.1013531015  -61025.1145924287  -61025.1145924288
 
0.68  0.36     -61013.1013532396  -61024.9281014973  -61024.9281014973
 
0.68  0.39     -61013.1013534346  -61024.7082009038  -61024.7082009038
 
0.68  0.42     -61013.1013531907  -61024.4699223537  -61024.4699223537
 
0.68  0.45     -61013.1013532197  -61024.2880166235  -61024.2880166235
 
0.68  0.48     -61013.1013535363  -61024.2090052596  -61024.2090052596
 
0.68  0.51     -61013.1013533411  -61024.2487167119  -61024.2487167119
 
0.68  0.54     -61013.1013533579  -61024.3977704494  -61024.3977704494
 
0.68  0.57     -61013.1013535989  -61024.5947690377  -61024.5947690377
 
0.68  0.6     -61013.1013533475  -61024.7850256791  -61024.7850256791
 
0.68  0.63     -61013.1013534613  -61024.9523930622  -61024.9523930622
 
0.68  0.66     -61013.1013535218  -61025.0916282212  -61025.0916282212
 
0.68  0.69     -61013.1013534144  -61025.2014873977  -61025.2014873977
 
0.68  0.72     -61013.1013532928  -61025.2818888017  -61025.2818888017
 
0.68  0.75     -61013.1013534887  -61025.3335918394  -61025.3335918394
 
0.68  0.78     -61013.1013535492  -61025.3586977178  -61025.3586977178
 
0.68  0.81     -61013.1013532597  -61025.3563000632  -61025.3563000632
 
0.68  0.84      -61013.101353224  -61025.3198981809  -61025.3198981809
 
0.68  0.87     -61013.1013534261  -61025.2468470115  -61025.2468470115
 
0.68  0.9     -61013.1013533672  -61025.1481947985  -61025.1481947985
 
0.68  0.93     -61013.1013533954  -61025.0580709705  -61025.0580709705
 
0.68  0.96     -61013.1013534868  -61025.0128446416  -61025.0128446417
 
0.68  0.99      -61013.101353403  -61025.0236465054  -61025.0236465053
 
0.68  1.00     -61013.1013535731  -61025.0314076044  -61025.0314076044
 
0.7  0.00     -61013.1013533357  -61024.9526108738  -61024.9526108738
 
0.7  0.03     -61013.1013536508  -61025.0216659331  -61025.0216659331
 
0.7  0.06     -61013.1013533627   -61025.106974337   -61025.106974337
 
0.7  0.09     -61013.1013534203  -61025.1949301914  -61025.1949301913
 
0.7  0.12     -61013.1013536272  -61025.2774533448  -61025.2774533448
 
0.7  0.15      -61013.101353487  -61025.3482810162  -61025.3482810162
 
0.7  0.18     -61013.1013532212   -61025.399289521  -61025.3992895211
 
0.7  0.21     -61013.1013532833  -61025.4218644262  -61025.4218644262
 
0.7  0.24     -61013.1013532344  -61025.4092740069  -61025.4092740069
 
0.7  0.27     -61013.1013531885  -61025.3569866573  -61025.3569866574
 
0.7  0.3     -61013.1013533447  -61025.2657088109  -61025.2657088109
 
0.7  0.33     -61013.1013533648  -61025.1335262803  -61025.1335262803
 
0.7  0.36      -61013.101353048  -61024.9634250105  -61024.9634250104
 
0.7  0.39     -61013.1013531014  -61024.7618913217  -61024.7618913217
 
0.7  0.42     -61013.1013533386  -61024.5478464102  -61024.5478464102
 
0.7  0.45     -61013.1013533268  -61024.3961157451  -61024.3961157451
 
0.7  0.48     -61013.1013533288  -61024.3285616239  -61024.3285616239
 
0.7  0.51     -61013.1013534894  -61024.3729164534  -61024.3729164534
 
0.7  0.54      -61013.101353234  -61024.5098948915  -61024.5098948915
 
0.7  0.57     -61013.1013534679  -61024.6911060981  -61024.6911060981
 
0.7  0.6     -61013.1013535287  -61024.8677934858  -61024.8677934858
 
0.7  0.63     -61013.1013535782  -61025.0219200926  -61025.0219200927
 
0.7  0.66     -61013.1013533612  -61025.1471473447  -61025.1471473447
 
0.7  0.69      -61013.101353399  -61025.2413594115  -61025.2413594115
 
0.7  0.72     -61013.1013533518  -61025.3036890709  -61025.3036890709
 
0.7  0.75     -61013.1013533816   -61025.334242015   -61025.334242015
 
0.7  0.78     -61013.1013533708  -61025.3359237141  -61025.3359237141
 
0.7  0.81     -61013.1013535127     -61025.3124764     -61025.3124764
 
0.7  0.84     -61013.1013534376  -61025.2611373175  -61025.2611373175
 
0.7  0.87     -61013.1013532324  -61025.1782464991  -61025.1782464991
 
0.7  0.9       -61013.10135358  -61025.0722931928  -61025.0722931928
 
0.7  0.93     -61013.1013533278  -61024.9770129044  -61024.9770129044
 
0.7  0.96     -61013.1013533439  -61024.9321273935  -61024.9321273934
 
0.7  0.99     -61013.1013536569  -61024.9450773944  -61024.9450773944
 
0.7  1.00     -61013.1013533357  -61024.9526108738  -61024.9526108738
 
0.72  0.00     -61013.1013536126  -61024.8655776503  -61024.8655776503
 
0.72  0.03     -61013.1013532631  -61024.9378694543  -61024.9378694543
 
0.72  0.06     -61013.1013535122   -61025.027549513   -61025.027549513
 
0.72  0.09     -61013.1013535646  -61025.1213176309   -61025.121317631
 
0.72  0.12     -61013.1013532267   -61025.211673525   -61025.211673525
 
0.72  0.15     -61013.1013533475  -61025.2923150735  -61025.2923150735
 
0.72  0.18     -61013.1013535126  -61025.3541104042  -61025.3541104041
 
0.72  0.21     -61013.1013533533  -61025.3880836838  -61025.3880836837
 
0.72  0.24     -61013.1013533625  -61025.3877234529  -61025.3877234528
 
0.72  0.27     -61013.1013532814  -61025.3487714573  -61025.3487714573
 
0.72  0.3     -61013.1013532511  -61025.2721670289  -61025.2721670289
 
0.72  0.33     -61013.1013531011  -61025.1563758906  -61025.1563758906
 
0.72  0.36     -61013.1013532782  -61025.0037610972  -61025.0037610972
 
0.72  0.39     -61013.1013533809  -61024.8209613844  -61024.8209613844
 
0.72  0.42     -61013.1013531848   -61024.632868323   -61024.632868323
 
0.72  0.45     -61013.1013532864  -61024.5014704255  -61024.5014704255
 
0.72  0.48     -61013.1013534267  -61024.4433406072  -61024.4433406072
 
0.72  0.51     -61013.1013533719  -61024.4909869151  -61024.4909869151
 
0.72  0.54     -61013.1013534145  -61024.6179781757  -61024.6179781756
 
0.72  0.57     -61013.1013534428  -61024.7840442392  -61024.7840442392
 
0.72  0.6     -61013.1013533239  -61024.9476944779  -61024.9476944779
 
0.72  0.63     -61013.1013534294  -61025.0893836939  -61025.0893836938
 
0.72  0.66      -61013.101353482  -61025.2016963624  -61025.2016963624
 
0.72  0.69     -61013.1013535214  -61025.2816737364  -61025.2816737364
 
0.72  0.72     -61013.1013532543  -61025.3276713569  -61025.3276713569
 
0.72  0.75     -61013.1013533282  -61025.3389383725  -61025.3389383725
 
0.72  0.78     -61013.1013534793  -61025.3179156171   -61025.317915617
 
0.72  0.81     -61013.1013532736   -61025.271336483   -61025.271336483
 
0.72  0.84     -61013.1013532062  -61025.2022550218  -61025.2022550218
 
0.72  0.87      -61013.101353526  -61025.1075956161  -61025.1075956161
 
0.72  0.9     -61013.1013533545  -61024.9928820044  -61024.9928820044
 
0.72  0.93     -61013.1013532507  -61024.8895444972  -61024.8895444972
 
0.72  0.96     -61013.1013534823    -61024.84350795    -61024.84350795
 
0.72  0.99     -61013.1013534799  -61024.8582772427  -61024.8582772427
 
0.72  1.00     -61013.1013536126  -61024.8655776503  -61024.8655776503
 
0.76  0.00     -61013.1013534818  -61024.6672415117  -61024.6672415116
 
0.76  0.03     -61013.1013533682  -61024.7462341459   -61024.746234146
 
0.76  0.06     -61013.1013536783  -61024.8458974916  -61024.8458974916
 
0.76  0.09     -61013.1013535523   -61024.953730384  -61024.9537303841
 
0.76  0.12     -61013.1013534262  -61025.0636858314  -61025.0636858314
 
0.76  0.15     -61013.1013535566  -61025.1681140783  -61025.1681140783
 
0.76  0.18     -61013.1013535336  -61025.2550539191  -61025.2550539191
 
0.76  0.21     -61013.1013533861  -61025.3156267802  -61025.3156267802
 
0.76  0.24     -61013.1013533897  -61025.3442464899  -61025.3442464899
 
0.76  0.27     -61013.1013533724  -61025.3370710425  -61025.3370710425
 
0.76  0.3     -61013.1013531937  -61025.2959256939  -61025.2959256939
 
0.76  0.33     -61013.1013531923  -61025.2167773953  -61025.2167773953
 
0.76  0.36     -61013.1013533101  -61025.0999791205  -61025.0999791205
 
0.76  0.39     -61013.1013532476  -61024.9535941933  -61024.9535941934
 
0.76  0.42     -61013.1013531007      -61024.809745      -61024.809745
 
0.76  0.45     -61013.1013532856   -61024.701052884   -61024.701052884
 
0.76  0.48     -61013.1013533296  -61024.6569900711  -61024.6569900711
 
0.76  0.51     -61013.1013531744   -61024.707684443   -61024.707684443
 
0.76  0.54      -61013.101353453  -61024.8186039658  -61024.8186039658
 
0.76  0.57     -61013.1013534736  -61024.9576241621   -61024.957624162
 
0.76  0.6     -61013.1013533514  -61025.0967944812  -61025.0967944812
 
0.76  0.63     -61013.1013532979  -61025.2157816215  -61025.2157816215
 
0.76  0.66     -61013.1013535214  -61025.3051966066  -61025.3051966066
 
0.76  0.69     -61013.1013534127  -61025.3605429284  -61025.3605429284
 
0.76  0.72     -61013.1013533393  -61025.3788562574  -61025.3788562574
 
0.76  0.75     -61013.1013534329  -61025.3578601177  -61025.3578601177
 
0.76  0.78     -61013.1013535648  -61025.2977377887  -61025.2977377888
 
0.76  0.81     -61013.1013531267   -61025.204698688   -61025.204698688
 
0.76  0.84     -61013.1013532111  -61025.0916401945  -61025.0916401945
 
0.76  0.87     -61013.1013533739  -61024.9656513637  -61024.9656513637
 
0.76  0.9     -61013.1013533986  -61024.8283145251  -61024.8283145252
 
0.76  0.93     -61013.1013534096  -61024.6998385849  -61024.6998385849
 
0.76  0.96     -61013.1013535917  -61024.6436164848  -61024.6436164847
 
0.76  0.99     -61013.1013533254  -61024.6603920536  -61024.6603920536
 
0.76  1.00     -61013.1013534818  -61024.6672415117  -61024.6672415116
 
0.80  0.00      -61013.101353625  -61024.4374788378  -61024.4374788378
 
0.80  0.03     -61013.1013534493   -61024.523408832   -61024.523408832
 
0.80  0.06     -61013.1013535831  -61024.6351109652  -61024.6351109652
 
0.80  0.09     -61013.1013537419  -61024.7614342265  -61024.7614342266
 
0.80  0.12     -61013.1013533618  -61024.8980028933  -61024.8980028932
 
0.80  0.15     -61013.1013534852  -61025.0319764289  -61025.0319764289
 
0.80  0.18     -61013.1013535417  -61025.1492273354  -61025.1492273354
 
0.80  0.21     -61013.1013533392  -61025.2394662752  -61025.2394662751
 
0.80  0.24     -61013.1013534796  -61025.3052816062  -61025.3052816063
 
0.80  0.27     -61013.1013534298   -61025.340699864   -61025.340699864
 
0.80  0.3     -61013.1013532516  -61025.3401036809  -61025.3401036809
 
0.80  0.33     -61013.1013532631  -61025.2978287424  -61025.2978287423
 
0.80  0.36     -61013.1013532675  -61025.2132130199  -61025.2132130199
 
0.80  0.39     -61013.1013533091  -61025.0978796058  -61025.0978796059
 
0.80  0.42     -61013.1013531595  -61024.9789989767  -61024.9789989767
 
0.80  0.45     -61013.1013532377  -61024.8818682538  -61024.8818682538
 
0.80  0.48     -61013.1013534339  -61024.8468103682  -61024.8468103681
 
0.80  0.51     -61013.1013532476  -61024.8967739896  -61024.8967739896
 
0.80  0.54     -61013.1013533372  -61024.9944396654  -61024.9944396654
 
0.80  0.57     -61013.1013534429  -61025.1116543183  -61025.1116543183
 
0.80  0.6     -61013.1013533878  -61025.2288707636  -61025.2288707636
 
0.80  0.63     -61013.1013533428  -61025.3278742703  -61025.3278742703
 
0.80  0.66     -61013.1013535873  -61025.3978637538  -61025.3978637538
 
0.80  0.69     -61013.1013532684  -61025.4330306465  -61025.4330306466
 
0.80  0.72     -61013.1013533452  -61025.4294030087  -61025.4294030087
 
0.80  0.75     -61013.1013533927  -61025.3837140359   -61025.383714036
 
0.80  0.78     -61013.1013534621  -61025.2943322215  -61025.2943322216
 
0.80  0.81     -61013.1013531175  -61025.1638606465  -61025.1638606465
 
0.80  0.84     -61013.1013532188  -61025.0036408097  -61025.0036408096
 
0.80  0.87     -61013.1013534192  -61024.8334531277  -61024.8334531277
 
0.80  0.9     -61013.1013535053   -61024.663676262   -61024.663676262
 
0.80  0.93     -61013.1013532993  -61024.5028968662  -61024.5028968663
 
0.80  0.96     -61013.1013535895  -61024.4156686749  -61024.4156686749
 
0.80  0.99     -61013.1013533713  -61024.4308926611  -61024.4308926611
 
0.80  1.00      -61013.101353625  -61024.4374788378  -61024.4374788378
 
0.84  0.00     -61013.1013536054  -61024.1779005535  -61024.1779005535
 
0.84  0.03      -61013.101353376  -61024.2711395651  -61024.2711395652
 
0.84  0.06     -61013.1013536841  -61024.3980176576  -61024.3980176576
 
0.84  0.09     -61013.1013536725  -61024.5506590867  -61024.5506590868
 
0.84  0.12     -61013.1013535837   -61024.723540084  -61024.7235400839
 
0.84  0.15     -61013.1013535467  -61024.8930818069  -61024.8930818069
 
0.84  0.18     -61013.1013536348  -61025.0458672926  -61025.0458672926
 
0.84  0.21      -61013.101353537  -61025.1793864865  -61025.1793864865
 
0.84  0.24     -61013.1013535094  -61025.2893043325  -61025.2893043325
 
0.84  0.27      -61013.101353406  -61025.3675338708  -61025.3675338708
 
0.84  0.3     -61013.1013532293   -61025.404100794  -61025.4041007939
 
0.84  0.33     -61013.1013532976  -61025.3920739193  -61025.3920739193
 
0.84  0.36     -61013.1013532919  -61025.3323756329  -61025.3323756329
 
0.84  0.39     -61013.1013531995   -61025.237801125   -61025.237801125
 
0.84  0.42     -61013.1013531309  -61025.1306010061  -61025.1306010061
 
0.84  0.45      -61013.101353251  -61025.0394853017  -61025.0394853017
 
0.84  0.48     -61013.1013533061   -61025.009661792   -61025.009661792
 
0.84  0.51     -61013.1013532108  -61025.0563253842  -61025.0563253842
 
0.84  0.54     -61013.1013535189  -61025.1425009632  -61025.1425009632
 
0.84  0.57     -61013.1013535279  -61025.2426803255  -61025.2426803255
 
0.84  0.6     -61013.1013533416  -61025.3412700153  -61025.3412700153
 
0.84  0.63     -61013.1013532651  -61025.4230785825  -61025.4230785825
 
0.84  0.66     -61013.1013534004   -61025.476869192  -61025.4768691919
 
0.84  0.69     -61013.1013532575  -61025.4957896072  -61025.4957896072
 
0.84  0.72     -61013.1013534493  -61025.4750448352  -61025.4750448351
 
0.84  0.75     -61013.1013534495  -61025.4107218495  -61025.4107218495
 
0.84  0.78     -61013.1013535018   -61025.300125211  -61025.3001252111
 
0.84  0.81     -61013.1013531659  -61025.1432534303  -61025.1432534303
 
0.84  0.84     -61013.1013532678  -61024.9460234506  -61024.9460234506
 
0.84  0.87     -61013.1013533326  -61024.7261456528  -61024.7261456528
 
0.84  0.9     -61013.1013531971  -61024.5098060107  -61024.5098060107
 
0.84  0.93     -61013.1013535048  -61024.3101913842  -61024.3101913842
 
0.84  0.96     -61013.1013536757  -61024.1642558752  -61024.1642558752
 
0.84  0.99     -61013.1013532282  -61024.1710462435  -61024.1710462435
 
0.84  1.00     -61013.1013536054  -61024.1779005535  -61024.1779005535
 
0.88  0.00     -61013.1013536677  -61023.8909465082  -61023.8909465083
 
0.88  0.03     -61013.1013534538  -61023.9924553059  -61023.9924553059
 
0.88  0.06      -61013.101353644  -61024.1406740061  -61024.1406740062
 
0.88  0.09     -61013.1013536579   -61024.338161462   -61024.338161462
 
0.88  0.12     -61013.1013535486  -61024.5573916984  -61024.5573916984
 
0.88  0.15     -61013.1013536649  -61024.7736381267  -61024.7736381267
 
0.88  0.18     -61013.1013536322  -61024.9705443677  -61024.9705443678
 
0.88  0.21     -61013.1013535684  -61025.1483386216  -61025.1483386216
 
0.88  0.24     -61013.1013534819  -61025.2987674962  -61025.2987674962
 
0.88  0.27     -61013.1013534711  -61025.4110881693  -61025.4110881693
 
0.88  0.3     -61013.1013532534  -61025.4750025236  -61025.4750025236
 
0.88  0.33     -61013.1013532737  -61025.4846084363  -61025.4846084363
 
0.88  0.36     -61013.1013533684  -61025.4419163215  -61025.4419163215
 
0.88  0.39     -61013.1013533246  -61025.3590367371  -61025.3590367371
 
0.88  0.42     -61013.1013530747  -61025.2573562035  -61025.2573562036
 
0.88  0.45     -61013.1013532354  -61025.1695941287  -61025.1695941287
 
0.88  0.48     -61013.1013534185  -61025.1424957643  -61025.1424957643
 
0.88  0.51      -61013.101353227  -61025.1845777837  -61025.1845777836
 
0.88  0.54     -61013.1013534867  -61025.2609323196  -61025.2609323196
 
0.88  0.57     -61013.1013534297   -61025.347991768   -61025.347991768
 
0.88  0.6     -61013.1013534297  -61025.4317771281  -61025.4317771281
 
0.88  0.63     -61013.1013532841  -61025.4994917571  -61025.4994917571
 
0.88  0.66     -61013.1013534891  -61025.5403158081  -61025.5403158081
 
0.88  0.69      -61013.101353273  -61025.5467285825  -61025.5467285825
 
0.88  0.72     -61013.1013535118  -61025.5132434099  -61025.5132434099
 
0.88  0.75     -61013.1013533452    -61025.43540795    -61025.43540795
 
0.88  0.78     -61013.1013534563  -61025.3098423003  -61025.3098423003
 
0.88  0.81     -61013.1013530318  -61025.1349847552  -61025.1349847552
 
0.88  0.84     -61013.1013532171  -61024.9129437668  -61024.9129437668
 
0.88  0.87     -61013.1013534008    -61024.65370776    -61024.65370776
 
0.88  0.9     -61013.1013532482  -61024.3822137009  -61024.3822137009
 
0.88  0.93     -61013.1013534193  -61024.1302828867  -61024.1302828868
 
0.88  0.96     -61013.1013536224  -61023.9174302691  -61023.9174302691
 
0.88  0.99     -61013.1013533328  -61023.8828949076  -61023.8828949077
 
0.88  1.00     -61013.1013536677  -61023.8909465082  -61023.8909465083
 
0.92  0.00      -61013.101353749  -61023.5802448787  -61023.5802448787
 
0.92  0.03     -61013.1013534665  -61023.6927733492  -61023.6927733492
 
0.92  0.06     -61013.1013536659  -61023.8878996155  -61023.8878996155
 
0.92  0.09     -61013.1013537873  -61024.1733070953  -61024.1733070954
 
0.92  0.12     -61013.1013536145  -61024.4415991926  -61024.4415991926
 
0.92  0.15     -61013.1013535984   -61024.695910903   -61024.695910903
 
0.92  0.18     -61013.1013537557  -61024.9311339372  -61024.9311339372
 
0.92  0.21     -61013.1013535653  -61025.1418035451  -61025.1418035451
 
0.92  0.24     -61013.1013535687  -61025.3198974648  -61025.3198974648
 
0.92  0.27     -61013.1013535564    -61025.45488272    -61025.45488272
 
0.92  0.3     -61013.1013533636  -61025.5368576309  -61025.5368576309
 
0.92  0.33     -61013.1013533087  -61025.5605701451  -61025.5605701451
 
0.92  0.36     -61013.1013534265  -61025.5283519683  -61025.5283519683
 
0.92  0.39     -61013.1013533515  -61025.4519359032  -61025.4519359032
 
0.92  0.42     -61013.1013532294  -61025.3533214213  -61025.3533214213
 
0.92  0.45     -61013.1013532574  -61025.2682083187  -61025.2682083187
 
0.92  0.48     -61013.1013534715  -61025.2425389883  -61025.2425389882
 
0.92  0.51     -61013.1013533435  -61025.2799809199  -61025.2799809199
 
0.92  0.54     -61013.1013533892   -61025.348431851  -61025.3484318509
 
0.92  0.57     -61013.1013535101  -61025.4257462642  -61025.4257462642
 
0.92  0.6     -61013.1013535287  -61025.4985737353  -61025.4985737353
 
0.92  0.63      -61013.101353236  -61025.5556128005  -61025.5556128005
 
0.92  0.66     -61013.1013536821  -61025.5868423974  -61025.5868423974
 
0.92  0.69     -61013.1013534254  -61025.5844977079  -61025.5844977079
 
0.92  0.72     -61013.1013532884  -61025.5425527162  -61025.5425527162
 
0.92  0.75     -61013.1013534132  -61025.4560698651  -61025.4560698651
 
0.92  0.78     -61013.1013535447  -61025.3211279458  -61025.3211279458
 
0.92  0.81     -61013.1013532181  -61025.1351621798  -61025.1351621797
 
0.92  0.84     -61013.1013531738  -61024.8978882277  -61024.8978882277
 
0.92  0.87     -61013.1013534075  -61024.6133907371  -61024.6133907372
 
0.92  0.9     -61013.1013535171  -61024.2958746077  -61024.2958746076
 
0.92  0.93     -61013.1013534412  -61023.9793021589  -61023.9793021589
 
0.92  0.96     -61013.1013535495  -61023.7021179665  -61023.7021179666
 
0.92  0.99     -61013.1013534598  -61023.5697777887  -61023.5697777887
 
0.92  1.00      -61013.101353749  -61023.5802448787  -61023.5802448787
 
0.96  0.00     -61013.1013534428  -61023.2510298447  -61023.2510298446
 
0.96  0.03     -61013.1013534421   -61023.390391423  -61023.3903914231
 
0.96  0.06     -61013.1013536606   -61023.745552313   -61023.745552313
 
0.96  0.09     -61013.1013536398  -61024.0693654014  -61024.0693654014
 
0.96  0.12     -61013.1013534753  -61024.3742860286  -61024.3742860286
 
0.96  0.15      -61013.101353517  -61024.6566534904  -61024.6566534904
 
0.96  0.18     -61013.1013536313  -61024.9143305249  -61024.9143305249
 
0.96  0.21     -61013.1013535534  -61025.1437927451  -61025.1437927451
 
0.96  0.24     -61013.1013534854   -61025.337814702   -61025.337814702
 
0.96  0.27     -61013.1013535602  -61025.4858413171  -61025.4858413171
 
0.96  0.3     -61013.1013532697  -61025.5780329693  -61025.5780329693
 
0.96  0.33     -61013.1013532525  -61025.6095320175  -61025.6095320175
 
0.96  0.36      -61013.101353361  -61025.5829729026  -61025.5829729027
 
0.96  0.39     -61013.1013533395  -61025.5101335719  -61025.5101335719
 
0.96  0.42     -61013.1013532365  -61025.4139326639  -61025.4139326639
 
0.96  0.45     -61013.1013532365  -61025.3319478472  -61025.3319478473
 
0.96  0.48     -61013.1013534378  -61025.3075307842  -61025.3075307842
 
0.96  0.51      -61013.101353377  -61025.3412765871  -61025.3412765872
 
0.96  0.54     -61013.1013535541  -61025.4040421757  -61025.4040421757
 
0.96  0.57     -61013.1013535278  -61025.4747526014  -61025.4747526014
 
0.96  0.6       -61013.10135323  -61025.5402799548  -61025.5402799549
 
0.96  0.63     -61013.1013533244  -61025.5902076689  -61025.5902076689
 
0.96  0.66     -61013.1013535605   -61025.615341691   -61025.615341691
 
0.96  0.69     -61013.1013533226  -61025.6080202223  -61025.6080202223
 
0.96  0.72     -61013.1013534648  -61025.5618931007  -61025.5618931007
 
0.96  0.75     -61013.1013535062  -61025.4716617055  -61025.4716617056
 
0.96  0.78     -61013.1013532919  -61025.3330540226  -61025.3330540227
 
0.96  0.81      -61013.101353115  -61025.1429883721  -61025.1429883721
 
0.96  0.84     -61013.1013532221  -61024.9000051827  -61024.9000051827
 
0.96  0.87      -61013.101353344  -61024.6049498014  -61024.6049498015
 
0.96  0.9     -61013.1013532538  -61024.2620800656  -61024.2620800656
 
0.96  0.93     -61013.1013534476  -61023.8833922983  -61023.8833922983
 
0.96  0.96     -61013.1013534579  -61023.5232551687  -61023.5232551687
 
0.96  0.99     -61013.1013534263  -61023.2376656515  -61023.2376656516
 
0.96  1.00     -61013.1013534428  -61023.2510298447  -61023.2510298446
 
1.00  0.00     -61013.1013535846  -61022.3394380677  -61022.3394380677
 
1.00  0.03     -61013.1013534671  -61023.3063859789  -61023.3063859789
 
1.00  0.06     -61013.1013536859  -61023.6811890321  -61023.6811890321
 
1.00  0.09     -61013.1013536391  -61024.0310308916  -61024.0310308916
 
1.00  0.12     -61013.1013535915  -61024.3530746805  -61024.3530746805
 
1.00  0.15     -61013.1013535382  -61024.6467566877  -61024.6467566877
 
1.00  0.18     -61013.1013536584  -61024.9120059528  -61024.9120059527
 
1.00  0.21     -61013.1013536257    -61025.14697713    -61025.14697713
 
1.00  0.24     -61013.1013536468   -61025.345439249   -61025.345439249
 
1.00  0.27     -61013.1013535137   -61025.497066969  -61025.4970669691
 
1.00  0.3     -61013.1013532859  -61025.5920678107  -61025.5920678107
 
1.00  0.33     -61013.1013533461  -61025.6257844208  -61025.6257844208
 
1.00  0.36     -61013.1013534378  -61025.6010617698  -61025.6010617697
 
1.00  0.39     -61013.1013533984  -61025.5298873106  -61025.5298873106
 
1.00  0.42     -61013.1013532376  -61025.4361729653  -61025.4361729653
 
1.00  0.45     -61013.1013533681  -61025.3583241842  -61025.3583241842
 
1.00  0.48     -61013.1013536483  -61025.3358439107  -61025.3358439106
 
1.00  0.51     -61013.1013533747  -61025.3675388692  -61025.3675388692
 
1.00  0.54      -61013.101353497  -61025.4270781756  -61025.4270781756
 
1.00  0.57     -61013.1013536181  -61025.4942117404  -61025.4942117404
 
1.00  0.6     -61013.1013533134  -61025.5559004167  -61025.5559004167
 
1.00  0.63     -61013.1013531952  -61025.6022707402  -61025.6022707402
 
1.00  0.66     -61013.1013536422  -61025.6248491974  -61025.6248491974
 
1.00  0.69     -61013.1013534815  -61025.6162619928  -61025.6162619929
 
1.00  0.72     -61013.1013534252  -61025.5700551176  -61025.5700551176
 
1.00  0.75     -61013.1013534488  -61025.4807280937  -61025.4807280937
 
1.00  0.78     -61013.1013535025  -61025.3438572033  -61025.3438572033
 
1.00  0.81     -61013.1013531431  -61025.1562495039  -61025.1562495038
 
1.00  0.84     -61013.1013531178  -61024.9162757403  -61024.9162757402
 
1.00  0.87     -61013.1013535153  -61024.6243641616  -61024.6243641617
 
1.00  0.9     -61013.1013532622  -61024.2835796018  -61024.2835796018
 
1.00  0.93     -61013.1013534296  -61023.9001843001  -61023.9001843001
 
1.00  0.96     -61013.1013535486  -61023.4845218073  -61023.4845218073
 
1.00  0.99     -61013.1013533472  -61023.0540205475  -61023.0540205475
 
1.00  1.00     -61013.1013535846  -61022.3394380677  -61022.3394380677
