x           y           stackinginfo
0.0 0.0 0
2.14855409012461 1.28979788849971 0
4.29772135990241 2.57845405853427 0
6.44755613107848 3.86587866050102 0
8.59813137648669 5.15194607927778 0
10.7495168771799 6.43653610397263 0
12.9017577911136 7.71957594836235 0
15.0548581756143 9.00107055522445 0
17.2087704468928 10.2811187072521 0
19.3633915455241 11.559915891238 0
21.518566983852 12.8377445357552 0
23.6741031366153 14.1149523406176 4
25.8297862326769 15.3919210392192 4
27.9854046242746 16.6690300076387 4
30.1407699127991 17.9466206174643 4
32.2957326319516 19.2249677810752 2
34.4501894223344 20.5042643899058 2
36.6040806726893 21.7846220322106 2
38.757380038987 23.0660874655621 2
40.9100792166984 24.3486700244542 2
43.0621723659818 25.6323720768379 2
45.2136447233621 26.9172131768267 2
47.3644687543189 28.2032400564572 2
49.5146109447282 29.4905175642619 2
51.6640510678261 30.7790969542778 2
53.8128090472304 32.0689693676485 2
55.9609733966189 33.3600150896395 2
58.108718106656 34.6519671168846 2
60.2562995079135 35.9444054400967 2
62.4040350569326 37.2367837973184 5
64.5522710568482 38.5284818254048 5
66.7013465342513 39.8188713562309 5
68.8515589823457 41.1073840831136 1
71.0031366626694 42.3935682303181 1
73.1562212865675 43.6771248187196 1
75.3108630207726 44.957919617336 1
77.4670269599997 46.2359731326015 1
79.6246077239534 47.5114355342577 1
81.7834477511252 48.7845548511406 1
83.943355320124 50.0556454449582 1
86.1041196958839 51.3250610836982 1
88.2655223479178 52.5931742937104 1
90.4273437458918 53.8603625695483 1
92.5893657526466 55.1270019695115 1
94.7513717781632 56.3934649849283 1
96.913146290805 57.6601195932275 1
99.0744740859053 58.9273287885522 1
101.235139971695 60.195450121696 1
103.394929881967 61.4648340803734 1
105.553634590723 62.7358198344567 1
107.711057152593 64.0087271090368 1
109.867024399666 65.2838431390888 1
112.021401902614 66.5614040323913 1
114.174110813024 67.8415715346792 1
116.325143825265 69.1244080492539 3
118.474576747705 70.4098543542471 3
120.622572283376 71.6977155566707 3
122.769373700118 72.9876606108871 0
124.915287792986 74.279238912837 0
127.060658207806 75.5719146444118 0
129.205831345499 76.8651167460153 0
131.351118441491 78.1582995663357 0
133.496760687422 79.4510043666507 0
135.642908496533 80.7429046684636 3
91.1293267263066 1.21580347993238 0
93.2766343073552 2.50564280969315 0
95.4245538268285 3.79436618717767 3
4.2525462611567 5.08190537979798 0
6.40191194543791 6.36815517886031 0
8.55215653803839 7.65300188190528 0
10.7033693730924 8.9363638457837 0
12.855599490854 10.2182246763232 0
15.0088405459417 11.4986531781861 0
17.1630234437572 12.777810753054 0
19.3180173699181 14.055947270587 0
21.4736396660969 15.3333854558018 4
23.6296735169095 16.6104946369341 4
25.785890473652 17.8876568872093 4
27.9420735395028 19.1652306748334 4
30.0980363775776 20.4435183007003 2
32.2536350129945 21.7227435578795 2
34.4087703133122 23.0030445196274 2
36.5633815342446 24.2844832841857 2
38.7174334611512 25.5670699572399 2
40.8709014030647 26.8507938007868 2
43.0237586023863 28.1356521830247 2
45.175970736242 29.4216679772811 2
47.3274998982839 30.7088903249024 2
49.4783195427672 31.9973757821401 2
51.6284374086281 33.2871503315988 2
53.7779210573039 34.5781609741349 2
55.9269166153494 35.870229040708 2
58.0756495507199 37.1630255680372 2
60.2244070183245 38.4560780325948 5
62.3735090077985 39.7488061573318 5
64.5232762260843 41.0405790695956 5
66.6739997920041 42.3307826041682 1
68.8259155702509 43.6188841299599 1
70.9791855682013 44.9044831251184 1
73.1338886825133 46.1873395168701 1
75.2900216944907 47.467377840931 1
77.4475090644313 48.7446712695197 1
79.6062181542619 50.0194131913633 1
81.7659759754497 51.2918844818086 1
83.9265843221064 52.5624226897221 1
86.0878316848955 53.831396533546 1
88.2495014185321 55.0991869117618 1
90.4113757293338 56.3661754210508 1
92.5732365209878 57.6327396600186 1
94.7348652364837 58.8992513730939 1
96.8960424810101 60.1660756874131 1
99.0565479407182 61.4335708974118 1
101.216161524077 62.7020879955781 1
103.374667015354 63.9719685052113 1
105.531859291103 65.2435391726394 1
107.687555538493 66.5171023706427 1
109.841610079289 67.7929213991605 1
111.993931220647 69.0712004593937 1
114.144497594521 70.3520607122979 3
116.293370747364 71.6355162008819 3
118.440700650877 72.9214546677208 3
120.586721625693 74.2096287637799 3
122.731737638044 75.4996623527942 0
124.876097506206 76.7910745071493 0
127.020161778724 78.0833209699583 0
129.164264317368 79.3758497610532 0
131.308674457957 80.6681632097895 3
86.7932692173744 1.14186040753652 0
88.9387341091061 2.43270884873788 0
91.0847921176106 3.72255630177341 0
93.231463085897 5.01132330485081 0
95.3788092487555 6.29893486254327 0
97.5269428397639 7.58529370004337 3
6.35540131154184 8.87029178829298 0
8.50552011812994 10.1538435098878 0
10.6567936457263 11.4359187390877 0
12.8092598858701 12.716564990239 0
14.9628872502031 13.9959176702125 0
17.1175726292385 15.2741998592583 0
19.2731490747379 16.5517117285898 0
21.4294021018128 17.8288094083659 4
23.5860920020064 19.1058748925881 4
25.7429781881343 20.3832809677214 4
27.8998410688851 21.6613568769767 4
30.056497690296 22.9403609572504 2
32.2128092783183 24.2204657775875 2
34.3686797692485 25.5017596817196 2
36.5240463190323 26.7842643552297 2
38.6788649428626 28.0679632205439 2
40.8330960520122 29.3528322400175 2
42.9866961124264 30.6388636956007 2
45.1396190083952 31.9260762134576 2
47.2918278823577 33.2145086910971 2
49.44331605142 34.5041956492722 2
51.5941308899849 35.7951274344812 2
53.7443934223123 37.087202328004 2
55.8943025759167 38.3801862897783 2
58.044120188522 39.6736984945202 2
60.1941432298243 40.9672273804683 5
62.344672991372 42.26017277231 5
64.4959878242874 43.5519060330682 5
66.648321304534 44.8418369315488 1
68.8018458014055 46.1294746103296 1
70.9566620662344 47.4144716634064 1
73.1127961129816 48.6966449691577 1
75.2702037684858 49.9759731886369 1
77.4287813831129 51.2525762590152 1
79.5883797493513 52.5266848891323 1
81.7488180693977 53.7986077281733 1
83.9098959015858 55.0687015428266 1
86.0714021634921 56.3373470917241 1
88.2331207494341 57.6049318746974 1
90.3948326684971 58.8718408431069 1
92.556316451517 60.1384525777741 1
94.7173483053551 61.4051375837111 1
96.8777025745255 62.6722577305053 1
99.0371533457522 63.940166108117 1
101.195478286426 65.2092061499498 1
103.352465721753 66.4797084768934 1
105.507925417254 67.7519840748165 1
107.661702829771 69.0263127351166 1
109.813695542084 70.3029264882615 1
111.963869440319 71.5819886446351 1
114.112271604943 72.8635705239819 3
116.259036955121 74.1476302621219 3
118.404386169562 75.4339989015174 3
120.54861353714 76.7223786323421 0
122.692064786032 78.0123568868183 0
124.835106200804 79.3034378594106 0
126.978087535144 80.5950901027551 3
82.4610028210131 1.06879310135436 0
84.604661371323 2.36014079395385 0
86.7488743104577 3.65080807483989 0
88.8936823911306 4.94059422720125 0
91.0391092210114 6.22937092155105 0
93.1852144366698 7.51703245079553 0
95.3321151729128 8.80346795663676 0
97.4799716316531 10.0885640838349 0
99.6289531296759 11.3722285422114 3
8.45859970006581 12.6544192592973 0
10.6101988220615 13.9351667087248 0
12.7631585607943 15.214585624075 0
14.9174078196408 16.4928770825695 0
17.0728002598954 17.770321517924 0
19.2291293497588 19.0472620623097 4
21.386150336988 20.3240786044859 4
23.5436053644923 21.6011553043369 4
25.7012470510682 22.8788465431246 4
27.8588570447494 24.1574467647239 2
30.0162581500502 25.4371695496759 2
32.1733182531973 26.718140964739 2
34.3299453692127 28.0004088878674 2
36.4860751032662 29.2839653456061 2
38.6416547824314 30.5687750316 2
40.7966312849431 31.8548017644071 2
42.9509484259733 33.1420261288125 2
45.1045559132357 34.4304509036339 2
47.257428390441 35.7200921465642 2
49.4095893710926 37.0109526770036 2
51.561132534744 38.302981959263 2
53.7122303819952 39.5960301599869 2
55.8631227857495 40.889814537473 2
58.0140894880259 42.1839129043344 5
60.1654175434733 43.4777867437098 5
62.3173734269838 44.7708279927232 5
64.4701835381537 46.0624207481606 5
66.6240216561835 47.352006474024 1
68.7790009866122 48.639140272349 1
70.935170197744 49.9235283147226 1
73.0925141961468 51.2050418032573 1
75.2509599497087 52.483708971147 1
77.4103861877911 53.7596913014433 1
79.5706346820137 55.0332519366716 1
81.7315210753472 56.3047232204587 1
83.8928439285895 57.5744779725068 1
86.054391388591 58.8429067197412 1
88.2159449720658 60.1104023407127 1
90.3772809446081 61.3773525096441 1
92.538171149979 62.6441362290929 1
94.6983842997404 63.9111222452095 1
96.8576883809487 65.1786685514245 1
99.015855013147 66.447121997243 1
101.172666667809 67.7168165431974 1
103.327927238668 68.9880686156979 1
105.481475686036 70.2611682477205 1
107.633201574332 71.5363652972685 1
109.783060398631 72.8138513454914 1
111.931086041981 74.0937389632753 3
114.077397767914 75.3760411550872 3
116.222199606083 76.6606555507042 3
118.365770653346 77.9473578469455 0
120.508445853947 79.2358082563395 0
122.650588093209 80.5255734219643 3
78.1322531036014 0.998152603433148 0
80.2743550174061 2.28907474953577 0
82.4168291878898 3.57988388530045 0
84.5598196297974 4.87022716204708 0
86.703394791891 6.15985232896763 0
88.847593677219 7.44858031109945 0
90.9924788088749 8.73626319956103 0
93.1381674504428 10.0227588421138 0
95.2848295446204 11.3079324918848 0
97.4326601306153 12.59167574771 0
99.5818401391182 13.873930940781 0
101.732499634671 15.1547113342889 3
10.5640906497935 16.4341127390638 0
12.7177817171716 17.7123166276769 0
14.8728509830382 18.9895853338566 0
17.0291058285808 20.2662488547696 0
19.1863029869589 21.5426828469443 4
21.3441742329696 22.8192793701579 4
23.5024511040234 24.0964145810521 4
25.6608854040832 25.3744179660464 4
27.8192648589667 26.6535475261948 2
29.9774219111417 27.9339762401145 2
32.1352338325793 29.2157928514607 2
34.2926135529306 30.4990160598025 2
36.4494942128105 31.7836170702379 2
38.6058137897919 33.0695440968061 2
40.7615069814126 34.3567434673439 2
42.9165094268292 35.6451735939359 2
45.0707742828605 36.9348100083125 2
47.2242964519007 38.2256368178368 2
49.3771364556807 39.5176201133337 2
51.5294347071008 40.8106675252005 2
53.6814066441534 42.1045847157999 2
55.8333175153742 43.3990477284454 2
57.9854470741125 44.6936028657675 5
60.1380571130134 45.9876954457499 5
62.2913697459267 47.2807199310951 5
64.4455567953946 48.5720819008853 1
66.6007359551847 49.8612605182341 1
68.7569697147333 51.1478595231688 1
70.9142657659362 52.4316381535376 1
73.07257951978 53.7125190121418 1
75.231819310596 54.9905756725394 1
77.3918536712664 56.2660066890329 1
79.552519546196 57.5391035564859 1
81.7136302156684 58.810218923486 1
83.8749820561893 60.0797390304289 1
86.0363595836902 61.3480623591549 1
88.1975382802955 62.6155862556707 1
90.3582863309852 63.8827004599564 1
92.5183668586492 65.1497837496163 1
94.677541337115 66.4172023678124 1
96.8355748260737 67.6853093369358 1
98.9922437530525 68.9544433605629 1
101.147346671682 70.2249256892678 1
103.300717596339 71.4970534587748 1
105.452240659855 72.7710884148674 1
107.601864074216 74.0472411158921 1
109.749611166127 75.325652472756 1
111.895586635412 76.606375301068 3
114.039976601912 77.889359025753 3
116.183041048802 79.1744418039686 3
118.325097727738 80.4613526860211 3
73.8061970545704 0.931714517251594 0
75.9472937131796 2.22111837837879 0
78.0884085331877 3.51109466160074 0
80.2297987050389 4.80120786876056 0
82.3716392822758 6.0910866479378 0
84.514032311427 7.38044073392937 0
86.6570432309405 8.66904534045705 0
88.8007477599155 9.95670805355345 0
90.9452660142247 11.2432466499754 0
93.0907706861136 12.5284921171677 0
95.2374702390931 13.8123079769965 0
97.3855739999849 15.094613107993 0
99.5352519237694 16.3753997351341 0
101.686601353851 17.654743516291 0
103.839628024293 18.9328062425449 3
12.6736416100325 20.2098320543769 0
14.8296728001388 21.4861366297833 3
16.9868851303857 22.7620885690387 3
19.1450071313467 24.0380835435433 3
21.303756583393 25.3145145617175 4
23.4628623572682 26.5917423332682 5
25.6220824418425 27.8700688293241 5
27.7812164970766 29.1497188652231 5
29.9401105946421 30.4308334167628 2
32.0986524484379 31.7134751057453 2
34.2567585795179 32.9976425379494 2
36.4143578050074 34.2832889938839 2
38.5713780080775 35.5703419244121 2
40.7277435570845 36.8587209219366 2
42.8833869313073 38.1483521358662 2
45.0382717818656 39.4391760761535 2
47.1924198305566 40.731140180235 2
49.3459309460796 42.0241725143366 2
51.4989872047608 43.3181405505417 2
53.6518347527737 44.6128102730964 2
55.8047485465177 45.9078239489364 4
57.9579938939969 47.2027055608791 5
60.1117976556752 48.4968940641921 5
62.2663343121836 49.7897955478361 5
64.4217240062576 51.0808442937197 1
66.5780359948323 52.3695616669716 1
68.7352924889603 53.6556015627745 1
70.8934713484188 54.9387751652054 1
73.0525084616893 56.2190535214828 1
75.2123008327361 57.4965517444427 1
77.3727109052389 58.7715015356384 1
79.5335719080055 60.0442191647064 1
81.6946934948174 61.3150746063161 1
83.8558670325834 62.5844652200531 1
86.0168698358634 63.8527959738758 1
88.1774681193749 65.1204678746231 1
90.3374201475574 66.3878719764139 1
92.4964807411477 67.6553859565592 1
94.6544076778829 68.9233723335979 1
96.8109704810623 70.1921772101438 1
98.9659618685296 71.4621279471853 1
101.119211295741 72.7335281296355 1
103.270599108136 74.0066484294215 1
105.42006915005 75.2817129355024 1
107.567637744559 76.5588823690568 1
109.713397908438 77.838237531029 3
111.857518596328 79.1197659613134 3
114.000238544386 80.4033545534932 3
69.4815527275811 0.87077958539738 0
71.6223944796906 2.15776375036957 0
73.7628045586195 3.4459267489755 0
75.9031032239567 4.73486198201034 0
78.0435596004106 6.02416341151693 0
80.1843737236298 7.31346203354425 0
82.3256810003386 8.60244569014803 0
84.4675797295729 9.89085290930123 0
86.6101691698346 11.1784494535674 0
88.7535804107598 12.4650109713849 0
90.8979891501409 13.7503276402958 0
93.0436089683397 15.0342255295861 0
95.1906654219382 16.3165911240802 0
97.3393581994917 17.5973893073605 0
99.4898236073867 18.8766720971575 0
101.642108166003 20.1545798782051 0
103.796158845424 21.4313371852816 3
105.951829755563 22.707243229205 3
14.7882997020775 23.9826560127264 3
16.9465042149143 25.2579697733316 3
19.1055532812801 26.5335881580923 3
21.2651603530557 27.8098968556692 5
23.425060371067 29.0872375191403 5
25.5850248529566 30.3658866951009 5
27.7448701960321 31.6460435479432 5
29.9044574297109 32.9278274286341 5
32.0636834559787 34.2112834281579 2
34.2224659227182 35.496393039153 2
36.3807270836339 36.7830879713177 2
38.5383844123482 38.0712667232542 2
40.6953546940502 39.360813330633 2
42.8515726360462 40.6516155278995 2
45.0070186184903 41.943575443209 2
47.1617448611434 43.2366027979497 2
49.3158886914898 44.5305883230413 2
51.4696654879572 45.8253620135481 4
53.6233394739559 47.1206554513752 4
55.7771822965387 48.4160845791781 4
57.9314350818658 49.7111598977775 4
60.0862854339022 51.0053230008102 3
62.2418617110012 52.2979994702773 3
64.3982387809759 53.5886581188445 1
66.5554470150622 54.8768658065798 1
68.7134789807586 56.1623273014367 1
70.8722924754884 57.4449042792605 1
73.0318111315478 58.7246133689111 1
75.1919246963865 60.0016076509797 1
77.3524905882394 61.2761482739379 1
79.5133370229556 62.5485729232072 1
81.6742672851501 63.8192661393836 1
83.8350644280236 65.0886343601108 1
85.9954955110104 66.3570878515195 1
88.1553156991134 67.625030432371 1
90.3142737697522 68.8928534713208 1
92.4721197834243 70.160932174336 1
94.6286152161236 71.429623287833 1
96.7835456064607 72.6992627962672 1
98.9367349561039 73.9701618940457 1
101.08806005624 75.242599582385 1
103.237462224652 76.5168109296327 1
105.384954174708 77.7929718110448 1
107.530621276305 79.071183346194 1
109.674618298699 80.3514605086377 3
65.1568622872966 0.815715237802678 3
67.2982249447812 2.09980508078622 3
69.4387126972842 3.38547412957114 0
71.5786470502537 4.67241560513702 0
73.718337618105 5.96028165101138 0
75.8580554601113 7.24871061597575 0
77.9980166446256 8.53735436121976 0
80.138384498091 9.82589575171597 0
82.2792905540564 11.1140482205734 0
84.4208640495051 12.4015414479346 0
86.5632562770477 13.6881104896604 0
88.7066521373062 14.9735030820885 0
90.8512689351747 16.2575029002468 0
92.9973398101467 17.5399570549265 0
95.1450828457304 18.8207963953211 0
97.2946643436922 20.1000444615565 3
99.4461677124343 21.377817335817 3
101.599576811881 22.6543180094748 3
103.754776734891 23.9298268287189 3
105.911569398695 25.2046874348614 3
108.06969831302 26.4792872712414 3
16.908274479072 27.7540337407622 3
19.0682064931644 29.029329593418 5
21.2286120003867 30.3055487205172 5
23.3892403392242 31.5830145351985 5
25.549881758035 32.8619842587791 5
27.7103710365911 34.1426402861326 5
29.8705831906488 35.4250877972592 5
32.030421640991 36.7093569294968 5
34.18980200508 37.9954087182058 2
36.3486380178462 39.2831459280127 2
38.506837531014 40.5724304140958 2
40.6643135120764 41.8631059010858 2
42.8210085048917 43.1550201759922 2
44.9769245389014 44.4480368396158 2
47.1321450997683 45.7420288402444 4
49.2868405507445 47.0368507248644 4
51.4412507204914 48.3322980168918 4
53.5956472437853 49.6280735851163 4
55.7502891928808 50.9237747848645 4
57.9053881174865 52.2189072742413 3
60.0610920378627 53.5129235341648 3
62.2174877210526 54.8052754261111 3
64.3746128601841 56.0954710393712 3
66.5324687210253 57.3831251669024 1
68.6910276903156 58.6679936129096 1
70.850234832036 59.9499868512971 1
73.0100057343226 61.2291640914977 1
75.1702240875439 62.5057126658924 1
77.3307411143568 63.7799194214496 1
79.4913774199467 65.0521401859484 1
81.6519268192899 66.3227714904785 1
83.8121611998641 67.5922270684921 1
85.9718356325701 68.8609214191021 1
88.1306946603484 70.1292600978043 1
90.2884810639843 71.397633310576 1
92.4449474316969 72.6664116313292 1
94.5998703718097 73.935942792678 1
96.7530664036808 75.2065479217417 1
98.9044073223197 76.4785154065277 1
101.053831986459 77.7520909164642 1
103.201351679323 79.0274636456061 1
105.347048183107 80.3047514595518 1
60.8307659766631 0.7659783895567 3
62.9733059138858 2.04711829325567 3
65.1146119837542 3.33002979160156 3
67.2549622308318 4.61451384350005 0
69.3946514947171 5.90031799697924 0
71.5339700772158 7.18715283305173 0
73.6731810534875 8.47470894362317 0
75.8125062888391 9.7626730308481 0
77.9521282432802 11.0507386812314 0
80.09220680978 12.3386071423305 0
82.2329021571068 13.6259800252536 0
84.3743922085979 14.9125555400986 0
86.5168793874102 16.1980399973694 0
88.6605894576274 17.4821733059408 0
90.8057608571252 18.7647592403491 0
92.9526217607942 20.0456892631267 3
95.1013583654711 21.3249534876666 3
97.2520833372481 22.6026401922539 3
99.4048143971652 23.8789285766015 3
101.559469028177 25.1540780865875 3
103.715875217821 26.4284148790158 3
105.873793564253 27.7023146358265 3
108.032944275571 28.9761817408147 1
110.193032143449 30.2504274522121 1
19.0331662021313 31.525448446589 1
21.194283143898 32.801606404912 5
23.3555505206707 34.0792109268875 5
25.5167792673412 35.3585068549107 5
27.6778218821952 36.6396657341221 5
29.8385647172644 37.9227804610131 5
31.9989140604485 39.2078630183894 5
34.1587803795407 40.4948472894694 5
36.3180680104276 41.7836003244965 2
38.4766773778911 43.0739436521904 2
40.6345223151455 44.3656807048992 2
42.7915589649112 45.6586205079152 2
44.9478141282767 46.9525896175993 4
47.1034018178533 48.2474252409699 4
49.2585207259241 49.5429469304335 4
51.4134276990716 50.8389192862405 4
53.568393890407 52.1350227979063 4
55.7236597939191 53.4308443651308 4
57.8794050524636 54.7258932402986 3
60.0357401773206 56.0196403506338 3
62.1927163377699 57.3115698102084 3
64.3503424796464 58.6012330265052 3
66.508599675402 59.8882945805678 3
68.6674475601974 61.1725609929335 1
70.8268230220448 62.4539893482662 1
72.986635145251 63.7326778674761 1
75.146760599922 65.0088439967664 1
77.3070419095923 66.2827963598812 1
79.467289073107 67.5549057120405 1
81.6272838243345 68.8255782127186 1
83.7867853643104 70.0952333833152 1
85.9455372630873 71.3642888565823 1
88.1032768759648 72.6331504395738 1
90.2597480825843 73.9022049492739 1
92.4147171234258 75.1718150248689 1
94.5679904039817 76.4423146710049 1
96.71943173387 77.7140037533909 1
98.8689753606657 78.9871395600947 1
101.016631081925 80.2619246616504 1
56.5021791692401 0.720481252658003 1
58.6463613613426 1.99888645896198 5
60.7890634514391 3.27910044144754 3
62.9305069177352 4.5610207827371 3
65.0709393856627 5.84448438864115 4
67.2106239967376 7.12928349664361 4
69.349824119517 8.41518086111931 0
71.4887853942616 9.70192017105908 0
73.627724889459 10.9892310469584 0
75.7668336822492 12.2768303253552 0
77.9062916194248 13.5644197209484 0
80.0462858018412 14.8516822398017 0
82.1870225465476 16.1382847704709 0
84.3287283907099 17.4238946958963 0
86.4716450515933 18.7082087680227 0
88.6160198612872 19.9909859731339 3
90.7620884009307 21.2720749588095 3
92.9100492215585 22.5514282460561 3
95.0600356132458 23.8291027913906 3
97.2120929068305 25.105251673797 3
99.3661687168828 26.3801117762401 3
101.522118615558 27.6539896629231 3
103.679724445802 28.9272455667885 1
105.838719573328 30.20027503047 1
107.998814163385 31.4734897277439 1
110.159716698377 32.747299041582 1
112.321151594728 34.022092069431 1
21.1622708511528 35.2982209505697 1
23.3240684452194 36.5759863338569 1
25.485774026865 37.8556249284317 5
27.6472552262034 39.13729852914 5
29.8084058190448 40.4210846698585 5
31.9691310381429 41.7069711496408 5
34.129333950642 42.994858708692 5
36.2889101763303 44.2845757251847 5
38.4477563261487 45.575904394129 2
40.6057930668578 46.8686103257144 4
42.7629953481155 48.1624658445618 4
44.9194170629047 49.4572618100091 4
47.0752022011514 50.7528000146999 4
49.2305742483389 52.0488667177172 4
51.3858014950633 53.3452002715423 4
53.5411488200493 54.6414660419662 4
55.6968341071559 55.937248902872 0
57.8530044217109 57.2320698907884 3
60.0097360327654 58.5254254238674 3
62.1670509959987 59.8168373522859 3
64.3249375367809 61.1059039652486 3
66.4833640110896 62.3923409068277 3
68.6422823151124 63.6760043355394 3
70.801623109655 64.9568947210964 1
72.9612882276495 66.2351447721664 1
75.1211449050235 67.5109973522164 1
77.2810240845201 68.7847788683915 1
79.440722795799 70.0568720658156 1
81.6000095337035 71.3276907667571 1
83.7586314996177 72.5976590506508 1
85.9163241786061 73.8671963404849 1
88.0728245997796 75.1367065231 1
90.2278884084614 76.4065696964896 1
92.3813095866623 77.6771358308024 1
94.5329401009032 78.9487189471825 1
96.682705341667 80.2215897716161 1
52.1703100111004 0.677953717702839 1
54.3164354846655 1.95398444673885 5
56.4609204203293 3.23174294825145 5
58.6039441578453 4.51122068011011 5
60.74571050127 5.7923371406274 4
62.8864387406582 7.07495744527929 4
65.0263579391266 8.35891019810298 4
67.1656985696939 9.64400192078426 4
69.3046803235402 10.9300247490337 4
71.4435050999996 12.2167534050383 0
73.5823614075994 13.5039361325838 0
75.7214386817939 14.791285948995 0
77.8609434627938 16.0784770539804 0
80.0011077037328 17.3651517779361 0
82.1421848010253 18.6509422759183 0
84.2844390442098 19.9355036428974 0
86.4281332508974 21.2185500657326 3
88.5735130485698 22.4998855685168 3
90.7207865822018 23.7794219711715 3
92.8701012480454 25.0571817172951 3
95.0215229169047 26.3332894598028 3
97.175024423297 27.607958159289 3
99.3304873324523 28.8814735693326 1
101.487716244054 30.1541782482336 1
103.646461278041 31.4264547890102 1
105.806442694 32.6987087077511 1
107.967372393599 33.9713527529139 1
110.128971359871 35.2447920166009 1
112.29098317082 36.519409034712 1
114.453183420922 37.7955493033177 1
23.2947830460701 39.0735071701844 1
25.4568338667783 40.353511560767 1
27.6186130401929 41.6357116015552 5
29.7800172721855 42.9201641293154 5
31.9409473920163 44.206827468806 5
34.1012983491358 45.4955666974119 5
36.2609595189456 46.7861729207955 5
38.4198293325545 48.078392313191 4
40.5778421180217 49.3719552397407 4
42.7349965316135 50.6665988651327 4
44.8913764841057 51.9620785002145 4
47.0471564138977 53.2581606892418 4
49.2025821770124 54.5546013960534 4
51.3579289723319 55.8511190114119 0
53.5134504119538 57.1473720864428 0
55.6693384862689 58.4429521381328 0
57.8257078290374 59.7373999619868 0
59.9826044385008 61.0302442176923 3
62.1400279148368 62.3210496469177 3
64.2979529805718 63.6094643684902 3
66.4563406786959 64.8952553326045 3
68.6151375907273 66.1783256982428 3
70.7742677349257 67.4587145270803 1
72.9336234439569 68.7365834967038 1
75.0930597782121 70.0121959926839 1
77.2523939828537 71.2858926446279 1
79.411409346531 72.5580659217245 1
81.5698621588814 73.8291359012176 1
83.7274910791229 75.0995300898832 1
85.8840301149434 76.3696677735539 1
88.0392260852846 77.6399476590297 1
90.1928596982689 78.910738361786 1
92.3447675677809 80.1823709748152 1
47.8345601383805 0.637120346398865 1
49.9828339295222 1.91124266155481 1
52.1293638217182 3.18689463957556 5
54.2742884003931 4.4641690716283 5
56.4177846824544 5.74307863473875 5
58.5600459152251 7.02356370560813 5
60.7012687659134 8.30551243968351 4
62.8416495582178 9.58878271063663 4
64.9813824654723 10.8732174214453 4
67.1206544013869 12.1586502458109 4
69.2596426162256 13.4448985707966 4
71.3985219404137 14.7317458012206 4
73.5374801662347 16.0189243425289 0
75.6767336831325 17.3061086515058 0
77.8165339025149 18.5929238147301 0
79.9571597295639 19.8789713216034 0
82.0989015644365 21.1638667319594 3
84.2420440566033 22.4472798468055 3
86.3868484741915 23.7289691639852 3
88.5335344040831 25.0088035280023 3
90.682260759975 26.2867680399013 3
92.8331085898626 27.562956601662 1
94.98607041024 28.8375569513712 1
97.141050090275 30.1108333993235 1
99.2978739588939 31.3831098672174 1
101.456310283228 32.6547536300048 1
103.616092324788 33.9261596261955 1
105.77693945898 35.1977366230326 1
107.938574079038 36.4698953086092 1
110.100734944422 37.7430361355217 1
112.263187030851 39.017536326712 1
114.425727569295 40.2937360275241 1
116.58818782887 41.5719230136847 1
25.4298284676695 42.8523157231747 1
27.5917372901992 44.135045991267 1
29.753208210453 45.4201453185796 5
31.9141357023705 46.70754026293 5
34.0744079130333 47.9970615724348 5
36.2339129205187 49.2884667002456 4
38.392558749664 50.5814686798964 4
40.5503005935978 51.8757641423769 4
42.7071664737636 53.1710552380402 4
44.8632743574661 54.4670609059897 4
47.0188300828967 55.7635136602909 0
49.1740994024804 57.0601441596686 0
51.3293594601467 58.3566589092315 0
53.4848472966901 59.6527189140506 0
55.6407259697487 60.9479312239086 0
57.7970785806373 62.241864278564 0
59.9539255133883 63.5340854821247 0
62.1112504508067 64.8242069700487 3
64.2690203447251 66.1119283474708 3
66.4271919719258 67.3970660618191 3
68.5857066998145 68.6795653903172 3
70.7444799330263 69.9594976696269 3
72.9033919306533 71.2370476820949 3
75.0622836920197 72.5124951206545 1
77.2209583357385 73.7861924108027 1
79.3791868102833 75.0585404605474 1
81.5367167502736 76.329964667288 1
83.693284576941 77.6008944586303 1
85.8486323033482 78.8717459531847 1
88.0025288896764 80.1429079235359 1
43.4944932221258 0.596719647239454 1
45.645018406299 1.86950908739505 1
47.7937816056027 3.14351531472745 5
49.9408466732248 4.41892567479352 5
52.0863474171667 5.69585456819406 5
54.2304597700755 6.97433816052117 5
56.3733726505047 8.25433990434023 5
58.5152682158456 9.5357696845833 4
60.6563156414457 10.8185096052195 4
62.7966732579032 12.1024326152691 4
64.9364909670415 13.3874077824094 4
67.0759137328957 14.6732905463138 4
69.2150924777557 15.9598998510044 4
71.3542020480893 17.2469928373118 4
73.4934579876744 18.5342520071177 4
75.6331226935671 19.821292530045 0
77.7734958412394 21.1076903298775 3
79.9148938427475 22.3930239934165 3
82.0576271658059 23.6769194297604 3
84.2019785387107 24.9590887213684 3
86.3481835872353 26.2393557822203 3
88.4964139932887 27.5176656693713 3
90.6467637424819 28.7940790179371 1
92.7992408321767 30.0687567829791 1
94.9537672850768 31.341941307141 1
97.1101885193868 32.6139377162046 1
99.2682903717277 33.8850971026514 1
101.427820185353 35.1558014372628 1
103.588507216968 36.4264507353176 1
105.750078841184 37.697453273102 1
107.912273263951 38.9692163425566 1
110.074849246791 40.2421357669302 1
112.237592642378 41.5165837156289 1
114.400319542233 42.7928942719125 1
116.562875614072 44.0713462031318 1
118.725131158209 45.3521435436926 1
27.5663707047692 46.6353968194221 1
29.7276884435961 47.9211100108735 5
31.88837118295 49.2091788523079 5
34.048304339128 50.4994031449324 5
36.207382750305 51.7915096246265 4
38.3655330899941 53.0851795120756 4
40.5227393596687 54.3800756436157 4
42.6790659265828 55.6758637981197 0
44.8346689857299 56.972226195528 0
46.9897857317706 58.2688646633034 0
49.1446976694234 59.5654919050448 0
51.2996772983062 60.8618122807131 0
53.4549390471893 62.1574992290844 0
55.6106144622681 63.4521843459919 0
57.7667571248901 64.7454714348165 0
59.9233671882265 66.0369724780479 0
62.0804183634284 67.3263499822665 3
64.237873684011 68.6133541632716 3
66.3956865514141 69.8978461688422 3
68.5537916303614 71.1798063660634 3
70.7120933762631 72.4593315368748 3
72.8704582952569 73.7366247317902 3
75.0287131739478 75.011979520101 3
77.1866486793367 76.285759315169 1
79.3440270390233 77.5583730505527 1
81.5005931300535 78.8302504387477 1
83.656089835604 80.1018201779594 1
39.1499777671589 0.555478956858939 1
41.3026618100019 1.82762247554267 1
43.4537110090318 3.10056474989579 5
45.6030791058472 4.37457614411839 5
47.7508092276008 5.64986403959643 5
49.8970221221766 6.92656515560443 5
52.0418887406379 8.20474067067453 5
54.1855961813417 9.4843798296013 5
56.3283197920867 10.7654163446277 2
58.4702103689261 12.0477545615759 2
60.6113956096658 13.3312927090084 4
62.7519880763498 14.6159301999793 4
64.892095724576 15.9015563512249 4
67.0318373029041 17.1880243449972 4
69.1713641776443 18.4751194891309 4
71.3108799917252 19.7625390314395 4
73.4506481750115 21.0498955051426 4
75.5909818517024 22.3367448782345 3
77.7322200428953 23.6226317222824 3
79.8746999049235 24.9071385775007 3
82.0187297790838 26.1899297814159 3
84.1645664998958 27.4707819419867 3
86.312398227144 28.7495970606201 1
88.4623327459782 30.0263994944644 1
90.6143917452187 31.3013212453241 1
92.7685122678768 32.5745817628653 1
94.924555845755 33.8464674019111 1
97.0823240981431 35.1173131851467 1
99.2415780830774 36.3874873873535 1
101.402057783829 37.6573789181938 1
103.563497711703 38.9273885458192 1
105.725638696055 40.1979220702105 1
107.888237032076 41.4693825686407 1
110.051070940389 42.7421607956513 1
112.213944311197 44.0166229022281 1
114.376687579411 45.2930947857409 1
116.539155386653 46.571842975128 1
118.701220890287 47.8530536911134 1
120.862767648909 49.1368140532632 1
29.7030802741425 50.4231009335098 1
31.8632470885665 51.7117819693854 3
34.0225570370329 53.0026286953634 3
36.1809220016896 54.2953381637281 3
38.3382972161683 55.5895593746353 0
40.4947048552165 56.8849195359876 0
42.6502527020701 58.1810465490116 0
44.805137648384 59.4775875816965 0
46.9596254310236 60.7742198637864 0
49.1140061606222 62.0706478079333 0
51.2685390568021 63.3665846300421 0
53.423409631384 64.6617265153596 0
55.5787166047784 65.9557384513478 0
57.7344876229146 67.2482665857449 0
59.8907084952448 68.5389715475924 0
62.0473477869907 69.8275662015398 0
64.2043666674573 71.1138467626187 3
66.3617145123007 72.3977114508227 3
68.5193173651868 73.6791679977281 3
70.6770672671392 74.9583332694358 3
72.8348170190252 76.2354263572724 3
74.9923810226627 77.5107547142737 3
77.1495410471366 78.7846933255256 3
79.3060559900202 80.0576588673454 1
34.8013749952383 0.512071671683023 1
36.9558586095414 1.78437843006293 5
39.1089976835855 3.05696153980245 5
41.2606403715697 4.33016946017774 5
43.4107123960538 5.60429438994308 5
45.5592278581175 6.8795648637132 5
47.7062839189996 8.15614000433293 5
49.8520377184695 9.43410613766542 5
51.9966713832838 10.7134796876567 2
54.1403574695322 11.994220821437 2
56.2832373722344 13.2762573336524 2
58.4254172714341 14.5595100914459 2
60.5669770975079 15.84390497561 2
62.7079871541116 17.1293621417673 4
64.8485290235188 18.4157678636744 4
66.9887219592061 19.7029383155027 4
69.1287471136863 20.9905918253833 4
71.2688581608439 22.2783460158312 4
73.4093723558574 23.5657434697094 4
75.5506450923408 24.8522985039126 3
77.6930379662458 26.1375510125201 3
79.8368865641623 27.4211158580776 3
81.9824730833654 28.7027190129338 1
84.1300066928058 29.9822154966244 1
86.2796119838825 31.2595894461157 1
88.4313250011215 32.5349407269609 1
90.5850965009127 33.8084640760104 1
92.7408019099164 35.0804266558995 1
94.8982565921528 36.3511478238291 1
97.0572341366967 37.620982498427 1
99.2174849400566 38.8903080406498 1
101.378751477491 40.159515361785 1
103.540779196917 41.4290035866849 1
105.703324787557 42.6991747264357 1
107.866162156878 43.9704267855121 1
110.029086171392 45.243144386914 1
112.19191425081 46.5176858750378 1
114.354485713816 47.794366378831 1
116.51665871863 49.0734373796455 1
118.678305072311 50.35506532481 1
120.839304302387 51.6393138290423 1
122.999539749917 52.9261345262456 1
31.8382992752748 54.2153690963298 3
33.9966922307145 55.5067614124176 3
36.1540574662907 56.7999779957661 3
38.3103901222011 58.094633304961 0
40.4657601131354 59.3903164899506 0
42.6203235515697 60.686617809384 0
44.7743168768124 61.9831540071992 0
46.928027346515 63.2795866857877 0
49.0817430754181 64.5756235145813 0
51.235699987733 65.8709982019035 0
53.3900493629854 67.1654397399994 0
55.5448579927705 68.4586544076339 0
57.700132826562 69.7503355927301 0
59.8558511178943 71.0401931709522 0
62.0119798955809 72.3279859027539 0
64.1684791768777 73.6135478563512 0
66.3252931738353 74.8968058186081 3
68.4823381656894 76.1777891560066 3
70.6394939653733 77.456633041127 3
72.796601524893 78.733573767961 3
74.9534661873196 80.0089346550272 3
30.4495649253686 0.465091492264231 3
32.6052610712188 1.73849049297132 3
34.760016898972 3.01155015265463 5
36.9136172087059 4.28468217285591 5
39.0658921711068 5.55825817147742 5
41.2167394261831 6.83259408182864 5
43.3661390434189 8.10794099867931 5
45.5141549975509 9.38448040565429 5
47.6609192026447 10.6623227305031 2
49.8066001673142 11.9415109249919 2
51.9513657579406 13.2220324575971 2
54.0953535312465 14.503840474192 2
56.2386581810612 15.7868782962151 2
58.3813362074801 17.0710955268708 2
60.5234246735546 18.3564410201511 2
62.6649674874232 19.6428339000477 2
64.8060464821998 20.9301241685216 2
66.9468113493614 22.2180580530827 4
69.0874951482863 23.5062671840454 4
71.2284085115261 24.7942891329414 4
73.3699145232495 26.0816134638517 5
75.5123940070858 27.3677391383436 3
77.656208592889 28.6522298123802 1
79.8016680769989 29.9347566113536 1
81.9490067195223 31.2151221589488 1
84.0983699235871 32.4932649607701 1
86.2498106180596 33.7692480778641 1
88.4032939013287 35.0432383231463 1
90.5587082533889 36.3154822038194 1
92.7158813016859 37.5862834065543 1
94.8745978342742 38.8559842075814 1
97.0346177714979 40.1249511449716 1
99.1956913646339 41.3935651199451 1
101.35756957058 42.6622163200701 1
103.520011352724 43.9313006780163 1
105.682788931184 45.2012153383326 1
107.845691136942 46.4723521713532 1
110.008525095252 47.7450882053862 1
112.171116407471 49.0197719786241 1
114.333307853429 50.2967056194485 1
116.494956733711 51.5761238120865 1
118.655931497452 52.8581727447224 1
120.816109216766 54.1428935443038 1
122.975376721544 55.4302140227502 3
125.133638240668 56.7199499739717 3
33.9702268585287 58.0118162344728 3
36.126327395234 59.3054458993022 0
38.2813849933114 60.6004157304472 0
40.4355244156949 61.8962758774242 0
42.5889507875063 63.1925821828741 0
44.741933839752 64.4889289266321 0
46.8947706520083 65.7849736206209 0
49.0477340885587 67.0804398881491 0
51.2010270311307 68.3750933434084 0
53.3547636678632 69.6687045629633 0
55.5089824233914 70.9610264903095 0
57.6636758858966 72.2518005865651 0
59.8188181606938 73.5407814017841 0
61.9743774537355 74.827764877525 0
64.13031287274 76.1126137523556 0
66.2865629295421 77.3952774829403 0
68.4430344705345 78.6758060096931 0
70.5995968483851 79.954355442017 3
26.095781465699 0.413171373749646 3
28.251989893345 1.68861846655888 3
30.4077000375601 2.96308440156826 3
32.5626833045355 4.2369949916269 5
34.7167228882481 5.51077213316966 5
36.8696357793287 6.78480736865169 5
39.0212946241688 8.05944090335151 5
41.1716448084249 9.33494796571502 5
43.3207112934717 10.6115327644632 2
45.4685903970716 11.8893283838399 2
47.6154254803398 13.1684019438277 2
49.7613719981865 14.4487664981893 2
51.9065633749287 15.7304003828914 2
54.0510898624859 17.0132699578459 2
56.1949953975436 18.2973469659259 2
58.3382929137269 19.5826070288021 2
60.4809932556009 20.8690023633487 2
62.6231402239047 22.1564202872164 2
64.7648460897737 23.4446426070939 2
66.9063135409822 24.7333256600988 2
69.0478352316325 26.0220129837535 5
71.1897713656076 27.3101778943757 5
73.3325140849333 28.5972825953137 5
75.4764468974349 29.8828389953759 1
77.6219069003405 31.1664589380518 1
79.7691560850334 32.4478857940739 1
81.9183646227127 33.7270049404495 1
84.0696059680189 35.0038358975613 1
86.2228618577725 36.278512400529 1
88.3780345626927 37.5512572186647 1
90.5349635625159 38.8223573025105 1
92.6934439414627 40.0921426828271 1
94.8532442353814 41.3609702028534 1
97.0141217336265 42.6292119906211 1
99.1758329179146 43.8972493702888 1
101.338139976659 45.1654701732515 1
103.50081524479 46.4342659874324 1
105.663643982936 47.7040280747874 1
107.826425770511 48.9751409893856 1
109.988974870866 50.2479726545128 1
112.151119846685 51.5228600909006 1
114.312702646406 52.8000909392346 1
116.47357755116 54.0798823646235 1
118.63361080296 55.3623605869136 1
120.792682570103 56.6475448784488 1
122.950693531119 57.9353387110109 3
125.107575642234 59.2255300091221 3
127.26330592017 60.5178010329973 3
36.0973192074409 61.8117476406989 3
38.2509255651951 63.1069070173424 0
40.403705491073 64.4027922954787 0
42.5559080477613 65.6989317253051 0
44.7078244199183 66.99490829279 0
46.8597460072873 68.2903888508628 0
49.011916440765 69.5851258357068 0
51.1644980341283 70.8789267133679 0
53.3175683836901 72.1716093631807 0
55.4711434426464 73.4629739701666 0
57.6252085117736 74.7528048650683 0
59.779739879627 76.0408916172422 0
61.934709389555 77.3270574163106 0
64.0900758386808 78.6111877871516 0
66.2457726450154 79.8932547868619 0
21.7413981585577 0.355321685475051 3
23.8974150422201 1.63359438086458 0
26.0533488594738 2.910343275757 3
28.2089983135938 4.18592855903 3
30.3641470608022 5.46075850622408 4
32.5185807348947 6.7352557669345 4
34.6721074163285 8.00982569515111 5
36.8245788089733 9.28483026950439 5
38.9759081230564 10.560569392141 2
41.1260801476007 11.8372709906993 2
43.2751493160357 13.115089912555 2
45.4232233740655 14.3941144577279 2
47.5704345570793 15.6743794387351 2
49.7169060059104 16.9558852789166 2
51.8627249574693 18.2386198089976 2
54.0079312611875 19.5225756375601 2
56.1525250419972 20.807752748732 2
58.2964932008687 22.0941360160038 2
60.4398461371782 23.381653299755 2
62.5826571363898 24.6701300781265 2
64.7250914533769 25.9592596679994 2
66.8674131815576 27.2486056046324 5
69.0099680383921 28.5376375335132 5
71.15314925576 29.8257891640786 5
73.2973551136715 31.1125231592294 5
75.4429468482699 32.3973889742403 1
77.5902146835122 33.6800634223011 1
79.7393565199264 34.9603693040216 1
81.8904701867477 36.2382732163218 1
84.0435574535415 37.5138680094468 1
86.1985365904137 38.7873472824778 1
88.3552598627228 40.058978411443 1
90.5135326513174 41.3290785628208 1
92.6731316494651 42.5979957509843 1
94.833820432742 43.8660951125016 1
96.9953604907441 45.1337507664282 1
99.1575174364193 46.4013427863802 1
101.320064713171 47.6692555163693 1
103.482785760989 48.937875247284 1
105.645474970818 50.2075863884331 1
107.807937844136 51.4787650449717 1
109.969990865933 52.7517687563646 1
112.131461514948 54.0269218136241 1
114.292188831048 55.3044965421398 1
116.452025062646 56.5846923240731 1
118.610839304241 57.8676152992769 1
120.768524658986 59.1532617447662 3
122.925008775154 60.4415081283614 3
125.080266310975 61.7321103192061 3
127.234330818254 63.0247135546675 0
129.387303297292 64.3188737246057 0
38.2187533835503 65.6140893260951 3
40.3701194559038 66.909842164249 0
42.5210816710417 68.2056433965649 0
44.6719360976921 69.5010785975246 0
46.8229511604383 70.7958383616555 0
48.9743288499225 72.0897156302802 0
51.1261870349671 73.3825662983265 0
53.2785707183236 74.6742556851926 0
55.4314814585283 75.9646247033765 0
57.5849056208532 77.2534891498538 0
59.73882736 78.5406623974755 0
61.8932246787086 79.8259889792381 0
17.3877565748535 0.291366736272157 3
19.5429540552774 1.57281981439366 0
21.698409469981 2.85244409351534 0
23.8539781423045 4.13045448185122 0
26.0094822572737 5.40715969646486 0
28.1647209019865 6.68293658350076 4
30.3194852564618 7.95819690455317 4
32.473577686099 9.23335210261491 4
34.6268322997677 10.5087815452267 2
36.7791333355754 11.7848082789246 2
38.9304272709945 13.0616843540218 2
41.0807251255114 14.3395865974035 2
43.2300927362994 15.6186222862504 2
45.3786292937887 16.8988434592128 2
47.5264383368529 18.180267199348 2
49.6735998150124 19.4628980464924 2
51.8201526539494 20.7467459921532 2
53.9660937371336 22.031831986553 2
56.1113973152849 23.3181710609722 2
58.2560492997222 24.605733010425 2
60.4000876117309 25.894393913711 2
62.5436373647661 27.1838968307336 2
64.6869260333163 28.4738418823725 2
66.8302735919991 29.7637119871831 5
68.974062603684 31.0529259592072 5
71.1186962727588 32.3409047414038 5
73.2645536948577 33.6271358238131 1
75.4119511391434 34.9112235611 1
77.5611154992054 36.1929180524848 1
79.7121723007548 37.4721212460094 1
81.8651472230404 38.7488742586848 1
84.0199778343437 40.0233330308886 1
86.1765313717026 41.2957398678464 1
88.3346245940236 42.5663965123414 1
90.4940426603913 43.8356419337726 1
92.6545551823221 45.1038357519201 1
94.8159280836364 46.3713473264367 1
96.9779301671381 47.6385509857286 1
99.1403363317987 48.9058245392356 1
101.302929209412 50.1735479909003 1
103.465499704816 51.4421015044926 1
105.627846833445 52.7118617679072 1
107.789777450175 53.9831954871376 1
109.951106542563 55.2564488555566 1
112.111658650698 56.5319325933389 1
114.271270918927 57.8099030630036 1
116.429798366052 59.0905411160668 1
118.58712241365 60.3739310256823 1
120.743162450365 61.6600426930986 3
122.897888591579 62.9487207738328 3
125.051332916372 64.2396839856428 3
127.203596351856 65.5325369565284 0
129.354849106905 66.826795423066 0
131.505323377212 68.1219237387809 0
40.334695631684 69.4173820110524 3
42.4844663111675 70.7126781926314 0
44.6343154213768 72.0074163250062 0
46.7844717251426 73.3013248678365 0
48.9350866881182 74.5942458159375 0
51.0862343964937 75.8860839791014 0
53.2379352557891 77.1767440165473 0
55.3901878688095 78.4660933982663 0
57.5429896384134 79.7539657365631 0
13.0360373653935 0.22218013816032 3
15.1899186615429 1.50662799039155 0
17.3442945187983 2.78923928159621 0
19.4990919494561 4.07005348480845 0
21.6541985910673 5.34921805776094 0
23.8094636286438 6.62698341381363 0
25.9647048196394 7.90368395015675 4
28.1197215816426 9.17970842664004 4
30.2743129352333 10.4554645349009 4
32.4282977506879 11.7313432208202 4
34.5815337619415 13.0076882872636 2
36.7339315183352 14.2847756197511 2
38.8854598609513 15.5628043544076 2
41.03614101788 16.8419001342665 2
43.1860353409989 18.1221288421089 2
45.3352182626833 19.4035182301038 2
47.4837550466856 20.6860824043034 2
49.6316812206916 21.9698420156951 2
51.7789950674878 23.2548328830783 2
53.9256678952848 24.5410948658569 2
56.0716718444732 25.828637361423 2
58.2170175916962 27.1173905424219 2
60.3617926288371 28.407158278019 2
62.5061840012782 29.6975946800719 2
64.6504769787805 30.9882163437681 5
66.7950317024348 32.2784463677098 5
68.9402445230166 33.5676780099598 5
71.0865030665799 34.8553431329473 1
73.2341442849053 36.140971737845 1
75.3834228608644 37.4242325712274 1
77.5344940192234 38.7049503037474 1
79.6874110494047 39.9831007877454 1
81.8421348016541 41.2587904538557 1
83.9985507896518 42.5322277290207 1
86.156489380117 43.8036935639827 1
88.3157454153663 45.0735156400372 1
90.4760949812085 46.3420482575306 1
92.6373081647391 47.609658147393 1
94.7991566237007 48.8767167017412 1
96.9614167486373 50.143597539909 1
99.1238708625462 51.4106755271992 1
101.286307427513 52.6783256644565 1
103.448520637309 53.946921310914 1
105.610309903045 55.2168307203944 1
107.771480042145 56.4884104350737 1
109.931842950872 57.7619944975322 1
112.091221358392 59.0378791715711 1
114.249455247174 60.3163036115198 1
116.40641180863 61.5974277198623 1
118.561998408902 62.8813098556959 3
120.716176552533 64.1678881424361 3
122.868973919162 65.4569696412082 3
125.020491297828 66.7482314158325 3
127.170902002598 68.0412361493805 0
129.320442806095 69.3354627093674 0
131.469396562159 70.630349838994 0
133.61806693453 71.9253494178374 0
42.4461448055081 73.2199830408672 3
44.5950801092906 74.5138900772733 0
46.744446697586 75.8068486961503 0
48.8943420092169 77.0987523528617 0
51.0448031564148 78.389546087185 0
53.1958402655999 79.6791564185361 0
8.68716368405246 0.14944825111048 3
10.8393926247281 1.43628806980958 0
12.992240766263 2.72151529683352 0
15.1457035650887 4.00503165658692 0
17.2997445696381 5.28682227698074 0
19.4542869959395 6.56697407152457 0
21.6092107830724 7.84567910347776 0
23.7643560741146 9.12322346042854 0
25.9195336450687 10.3999635252974 4
28.0745414576461 11.676293245955 4
30.2291848595561 12.9526074397401 4
32.3832967197305 14.229266922992 2
34.536753437998 15.5065711359024 2
36.6894833935139 16.784742771212 2
38.841465935648 18.063926452411 2
40.9927208953173 19.3442006432547 2
43.1432906898808 20.6255994213003 2
45.2932191035393 21.9081390398533 2
47.4425326194161 23.1918418513198 2
49.5912299022695 24.4767491968724 2
51.7392842454617 25.762916682463 2
53.8866630507186 27.0503860484717 2
56.0333598441847 28.3391392891203 2
58.1794314222428 29.6290473879264 2
60.3250257669735 30.9198337147772 2
62.4703888681163 32.2110701160999 2
64.6158490628282 33.5022075818808 5
66.7617839516273 34.7926325393865 5
68.9085781175334 36.0817352480217 5
71.0565804769946 37.3689762293723 1
73.2060690204796 38.6539386401931 1
75.3572283449768 39.9363587231979 1
77.5101419994815 41.2161323814132 1
79.664798173666 42.4933016900279 1
81.8211047926658 43.7680287455111 1
83.9789092145803 45.0405648415564 1
86.1380182971803 46.3112212420978 1
88.2982159608826 47.5803450325483 1
90.4592768518559 48.8483011019267 1
92.6209752305323 50.1154605212205 1
94.7830888089847 51.3821956522718 1
96.9453997862397 52.6488787787952 1
99.1076948126695 53.9158812616792 1
101.269764379727 55.183572608448 1
103.431402088893 56.4523189137531 1
105.592404649042 57.7224794238156 1
107.752573485245 58.9943997648312 1
109.911718659548 60.2684008170243 1
112.069665922358 61.5447627709989 1
114.226267682611 62.8237046094758 1
116.381417146416 64.1053606925207 1
118.535063639868 65.3897574977867 3
120.687226120326 66.6767948702298 3
122.838001419679 67.9662367979691 3
124.987564298921 69.2577161110187 0
127.136157944012 70.5507554300469 0
129.284075303132 71.8448039503695 0
131.431632697779 73.1392874081683 0
133.579137655109 74.4336666102793 0
135.726854846097 75.7274958681711 0
44.5543770298715 77.0204657244807 3
46.7030213500124 78.3124102354194 0
48.8522345831108 79.6032669123179 0
4.34173301911021 0.0749895772345674 3
6.49213966626639 1.36352729876007 0
8.64319195348502 2.65074294906066 0
10.7949337576758 3.93649227138481 0
12.9473967465641 5.22065761967904 0
15.1005838289941 6.50318692400466 0
17.2544570467538 7.78411891360856 0
19.4089308362174 9.06359369462756 0
21.5638717735203 10.34184927317 0
23.7191058689636 11.6192048936497 4
25.8744332049697 12.8960332492113 4
28.0296478010033 14.1727254450052 4
30.1845590149901 15.4496541183497 4
32.3390101404262 16.7271408596214 2
34.4928902926177 18.0054337924537 2
36.6461371839285 19.2846995066544 2
38.7987305684719 20.5650305294008 2
40.950678358058 21.8464658291314 2
43.101998912694 23.1290187026825 2
45.2527042026734 24.4127043378785 2
47.402788688852 25.6975583653271 2
49.5522272276211 26.9836392834465 2
51.7009869505767 28.2710088631366 2
53.8490526189222 29.5596916040629 2
55.9964590829749 30.8496240425524 2
58.1433209874935 32.1406081469884 2
60.2898458467959 33.4322901756833 2
62.4363255280749 34.7241742636593 5
64.5831095912778 36.0156662742797 5
66.7305678346611 37.3061369259998 5
68.87904989369 38.5949909513924 1
71.0288489361706 39.881729216377 1
73.1801752039731 41.1659931024914 1
75.333142898286 42.4475852784275 1
77.4877707298509 43.7264671875745 1
79.6439934125995 45.0027388603864 1
81.8016796089022 46.2766091749455 1
83.9606517133642 47.5483642095647 1
86.120703973625 48.8183389866012 1
88.2816170189641 50.0868951017095 1
90.4431680258079 51.3544047679211 1
92.6051359053827 52.6212419348577 1
94.7673026750107 53.887779302388 1
96.9294533731688 55.1543872644723 1
99.0913754188517 56.4214331846353 1
101.252857762097 57.6892807350515 1
103.413690627336 58.9582884253007 1
105.573666896688 60.2288059175936 1
107.732586008304 61.5011668770253 1
109.89026130865 62.7756771295178 1
112.046531465105 64.0525974473444 1
114.201275273064 65.3321216519639 1
116.354428008095 66.6143520785165 1
118.505996385022 67.8992760998012 3
120.656068559911 69.1867487926648 3
122.804815904633 70.4764871819539 3
124.952484627151 71.768080250137 0
127.099377203829 73.0610162765484 0
129.245825134946 74.3547262257743 0
131.392155423817 75.6486396626171 0
133.538654640265 76.9422467408938 0
135.685538090315 78.2351538164112 0
137.832935441976 79.5271134868413 0
