x           y           stackinginfo
138.534430047372 80.7921640304171 1
94.0214529122102 1.26560538791446 1
2.84904369574371 2.55538772488009 1
4.99814884202327 3.84342863031052 1
7.14823678380813 5.12961454405488 1
9.29938395809957 6.41382348789196 1
11.4516456553043 7.69598081342886 1
13.6050303837272 8.97610827215911 1
15.7594811121099 10.2543529551465 1
17.9148662262311 11.5309944493629 1
20.0709820057985 12.8064330792764 1
22.2275664910722 14.0811631744277 1
24.3843222289243 15.355735761812 3
26.5409437989855 16.6307153116978 3
28.6971455812115 17.9066350201621 3
30.8526855672562 19.1839549196486 3
33.007381937952 20.4630273018093 0
35.1611203892889 21.7440748117852 0
37.3138516461902 23.027186743005 0
39.4655793964398 24.3123373361877 0
41.6163396797761 25.5994255318675 0
43.7661757317778 26.8883281021202 0
45.9151184513417 28.1789475989465 0
48.0631880314131 29.4712275183559 0
50.2104222841719 30.7651163726366 0
52.3569125394278 32.0605014661133 0
54.5028335588175 33.3571458819278 0
56.6484565346976 34.6546432416871 0
58.7941365345491 35.9524086356063 4
60.940281732205 37.249709772111 4
63.0873163388517 38.5457307063944 4
65.235642920273 39.8396563638615 2
67.3856051328795 41.1307632059961 2
69.5374541351169 42.418498255024 2
71.6913259618851 43.7025292216714 2
73.8472363728532 44.9827561535718 2
76.0050936989387 46.259287434184 2
78.164723817779 47.5323931742263 2
80.3258987837858 48.8024520244272 2
82.4883620247598 50.0699038369411 2
84.6518464754028 51.3352143267168 2
86.8160855836014 52.5988524413514 2
88.9808181129105 53.8612787658231 2
91.1457881988423 55.1229424643271 2
93.3107428018178 56.3842831153257 2
95.4754280395858 57.645734833584 2
97.6395853304026 58.907731308232 2
99.8029481836428 60.170710729675 2
101.965240696012 61.4351193739108 2
104.126179420909 62.7014116932144 2
106.285481085479 63.9700434249669 2
108.44287796836 65.2414549477769 2
110.598141636855 66.5160427846284 2
112.751113724273 67.7941184514954 2
114.901739163987 69.0758581289983 2
117.05009381061 70.3612529267746 5
119.196396857485 71.6500742084749 5
121.341000904344 72.9418682325425 5
123.484358743413 74.2359873976197 1
125.626972935849 75.5316547009169 1
127.76933833462 76.8280495678694 1
129.911887961413 78.1243997557138 1
132.054951869268 79.4200625557884 1
134.198738959312 80.7145759812492 1
89.6830489730246 1.18965035769541 1
91.8285153733728 2.48116872224907 1
93.974852896609 3.77104772224588 1
96.1221052291431 5.05921803773258 1
4.94975910701067 6.34557760572843 1
7.09913392232443 7.63000730497782 1
9.24973900365843 8.91242053248732 1
11.4016445740912 10.1928137325127 1
13.554853091943 11.4712988393938 1
15.7092842440258 12.7481148699499 1
17.864773537821 14.0236223644869 1
20.0210838395364 15.2982838806085 1
22.1779270144593 16.5726331724788 3
24.3349912634172 17.8472361692139 3
26.4919693870245 19.122647494883 3
28.6485839085887 20.3993665991476 3
30.8046061402271 21.6777980254742 0
32.959867945708 22.9582213611632 0
35.1142654437681 24.2407780469718 0
37.2677536878435 25.5254808437564 0
39.4203314643737 26.8122462727792 0
41.5720179855097 28.1009430870128 0
43.7228303391027 29.391442453533 0
45.8727778191744 30.6836487519916 0
48.0218836866379 31.9774914397321 0
50.1702213639161 33.2728799692431 0
52.3179448993837 34.5696462184854 0
54.4653025028964 35.8674903743224 0
56.6126235656482 37.165946245364 0
58.7602846302799 38.4643819920053 4
60.908671308407 39.7620375917996 4
63.0581470898157 41.0580927294912 4
65.2090283821347 42.3517536957968 2
67.3615614378018 43.6423431271248 2
69.5159019214184 44.929373221163 2
71.6721032020881 46.2125858225967 2
73.8301185516398 47.4919529635996 2
75.9898166639706 48.7676443508525 2
78.1510047251674 50.0399767617912 2
80.3134517814695 51.3093610954465 2
82.4769075550458 52.5762576862514 2
84.6411152394669 53.8411441465822 2
86.8058184585762 55.1044957212096 2
88.9707631860603 56.3667763767751 2
91.1356962895397 57.6284375269342 2
93.3003625165942 58.8899205856228 2
95.4645010343848 60.1516613596045 2
97.6278423799285 61.4140950759558 2
99.7901067766267 62.6776609457502 2
101.951005144486 63.9428047226667 2
104.110245333591 65.2099762366491 2
106.26754569269 66.4796186932072 2
108.42265678412 67.7521474489179 2
110.575390717032 69.0279165611419 2
112.725654676362 70.3071741944313 2
114.873481819288 71.5900129598218 2
117.019050541341 72.876327177279 5
119.162683854096 74.1657915075441 5
121.304824952748 75.4578718763207 5
123.445991444842 76.7518711444117 1
125.586716307037 78.0470028762645 1
127.727486527899 79.3424806334111 1
129.868691204448 80.6376066791127 1
85.3502905432389 1.11382833482236 1
87.493020252191 2.40680955893859 1
89.6366236018878 3.69833245431985 1
91.7811100838989 4.98827928033286 1
93.9265114438043 6.27655532703059 1
96.0729172593319 7.56304883275792 1
98.2204717298235 8.84763404514881 1
7.04873718071402 10.1302110105967 1
9.19905351504742 11.4107546917054 1
11.3508887842496 12.6893492090333 1
13.5042206744394 13.9662012172234 1
15.6589286886693 15.2416371705496 1
17.8148040215874 16.5160888442265 1
19.9715711591034 17.7900687615867 1
22.1289158028159 19.0641369494367 3
24.2865139261593 20.338861338336 3
26.4440577925923 21.6147749343913 3
28.6012764252084 22.892333701696 3
30.7579506527025 24.1718801765289 0
32.9139225802997 25.4536207942806 0
35.0690978044555 26.7376246965335 0
37.2234371794821 28.0238462913133 0
39.3769364567275 29.3121656313858 0
41.5296000257564 30.6024346708195 0
43.6814255117076 31.8945145884136 0
45.8324154550076 33.1882892657898 0
47.982612752171 34.4836485814055 0
50.1321387001393 35.7804497228537 0
52.2812140090209 37.0784696440383 0
54.4301499285907 38.3773558977209 0
56.5793099964736 39.6765977144514 0
58.7290621904689 40.9755319843507 4
60.8797423833229 42.2733852418651 4
63.0316349853905 43.569345378173 2
65.1849631696294 44.862650249131 2
67.3398799749221 46.1526749985884 2
69.4964592147055 47.4389981064433 2
71.6546913114841 48.7214314337457 2
73.8144885368241 50.0000112718355 2
75.9756990932018 51.2749597122628 2
78.1381251991853 52.5466322023644 2
80.3015403527648 53.8154657950032 2
82.465702896117 55.0819371100956 2
84.6303647661429 56.3465332001267 2
86.7952755528843 57.6097346602292 2
88.9601826877027 58.8720089963559 2
91.1248294501238 60.1338105490941 2
93.2889522139386 61.3955835177287 2
95.4522778775452 62.6577664654776 2
97.6145224120778 63.9207971408846 2
99.7753917137083 65.1851163447477 2
101.934586903202 66.4511685326175 2
104.091816510344 67.719395761098 2
106.246816365958 68.9902223847896 2
108.399376936608 70.2640283027106 2
110.54937560464 71.5411103442796 2
112.696808298199 72.8216356868991 2
114.841812473013 74.1055965622592 5
116.98467336666 75.3927794750504 5
119.125808173147 76.682761420537 5
121.265727857862 77.9749390146969 1
123.404981960539 79.2685880522565 1
125.544096015524 80.5629442939308 1
81.0232128317749 1.0392799717762 1
83.1632543843592 2.3330266795767 1
85.3041066036974 3.62574738204817 1
87.4458461259686 4.91717212565244 1
89.5884913087281 6.2071310145406 1
91.7320636711347 7.49548928654218 1
93.8766402183784 8.78210499251425 1
96.0223723107841 10.066828021074 1
98.169462008526 11.3495347146969 1
100.318109796221 12.6301745334117 1
9.14785693043218 13.9088047771437 1
11.2999514640432 15.1856042434485 1
13.4537236076903 16.4608705053897 1
15.6089987232088 17.7350074127947 1
17.7655181372462 19.0085048976169 1
19.9229689962818 20.281911069272 3
22.0810152285466 21.5557977714405 3
24.2393247385667 22.8307219055206 3
26.3975905273508 24.1071843523715 3
28.5555475398332 25.3855904483696 0
30.7129861946804 26.6662198444345 0
32.8697613496779 27.9492146683885 0
35.0257923659964 29.2345904501406 0
37.1810489406733 30.5222655417588 0
39.3355238795166 31.8120983504975 0
41.4892071663226 33.1039217939494 0
43.6420828145692 34.3975672595502 0
45.7941571526197 35.6928731032704 0
47.9455035642525 36.9896747725788 0
50.0962975621014 38.287776648198 0
52.2468216212938 39.5869080897278 0
54.3974313935477 40.8866753850316 0
56.5484980011713 42.1865357520001 4
58.7003555445879 43.4858072425415 4
60.8532730100695 44.7837149068619 4
63.0074494886502 46.0794657009834 2
65.1630192007837 47.3723373867546 2
67.3200547265134 48.6617618138428 2
69.4785662266162 49.9473830665382 2
71.6385011718816 51.2290782116402 2
73.7997488710575 52.5069407501206 2
75.9621500989384 53.7812379258734 2
78.1255093983922 55.0523575882076 2
80.2896070595484 56.3207581044532 2
82.4542085009146 57.5869291253312 2
84.6190701215132 58.8513653420317 2
86.7839415799429 60.1145521625927 2
88.9485652819303 61.3769609742713 2
91.1126746331571 62.6390498460779 2
93.2759922440082 63.901266799256 2
95.4382290725592 65.1640542062894 2
97.5990856647333 66.4278530971348 2
99.7582571635187 67.6931056239602 2
101.915444631461 68.9602524755884 2
104.070373674152 70.2297223095946 2
106.22281990297 71.5019107243413 2
108.372639114326 72.7771472157169 2
110.519797623578 74.0556522219822 2
112.664396191769 75.337491927141 2
114.80668041034 76.622543072793 5
116.947031927441 77.9104801943214 5
119.085938420776 79.2007929698066 1
121.223945103631 80.4928333724071 1
76.7012947623317 0.967874122554852 1
78.8390713037285 2.2612367048227 1
80.9773494082101 3.55429870176258 1
83.11637544516 4.84659101238363 1
85.2562771688426 6.13779097900633 1
87.3971041793792 7.4276790222023 1
89.5388847413045 8.71607675176918 1
91.6816837338463 10.0028021973771 1
93.8256418334556 11.2876658272011 1
95.9709749264701 12.5705055228433 1
98.1179304684136 13.8512349902573 1
100.266721434137 15.129879769358 1
102.417467407686 16.4065904325353 1
11.2495614426234 17.681638026534 1
13.4040753947063 18.9554006843755 1
15.5601727029773 20.2283453986044 5
17.7175471337137 21.5010043852917 5
19.8758555099394 22.7739453920328 5
22.0347472780611 24.0477377282238 3
24.19388656643 25.3229160090065 4
26.3529697300735 26.5999415256602 4
28.511740788921 27.8791679898181 4
30.6700048940706 29.1608209768765 0
32.827636061952 30.4449971061407 0
34.9845717752328 31.7316808668718 0
37.1407899404301 33.0207697359139 0
39.2962763999264 34.3120989686637 0
41.4510050494652 35.6054640989525 0
43.6049505775877 36.9006426535392 0
45.7581320297815 38.1974118043799 0
47.9106616627205 39.4955506949408 0
50.0627696376356 40.7948179550135 0
52.2147876470884 42.0949048584895 0
54.3670931290033 43.3953867660273 0
56.5200409131523 44.6956995627977 4
58.673914224211 45.9951533001439 4
60.8289088682697 47.2929819849116 4
62.9851427891417 48.588420535496 2
65.1426734967269 49.8807925593713 2
67.3015103037057 51.1695886218714 2
69.4616185116303 52.4545165693957 2
71.6229196072887 53.735514143855 2
73.7852924496104 55.0127263046756 2
75.9485775948086 56.2864596169733 2
78.1125842405745 57.5571292054574 2
80.2770978189882 58.8252107987495 2
82.4418863744308 60.0912044384573 2
84.6067046829869 61.3556110757312 2
86.7712957628126 62.6189206763843 2
88.9353905287419 63.8816089991114 2
91.098707030017 65.1441387533932 2
93.2609504763196 66.4069628199407 2
95.4218152228423 67.6705282149387 2
97.5809901102315 68.9352793500031 2
99.7381695321935 70.2016578115328 2
101.89307151658 71.4700954609147 2
104.045461915327 72.7409982048497 2
106.195182413681 74.0147180555942 2
108.342178263724 75.2915139694316 2
110.486520536861 76.5715075737298 2
112.628417656039 77.8546456124766 5
114.768211600736 79.1406823503817 5
116.90635561198 80.4291902137913 5
72.3830730656879 0.901587001120225 1
74.5195067196732 2.19324292836613 1
76.6558583335494 3.48548345573992 1
78.7925435825804 4.77770699413426 1
80.9298637787045 6.06942565693423 1
83.0680055017695 7.360279971998 1
85.2070687503705 8.65000806429429 1
87.3471127603385 9.93838999427816 1
89.488207116583 11.2252025553546 1
91.6304790461854 12.5102108649783 1
93.7741364170129 13.7932033448466 1
95.9194467349935 15.0740458179609 1
98.0666759157997 16.3527229713092 1
100.216015552805 17.6293526879921 1
102.367530935327 18.9041787362914 1
104.521145556696 20.1775541947203 5
13.3560563362822 21.4499226056877 5
15.5131741440363 22.7217969026795 5
17.671553176199 23.9937341213963 5
19.8308304399989 25.2663059408124 5
21.990648417681 26.5400674382814 4
24.1506731242356 27.8155236624503 4
26.3106098972588 29.0930955438995 4
28.4702187187994 30.3730938550475 4
30.6293271852315 31.6557082746277 4
32.7878339734501 32.941011559132 4
34.9456943213883 34.2289714261222 0
37.1028880297074 35.5194624580901 0
39.2593869554946 36.8122787232245 0
41.4151475805469 38.1071550317414 0
43.5701416854115 39.4037997878051 0
45.7244108568971 40.7019269885206 0
47.8781111995611 42.0012666626784 0
50.0315214021542 43.3015410989766 0
52.1850050062111 44.6024127653703 3
54.3389394775149 45.9034354079091 3
56.4936459539311 47.2040331905863 4
58.6493490835537 48.5035176818638 4
60.8061743009021 49.8011403740157 2
62.9641695388665 51.0961706811217 2
65.1233317956124 52.3879818199954 2
67.2836249160916 53.6761239014118 2
69.4449856077541 54.9603667827446 2
71.6073218473139 56.2407052133576 2
73.7705095247628 57.5173309268028 2
75.9343914376112 58.790584893237 2
78.0987796766556 60.0609050302239 2
80.2634601055816 61.3287808816728 2
82.4281970503079 62.5947205354645 2
84.5927367514208 63.8592301087683 2
86.7568089646851 65.1228041293409 2
88.9201275642354 66.3859233927779 2
91.0823916417653 67.6490561947602 2
93.2432884397546 68.9126611148174 2
95.4024994747676 70.1771900635718 2
97.5597119483415 71.4430893197542 2
99.7146370698428 72.7107952774134 2
101.867033942638 73.9807221424262 2
104.016736018801 75.2532386470732 2
106.163675796966 76.5286327629342 2
108.307903403885 77.8070688691711 2
110.449596043089 79.0885486602852 2
112.589056212655 80.372890114568 5
68.0663954422952 0.841722806090097 5
70.2027052670404 2.13056948863188 1
72.3382076659106 3.42083118905555 1
74.4734061100145 4.71189757281159 1
76.6087387403142 6.00319771845198 1
78.7445485127948 7.29424780829731 1
80.8810768288544 8.58466919609604 1
83.0184825131706 9.87416783431229 1
85.1568758230942 11.1624868140106 1
87.296355908301 12.4493638774936 1
89.4370516090613 13.7345197655114 1
91.5791563967458 15.017690185812 1
93.7229331430236 16.2986848165642 1
95.8686730290863 17.5774377927594 1
98.0166229206945 18.8540271830538 5
100.166916770057 20.1286662957557 5
102.319540537387 21.4016824851291 5
104.474337017557 22.6734951585793 5
106.63103793614 23.9445951996077 5
15.4687041396753 25.2155231035017 5
17.628169883142 26.486844069524 5
19.7884615905948 27.7591215235114 2
21.9492231888662 29.0328894283323 4
24.1101301528334 30.3086229304914 4
26.2709047283702 31.5867109099916 4
28.4313311288214 32.8674379162838 4
30.5912656315558 34.1509772532691 4
32.7506320243281 35.4373901685964 4
34.9093965763652 36.7266245069698 4
37.0675310832267 38.0185138105408 0
39.2249877085834 39.3127880812901 0
41.3817087930499 40.6091066800542 0
43.5376732741748 41.9071076225373 0
45.6929538684151 43.2064498085657 0
47.8477502067901 44.5068246491397 3
50.0023784236989 45.8079268367623 3
52.1572159729706 47.1093982872973 3
54.3126234636227 48.4107796335012 3
56.4688788102296 49.7114918060576 3
58.6261482548563 51.0108556679726 5
60.7844955564745 52.3081466005143 5
62.9439128697097 53.6026732401066 2
65.1043529653745 54.893861429143 2
67.2657499837166 56.1813217755572 2
69.4280250420591 57.4648850200065 2
71.591080952796 58.7446001069178 2
73.7547936601624 60.0207014701652 2
75.9190065555508 61.2935597769686 2
78.0835296956052 62.5636312446529 2
80.2481427167741 63.8314156978969 2
82.412599109266 65.0974270925629 2
84.576629902385 66.3621759356024 2
86.7399460889032 67.626161646209 2
88.9022409668893 68.8898709025092 2
91.0631941093436 70.1537784139489 2
93.222478481659 71.4183487523668 2
95.3797726190886 72.6840374802379 2
97.5347798531733 73.9512884440992 2
99.6872530593165 75.2205244615534 2
101.837020857023 76.4921282490347 2
103.984009875488 77.7664112047851 2
106.128258588361 79.0435725266046 2
108.269921676349 80.3236589709418 2
63.7489658467633 0.788529227363293 5
65.8863610843093 2.07390447893814 5
68.0222541502602 3.36133217450404 5
70.1571351759236 4.65028573867665 1
72.2914921639126 5.94021147551326 1
74.4257680433746 7.23058181305062 1
76.560330778453 8.52093453039982 1
78.695464806517 9.81088829140354 1
80.8313847415389 11.1001279131782 1
82.9682605863072 12.3883654208111 1
85.1062420020435 13.6753023650788 1
87.2454839761076 14.9606183577531 1
89.3861779883337 16.2439989330528 1
91.5285727399321 17.525195676409 1
93.6729588648778 18.8040856395677 5
95.8196118736718 20.0806997151552 5
97.9687190446058 21.355215979029 5
100.120327035919 22.6279344053881 5
102.274330028192 23.8992498341944 5
104.430493502769 25.1696294439168 5
106.588495692552 26.4395927853639 2
108.747969779565 27.7096910018505 2
17.5879348246906 28.9804850687464 2
19.7492235321875 30.2525235064324 2
21.9108888063966 31.5263190894584 2
24.0726240245167 32.8023245027007 2
26.234176561714 34.0809109801258 4
28.395361272911 35.3623532993685 4
30.5560644094538 36.6468182754564 4
32.7162289484193 37.9343516115707 4
34.8758215423352 39.2248635232681 4
37.0347974772728 40.5181243589481 0
39.193089214356 41.8137857238399 0
41.3506337135088 43.1114307545634 0
43.5074278972409 44.4106360981091 3
45.6635801637556 45.7110173362905 3
47.81932871603 47.0122369867854 3
49.9750145044559 48.3139693518457 3
52.1310143166248 49.6158428845674 3
54.2876615282364 50.9173925666426 3
56.4451881696356 52.2180430906546 5
58.6037073606862 53.517130543339 5
60.7632321730102 54.8139592774623 5
62.9237125902165 56.1078817680777 2
65.0850718670814 57.3983798582279 2
67.2472279710424 58.6851263337174 2
69.4100961259323 59.9680125525966 2
71.5735782309966 61.2471391893133 2
73.7375492730558 62.5227789489779 2
75.9018483507862 63.7953268390329 2
78.0662765784633 65.065252412985 2
80.2306000419469 66.3330621939676 2
82.3945547291204 67.5992741673609 2
84.5578511105738 68.8644029755825 2
86.7201780419421 70.1289536514454 2
88.8812077486895 71.3934196404654 2
91.0406038778051 72.6582824455924 2
93.1980345435418 73.9240116231423 2
95.3531927618473 75.1910623836567 2
97.5058230804474 76.4598681300452 2
99.6557492649152 77.7308249492659 2
101.802895939882 79.0042646698574 2
103.947298145862 80.280416754588 2
59.4287977959407 0.741355857431302 2
61.568236719643 2.02302093759571 5
63.70564162233 3.30714694328447 5
65.8414119195706 4.59334374459371 5
67.9759942928768 5.88113759362697 1
70.1098469696271 7.1700284455546 1
72.2434015009699 8.45953655311233 1
74.3770342533795 9.74923204850965 1
76.5110576304156 11.0387438630061 1
78.6457312921075 12.3277459467228 1
80.781282252973 13.6159254348265 1
82.9179203066919 14.9029507970886 1
85.0558483090823 16.18846331901 1
87.1952789156155 17.4721028903696 1
89.3364558077976 18.7535659682191 5
91.4796572443313 20.032670738335 5
93.625162268922 21.309395596408 5
95.7731874534871 22.5838783144641 5
97.923826831546 23.8563890509229 5
100.077024378944 25.1272978338955 5
102.232585198297 26.3970479638187 2
104.39021192244 27.6661357821564 2
106.549547956865 28.9350929149265 2
108.710213942003 30.2044688659188 2
110.87183268334 31.4748138980466 2
19.7134442243075 32.7466613781988 2
21.8759250569599 34.0205089786964 2
24.0383926525081 35.2967983378397 2
26.2006254899327 36.5758958669294 2
28.3624707850271 37.8580738385918 4
30.5238400315393 39.1434881240921 4
32.6846853904352 40.4321525053992 4
34.8449641437236 41.7239189528446 4
37.0046122160817 43.0184807562079 4
39.1635487696809 44.3154101550358 3
41.3217166669891 45.6142233131879 3
43.4791390478586 46.9144480103436 3
45.6359604264533 48.2156673369951 3
47.7924507241967 49.5175223614409 3
49.948964955609 50.8196728664634 3
52.1058696722902 52.1217398663593 3
54.2634663963703 53.4232587788487 3
56.4219431060794 54.7236634785671 5
58.581366931108 56.0223102271671 5
60.7417101769609 57.3185379000529 5
62.9028931674037 58.6117481582859 5
65.0648229366944 59.901483324068 2
67.2274123002149 61.1874811487715 2
69.3905766408411 62.4696935881755 2
71.5542172317709 63.7482696386724 2
73.7182036775134 65.023514333521 2
75.8823637648932 66.2958404331714 2
78.046482143546 67.5657254384224 2
80.2103047308841 68.8336793624491 2
82.3735450045387 70.1002231872534 2
84.5358899055317 71.3658762392572 2
86.6970059033775 72.6311502449714 2
88.8565476992236 73.8965460197739 2
91.0141718679266 75.1625511187366 2
93.1695582498439 76.4296364014844 2
95.3224389190997 77.6982490348381 2
97.4726290068004 78.9687995165658 2
99.6200503931893 80.2416389112409 2
55.1044387348818 0.699012841748479 2
57.2465358381354 1.9770675650385 2
59.3862662676712 3.257749709708 2
61.5239234642289 4.5408499987457 5
63.6598584796258 5.82602312519438 5
65.7944667668631 7.11284176017369 3
67.9281644259924 8.40085361913452 1
70.0613570933805 9.68962529600356 1
72.1944141065819 10.9787637734835 1
74.3276602398687 12.2679165929386 1
76.4613859724308 13.5567549744716 1
78.5958651920497 14.8449464640974 1
80.7313659856877 16.1321295916531 1
82.8681501977576 17.4179092926033 1
85.0064734719831 18.7018835257694 1
87.1465950175174 19.9836986020728 5
89.2887862997774 21.2631160227407 5
91.4333169579983 22.5400594914745 5
93.5804101516947 23.8146222981861 5
95.7301870038606 25.0870419195847 5
97.8826304009879 26.3576631798966 2
100.037583728935 27.6269063795298 2
102.194778732345 28.8952446586957 2
104.353876079258 30.1631874685715 2
106.514503613486 31.431266548457 2
108.676284147294 32.700023385534 2
110.838853660134 33.9699967280449 2
113.001873958541 35.2417093016154 2
21.8444428890497 36.5156519320853 2
24.0075130571359 37.7922643403812 2
26.1702940423278 39.0719129213066 2
28.3326615961906 40.354863064855 2
30.4945436255007 41.6412455593272 4
32.6558916142664 42.9310240711902 4
34.816648575907 44.2239792556158 4
36.9767347712903 45.5197256049406 4
39.136066376703 46.8177643834026 3
41.2946026002241 48.1175571539536 3
43.452397619289 49.4185940225379 3
45.6096304703757 50.7204337029018 3
47.7665968273814 52.0227012039196 3
49.9236585027797 53.3250468035499 3
52.0811665749336 54.6270892280289 1
54.2393897295879 55.9283691176589 1
56.3984753064079 57.2283340361229 5
58.5584503812455 58.5263661979163 5
60.7192557079014 59.82184570623 5
62.8807938881619 61.1142303086162 5
65.0429674753047 62.4031288196826 5
67.2056921075778 63.6883470761364 2
69.368885388105 64.9698960666 2
71.532444443405 66.2479670266808 2
73.6962265868155 67.5228890238497 2
75.8600406436527 68.7950849849912 2
78.0236483027368 70.0650354374422 2
80.1867708313887 71.3332520153358 2
82.3490969589484 72.6002591012719 2
84.5102904001287 73.8665821908247 2
86.6699989269612 75.1327407986068 2
88.8278680388049 76.3992427595931 2
90.9835624802365 77.6665784068542 2
93.1367970505725 78.9352124871208 2
95.287371393461 80.2055722378097 2
50.7748978339861 0.660016547033392 2
52.920013933503 1.93485237872945 2
55.0625638644644 3.21222681643167 2
57.2027701020183 4.49214019390251 4
59.3409046577975 5.77442648723944 4
61.4772760708335 7.05878207335241 3
63.6122254026298 8.34482126985398 3
65.7461166847878 9.63213479251744 3
67.8793166433199 10.920331632725 3
70.0121732160167 12.2090556768182 1
72.1450084001829 13.4979772616618 1
74.2781283937319 14.7867704334505 1
76.4118405055119 16.0750870190824 1
78.5464619525381 17.3625378544689 1
80.6823135291995 18.6486930119349 1
82.8197064121847 19.9331105626459 5
84.9589360526695 21.215390996788 5
87.1002839473584 22.4952432466231 5
89.2440126283161 23.772536971939 5
91.3903392251537 25.0473184213653 5
93.5393929819446 26.3197895174978 2
95.6911797763475 27.5902690200861 2
97.8455730107394 28.859155432573 2
100.00233259699 30.1269003176393 2
102.161140170911 31.3939909780572 2
104.321636305705 32.6609383747236 2
106.483449796651 33.9282679959616 2
108.64621724348 35.1965118963448 2
110.809595847616 36.4662001558171 2
112.973273399202 37.7378504735055 2
115.136978799069 39.0119527181835 2
23.9798914241522 40.2889474493384 2
26.1430544749876 41.569197061663 2
28.3057629355545 42.8529485401539 2
30.4679517217015 44.1402923401153 2
32.6295654989861 45.4311300988692 4
34.7905342074268 46.7251683479635 4
36.9507709572562 48.021949333981 4
39.1102001914518 49.3209145284039 3
41.2688057386973 50.6214817231115 3
43.4266756024898 51.9231116939411 3
45.5840219915152 53.2253442982666 3
47.7411624542744 54.5277927579788 1
49.8984612278082 55.830102432598 1
52.0562511690422 57.1318943195434 1
54.2147682608996 58.4327184581408 1
56.3741214983227 59.7320414370467 1
58.534303157662 61.0292788070552 5
60.695231861945 62.3238605365769 5
62.8568039247277 63.6153093358825 5
65.0189269549997 64.9033069881896 5
67.1815235140018 66.1877283698943 5
69.3445112589033 67.4686378467477 2
71.5077766342844 68.7462589434491 2
73.6711569332055 70.0209346236574 2
75.8344356631704 71.2930909987897 2
77.9973477181584 72.5632089037749 2
80.1595884913969 73.8318022034958 2
82.3208231939747 75.0994008618976 2
84.4806964176635 76.366538548876 2
86.6388452336745 77.6337428487502 2
88.7949196922905 78.9015258687626 2
90.9486139608944 80.1703735658832 2
46.4394037902442 0.622721471658432 2
48.5877839710486 1.89498405972133 2
50.733481125626 3.16945957285971 2
52.8766431497113 4.44634172606372 2
55.017498996294 5.72567376995783 4
57.1563148105856 7.00733464497962 4
59.2933696387378 8.29106240816484 4
61.428953957175 9.57651006890879 3
63.5633739170286 10.8633073852497 3
65.6969459414096 12.1511025727807 3
67.8299831048998 13.4395746431141 3
69.9627899918621 14.7284183491149 3
72.0956734940552 16.0173142285613 1
74.2289598808495 17.3059012889149 1
76.3630030495605 18.5937634962916 1
78.4981752711175 19.8804365931629 1
80.6348454384376 21.1654395065335 5
82.7733585357711 22.4483291618596 5
84.9140244867028 23.7287656719166 5
87.0571114223461 25.0065668276577 5
89.2028304373014 26.2817308899722 2
91.3513079654974 27.5544217404275 2
93.5025583269113 28.8249306456061 2
95.6564733724686 30.0936351248281 2
97.8128353801118 31.360967464016 2
99.9713464384751 32.6273948042335 2
102.131662577439 33.8934072755347 2
104.293422805048 35.1595108639399 2
106.456269213174 36.4262228580655 2
108.619859956999 37.6940673164122 2
110.783878045434 38.9635692587373 2
112.9480394472 40.2352449546174 2
115.112102152568 41.5095846085845 2
117.275874567155 42.7870262114825 2
26.1186172496084 44.0679191935914 2
28.2814415939815 45.352479890454 2
30.4436811911441 46.6407479008519 2
32.6052730144294 47.9325589279908 4
34.7661403153776 49.2275494329426 5
36.9262000544671 50.5251984199081 5
39.0853955775205 51.8248972443868 3
41.2437419372478 53.126027923975 3
43.4013636644931 54.4280276566236 1
45.5585060247418 55.73042141901 1
47.7155060491622 57.0328147568646 1
49.8727271221774 58.334852692068 1
52.0304813080213 59.6361629638074 1
54.1889708868963 60.9363099157984 1
56.3482676523341 62.234786583072 1
58.5083349708941 63.5310515101046 1
60.6690793842775 64.824595500252 5
62.8304014293332 66.1150157300997 5
64.9922200176362 67.4020706936467 5
67.1544642215836 68.6856995483821 5
69.317045840325 69.9660085435687 5
71.479832788557 71.2432404887969 2
73.6426359862856 72.5177428575385 2
75.8052104174427 73.7899414125212 2
77.9672641070089 75.0603186407472 2
80.1284690216208 76.329394212023 2
82.2884716531231 77.5977070440871 2
84.4469053716003 78.8658002804607 2
86.6034089536705 80.1342074693305 2
42.0973553447908 0.585426499799606 2
44.2490935749182 1.85595082132291 2
46.3981852969372 3.12818304650792 2
48.5446337502768 4.40245937566752 2
50.688578508242 5.67900789743795 4
52.8302550475884 6.95791545575897 4
54.9699367172133 8.23910882157286 4
57.1078915158666 9.5223705197665 4
59.2443721544671 10.8073918480272 3
61.3796283941832 12.0938383866693 3
63.5139182688397 13.3813947617248 3
65.6475076378546 14.6697739355034 3
67.7806695426828 15.9586960560361 3
69.9136966671043 17.2478514310087 3
72.0469195112082 18.5368693244281 3
74.1807149657273 19.8253075201253 1
76.3154956694462 21.1126662297956 5
78.4516830153821 22.3984246549428 5
80.5896758031705 23.6820963428223 5
82.7298255513385 24.9632942442443 5
84.8724213706777 26.2417861621269 2
87.0176774073155 27.5175222192016 2
89.1657162927964 28.7906261982112 2
91.3165524152712 30.0613599524553 2
93.4700858453551 31.3300800138648 2
95.6261134187687 32.5972014806853 2
97.7843538841413 33.8631742947249 2
99.9444784375458 35.1284699016975 2
102.106138204439 36.3935745985112 2
104.268983940582 37.658987001281 2
106.432678721641 38.9252166626663 2
108.596905923644 40.192781803888 2
110.761375193949 41.4622046741045 2
112.925829011812 42.7340006235573 2
115.09005009414 44.0086574883925 2
117.253867360249 45.2866040102062 2
119.41715630815 46.5681671809852 2
28.2592284841749 47.8535236671178 2
30.4212196873179 49.1426574339274 2
32.5824618994205 50.4353395921977 5
34.7428816441649 51.7311426145971 5
36.9024116471314 53.0294899553288 5
39.0610239996945 54.3297298979811 1
41.2187713403042 55.6312143327653 1
43.3758183994639 56.9333609386646 1
45.5324438899618 58.2356836928702 1
47.689001682166 59.5377851120163 1
49.8458498739144 60.8393149269636 1
52.0032753766298 62.13991282018 1
54.1614439773914 63.4391644387969 1
56.320391816043 64.7365994111136 1
58.4800609171081 66.0317315137296 1
60.6403564548405 67.3241241572235 5
62.8011915508112 68.6134552688761 5
64.9624981973845 69.8995564317404 5
67.1242070470319 71.1824182029848 5
69.286216017165 72.4621726271656 5
71.448367821957 73.739069697509 5
73.610444168523 75.0134571126709 2
75.7721725269713 76.2857629582703 2
77.9332377875482 77.5564772953454 2
80.0932941597885 78.826131011969 2
82.2519773268618 80.0952746913826 2
37.7486200831503 0.54644797578856 2
39.9034809742039 1.81620697895275 2
42.0559779497719 3.08703555131318 2
44.2059341014505 4.35937321008398 2
46.3533124045873 5.6335833358241 4
48.4982245481972 6.90992760138711 4
50.6408997221692 8.18853609984891 4
52.7816212498374 9.46938576916731 4
54.9206633689933 10.7523078671089 4
57.0582614904515 12.0370343946263 0
59.1946207282412 13.3232651418818 3
61.3299398278903 14.6107181729101 3
63.464427863585 15.8991396017907 3
65.5983132611729 17.1882768306633 3
67.7318597310829 18.4778343490966 3
69.865386975673 19.7674365383591 3
71.9992804666624 21.0566174436138 3
74.1339803184241 22.3448406272765 5
76.2699510501475 23.6315427006084 5
78.4076425978889 24.916192064556 5
80.547454095362 26.1983535701368 5
82.6897080052343 27.4777449147477 2
84.8346339219031 28.7542673375705 2
86.9823571868031 30.0280023471596 2
89.1328913633782 31.2991799150769 2
91.2861390749875 32.5681345784917 2
93.4419050771716 33.8352655193081 2
95.5999198050011 35.1010084889002 2
97.759867198453 36.3658196267932 2
99.9214102235289 37.6301678347523 2
102.084209598284 38.8945328109695 2
104.247935703355 40.1594056882849 2
106.412275716558 41.4252895411788 2
108.576938011005 42.6926982971339 2
110.741656154576 43.9621518219112 2
112.906194157095 45.2341626280475 2
115.070352447148 46.5092114626075 2
117.233972285695 47.7877107754471 2
119.396935249259 49.069957662577 2
121.559155342488 50.3560839023367 2
30.3999636741986 51.6460167353118 2
32.5605016191179 52.9394655537683 5
34.7201095968798 54.2359438356816 5
36.8787482997906 55.5348248657366 5
39.0364283661835 56.8354188276551 1
41.1932474507408 58.1370515407221 1
43.3494142423276 59.4391251928855 1
45.5052400021617 60.7411476631496 1
47.661090271528 62.0427241243322 1
49.8173103295175 63.3435150521108 1
51.9741550438922 64.6431789454333 1
54.1317504690724 65.9413327108619 1
56.2901009334877 67.2375553942846 1
58.4491369679655 68.5314291003891 1
60.6087725565999 69.8225980257718 1
62.7689378329881 71.1108183465364 5
64.9295745469471 72.3959807171356 5
67.0906068909811 73.6781079677026 5
69.2519115413615 74.9573429875383 5
71.4133030258427 76.2339380054017 5
73.5745355966804 77.508245482481 5
75.7353140739817 78.7807049391896 5
77.8953066955297 80.0518223161481 2
33.3938571460037 0.504132503257748 2
35.5512018886485 1.77422039862314 2
37.7066883496591 3.04462739549522 2
39.8600111203323 4.31587406941795 2
42.0109531652738 5.58842672170373 4
44.1594263532727 6.86267686900097 4
46.3054936778956 8.13891892113958 4
48.4493547957846 9.41732458279549 4
50.5912903436584 10.6979213424506 4
52.7315872685309 11.98059291838 0
54.870484570991 13.2651163804867 0
57.0081638597479 14.5512265748454 0
59.1447746176089 15.8386724851176 0
61.2804663865124 17.1272320404215 3
63.4154128641228 18.416682439468 3
65.5498349553856 19.7067486011026 3
67.6840262588998 20.9970580877179 3
69.818365517125 22.2871273778805 3
71.9533060267219 23.5763850319216 5
74.0893435377114 24.8642221417002 5
76.2269719092502 26.1500572136803 5
78.3666378424439 27.4334033648098 2
80.5087044755743 28.7139251619783 2
82.6534281225681 29.9914721438214 2
84.8009467852704 31.2660801812856 2
86.9512781779584 32.5379438862956 2
89.1043272087518 33.8073735694474 2
91.2599031529443 35.0747525630625 2
93.4177440769631 36.340504782344 2
95.5775435670428 37.605074757909 2
97.7389747549299 38.8689177706721 2
99.9017080274862 40.1324970916413 2
102.06542196642 41.3962853858554 2
104.229809493814 42.6607671001402 2
106.394581036793 43.9264399739446 2
108.559466486 45.1938141887768 2
110.724217863248 46.46340617545 2
112.888613662282 47.7357225208672 2
115.052464128769 49.0112319135214 2
117.21561557609 50.2903246268183 2
119.377951149306 51.5732627150494 2
121.539386256472 52.8601302051889 2
123.69985979283 54.1507975334206 2
32.5387248369956 55.4449143409988 5
34.6971551657374 56.741938163522 5
36.8545506654663 58.0411956661157 1
39.0109715960401 59.3419625252007 1
41.166568075951 60.6435426776664 1
43.3215946196158 61.9453282425864 1
45.4763905289714 63.2468275539888 1
47.6313232659715 64.5476555290472 1
49.7867140056623 65.8474908829052 1
51.9427773436083 67.1460202132248 1
54.099598516872 68.4429043876694 1
56.2571575535243 69.7377853486977 1
58.4153846585505 71.0303226964365 1
60.5742099352131 72.3202397661158 1
62.7335796967776 73.6073561888497 1
64.8934380381989 74.891599992721 5
67.0536945417488 76.1730087493802 5
69.2142009252225 77.4517307888167 5
71.374745453614 78.7280273562338 5
73.5350605387844 80.0022684843299 5
29.0345347300287 0.456905204450011 5
31.1934286362575 1.72848884184164 5
33.3510851925495 2.9995699805388 5
35.507151269646 4.27071531510561 4
37.6613059383954 5.54246763590953 4
39.8132982121996 6.81531973201095 4
41.9629875803749 8.08969165434893 4
44.1103748287441 9.36590962175461 4
46.2556053325763 10.6441842789792 4
48.3989316512657 11.924591414739 4
50.5406425314751 13.2070682589071 0
52.6809908808694 14.4914410448183 0
54.8201579577917 15.7774827269626 0
56.9582645764159 17.064972294453 0
59.0954090227214 18.3537176455755 0
61.2317069069255 19.6435278316158 0
63.3673258081788 20.9341556974798 3
65.5025185251824 22.2252435397072 3
67.6376408094831 23.5163016788809 3
69.7731432750329 24.8067305507679 4
71.9095389061948 26.0958761342287 5
74.0473550722287 27.3831020356869 5
76.1870813442692 28.6678623699858 2
78.3291239143598 29.949761996494 2
80.4737739787259 31.2285927178577 2
82.6211923715337 32.5043389709756 2
84.7714091371959 33.7771546594903 2
86.9243356035854 35.0473219381952 2
89.0797859412729 36.3152067748187 2
91.2375040209517 37.5812224223044 2
93.3971906540262 38.8458050756216 2
95.5585270895447 40.1094007207048 2
97.7211921253787 41.372460385312 2
99.8848722629603 42.6354410724597 2
102.04926688329 43.8988090194374 2
104.214090322955 45.1630429725041 2
106.379072358699 46.428636057966 2
108.543958632025 47.6960944796604 2
110.708512604047 48.9659294839914 2
112.87251967115 50.2386384654201 2
115.035792870383 51.5146736679197 2
117.198178758671 52.7943985525462 2
119.35956133029 54.0780362838144 2
121.519862067712 55.365620757073 2
123.679036161652 56.6569647057017 5
125.837067989112 57.9516583883244 5
34.6733704130988 59.249104855286 5
36.8292027664365 60.5485866720375 1
38.9840843896867 61.8493490524327 1
41.1382229761616 63.150679883111 1
43.2919162956488 64.451968668567 1
45.4455214025795 65.7527326339143 1
47.5993927289577 67.0526051383843 1
49.7538137510761 68.3512923744889 1
51.9089521505996 69.6485206264867 1
54.0648557929291 70.9440078659081 1
56.2214910685917 72.2374681234259 1
58.3787976957424 73.5286371682512 1
60.5367244140936 74.8173022047322 1
62.6952281436129 76.1033228413529 1
64.8542469028586 77.3866451153849 1
67.0136708934648 78.6673159143634 1
69.1733283126892 79.945498220362 5
24.6726863134643 0.403467248845351 5
26.8320639837756 1.67764879196147 5
28.9908415176447 2.95052507360315 5
31.1486769824395 4.22264685284179 5
33.3052229422442 5.49458604112336 5
35.4601515850154 6.76690231127253 4
37.6131876936826 8.04011256156393 4
39.7641456423591 9.31466471179476 4
41.9129624301359 10.5909157156426 4
44.0597133657941 11.8691120542781 4
46.2045955111321 13.149373362094 0
48.3478738491824 14.4316875023887 0
50.4898072901799 15.7159307873275 0
52.630590345752 17.0019172715253 0
54.770339153642 18.2894569166952 0
56.909120107873 19.5783861044969 0
59.0469980256713 20.868546693353 0
61.1840838603786 22.159726673113 0
63.3205780655032 23.4515969244821 0
65.4567972818618 24.7436783446938 3
67.5931720527398 26.0353570946677 4
69.7302163707348 27.3259409482977 4
71.8684778795571 28.6147373644518 4
74.0084805880341 29.9011337751113 2
76.150671660915 31.1846646190908 2
78.295381527983 32.4650534538065 2
80.4428023777933 33.7422237985875 2
82.592985747756 35.0162804750924 2
84.7458563370206 36.287471058112 2
86.9012368597208 37.5561405207117 2
89.0588777930391 38.8226909471312 2
91.2184862794448 40.0875524362689 2
93.3797501564574 41.3511657846068 2
95.5423551327533 42.6139747131068 2
97.7059946569392 43.8764251563403 2
99.8703743625927 45.1389683849077 2
102.035213232455 46.4020651687051 2
104.200242962594 47.6661894357657 2
106.36520679433 48.9318300411936 2
108.52985918803 50.1994885543779 2
110.693967786396 51.4696691041913 2
112.857318236039 52.742856824322 2
115.019721623662 54.0194836366984 2
117.1810234676 55.2998820392098 2
119.341112101141 56.5842324297852 2
121.4999237987 57.8725153419662 2
123.657443183031 59.1644834887333 5
125.813700341711 60.4596666975891 5
127.968769606134 61.7574144325994 5
36.8021743972179 63.0569686134064 1
38.9553072885444 64.3575500365479 1
41.1078319637592 65.6584386823255 1
43.2600799796599 66.9590309367685 1
45.4124092358972 68.2588630309283 1
47.5651427602058 69.5575971074112 1
49.7185138568548 70.8549776230608 1
51.8726413954459 72.150782488404 1
54.0275440577525 73.4447954359844 1
56.1831858478433 74.7368009302005 1
58.3395222987999 76.0265951492174 1
60.496518624584 77.3140045795816 1
62.6541349667716 78.5989085264422 1
64.8122977259875 79.8812661571896 1
20.310577569804 0.343133704238798 1
22.4693858691389 1.62073192660204 1
24.6281762281262 2.89637935130984 1
26.7866581953196 4.17052051474292 5
28.9445101987323 5.4436810270863 5
31.1013960826934 6.71642815712527 5
33.2569879310445 7.98933172347613 4
35.4109953386194 9.26292890807706 4
37.5631981956708 10.5376939055768 4
39.7134777231454 11.8140133051741 0
41.8618371544093 13.0921667118063 0
44.0084006377083 14.3723124000634 0
46.1533810560611 15.6544827768061 0
48.2970196595662 16.9386001887589 0
50.4395200802415 18.224519103281 0
52.5810097713058 19.512081046486 0
54.7215469491078 20.8011500969606 0
56.8611636650498 22.0916008960695 0
58.999921475871 23.3832621243414 0
61.1379643082824 24.6758471559961 0
63.2755567510905 25.9689077870724 0
65.4130917501083 27.2618369457311 4
67.551065892826 28.5539197898686 4
69.6900307255532 29.8444138720674 4
71.8305326225918 31.1326363105031 2
73.9730535964481 32.4180399640774 2
76.1179637091879 33.7002652691328 2
78.2654923364551 34.979160036656 2
80.4157210597493 36.2547673537424 2
82.5685961886614 37.527290148983 2
84.7239549795818 38.7970457397315 2
86.8815577665874 40.0644221679145 2
89.041119012686 41.3298440191863 2
91.2023327312144 42.5937501166788 2
93.364890434971 43.85658176481 2
95.5284913800894 45.1187792823241 2
97.6928467104955 46.3807839894874 2
99.8576799769746 47.6430424197573 2
102.022725670404 48.906010895829 2
104.187726961312 50.1701592238294 2
106.352433735893 51.4359720641901 2
108.516602305698 52.7039454785658 2
110.679998239998 53.9745744972626 2
112.842402988669 55.2483289676712 2
115.003624361752 56.5256165387878 2
117.163509827052 57.8067341291999 2
119.32195999131 59.0918144648022 2
121.478938791633 60.3807799406083 2
123.634476818424 61.673319538371 5
125.788667353121 62.9689014300628 5
127.941659965487 64.2668237751904 1
130.093658295671 65.5662937385038 1
38.9243211672739 66.8665164303759 1
41.0751663582025 68.1667743778392 1
43.2259403176417 69.4664820994865 1
45.3769799236652 70.7652063793929 1
47.5285587764293 72.0626496803941 1
49.6808525137993 73.3586056658426 1
51.8339352015998 74.652911822884 1
53.9878073224903 75.9454154528486 1
56.1424403518448 77.2359549249445 1
58.2978084213508 78.524361217926 1
60.4538888260342 79.8104793834041 1
15.9503389951561 0.276192813455646 1
18.1076745692092 1.55751077604631 1
20.2654517890355 2.83653296616488 1
22.4234686157761 4.11351123083418 1
24.5814707485074 5.38882928646392 1
26.7391631986443 6.66297419190979 1
28.8962261195827 7.9364969214257 3
31.0523364547546 9.20996970250436 3
33.2071949765728 10.4839455459907 3
35.3605561105243 11.7589231083239 3
37.5122561958522 13.0353180973566 0
39.6622344416974 14.3134418230833 0
41.8105394446322 15.5934871220387 0
43.9573139039402 16.8755241935441 0
46.1027542090262 18.1595138150531 0
48.2470531628975 19.4453445163162 0
50.3903493308429 20.7328853721311 0
52.5327100106784 22.0220256962449 0
54.6741569632132 23.3126715781937 0
56.8147193612864 24.6046953095862 0
58.9544912275076 25.897864143542 0
61.0936800102497 27.1917817046121 0
63.2326269606107 28.4858739437246 0
65.3717923754905 29.7794279423697 4
67.5117123356639 31.0716678032998 4
69.6529393206324 32.3618451967604 2
71.7959795949627 33.6493247369105 2
73.9412390677241 34.9336485611678 2
76.0889868104655 36.214569587512 2
78.2393412742857 37.4920504997986 2
80.3922787555746 38.7662345017065 2
82.5476585017816 40.0374004565681 2
84.7052559354964 41.3059160874738 2
86.8647957022683 42.5721985221395 2
89.0259789819005 43.8366861812246 2
91.1885028270487 45.0998220344055 2
93.3520714298055 46.3620462914751 2
95.5164005410407 47.6237961825424 2
97.6812177120483 48.8855094109793 2
99.8462603095095 50.147628876022 2
102.011272526961 51.4106073809508 2
104.176002369338 52.6749111486196 2
106.340199663108 53.9410205607598 2
108.503616661087 55.209425109021 2
110.666012741225 56.4806085248854 2
112.82716399563 57.7550219128519 2
114.986877849476 59.0330438903825 2
117.145011480319 60.3149298688146 2
119.301490936851 61.6007581385888 2
121.456325086322 62.8903866905368 5
123.609608842044 64.1834369816279 5
125.761514771562 65.4793158640781 5
127.912278512317 66.7772752091841 1
130.062185387785 68.0764963298895 1
132.211559596155 69.3761799521952 1
41.0401468295013 70.6756236136619 1
43.1894906027871 71.9742729352207 1
45.3392823779206 73.2717381442448 1
47.4897330701313 74.5677734161877 1
49.6409601419964 75.8622291913832 1
51.7930020495901 77.1550005397934 1
53.9458537077733 78.4459810771378 1
56.0995029223939 79.7350360116533 1
11.5936425744893 0.203997999168782 1
13.7488599829062 1.48875041622699 1
15.9048096140079 2.77120750589091 1
18.0613969348287 4.05140629185327 1
20.2184688958699 5.32952246847936 1
22.3758142075216 6.60587305053629 1
24.5331709424866 7.88089598843718 1
26.6902407149744 9.15511436126901 3
28.8467094487442 10.4290933476747 3
31.0022733035519 11.7033963670258 3
33.156666969944 12.978544755593 3
35.3096903824474 14.2549839296079 0
37.4612290594293 15.5330577732221 0
39.611263352049 16.8129924350474 0
41.7598625178295 18.0948913787175 0
43.9071606442592 19.3787465330777 0
46.0533156104434 20.6644713349963 0
48.1984618893799 21.9519521552625 0
50.3426787927139 23.241094643314 0
52.4859945825144 24.5318308383287 0
54.6284263635372 25.8240755492199 0
56.7700345922782 27.1176561340213 0
58.910975759732 28.4122457648829 0
61.0515339226091 29.7073310863546 0
63.1921181882521 31.0022323685965 4
65.333229190458 32.2961674468994 4
67.4754053710682 33.5883393251118 4
69.6191612770764 34.8780275144878 2
71.7649295685062 36.1646659126132 2
73.9130172767803 37.447893332228 2
76.0635838436744 38.7275689892441 2
78.2166429683293 40.00375467104 2
80.3720839772206 41.2766740874095 2
82.5297041751009 42.546663755099 2
84.6892430299207 43.8141277550759 2
86.8504114319838 45.0795030643202 2
89.0129128727854 46.3432367450922 2
91.1764562183814 47.6057736999718 2
93.340761060494 48.8675529875243 2
95.505558177616 50.1290096124987 2
97.6705874053585 51.3905787327089 2
99.8355942444132 52.6527006517609 2
102.000326175359 53.9158254926621 2
104.164529585318 55.1804163545849 2
106.327948565867 56.4469490845048 2
108.490327427609 57.7159051731433 2
110.651418346645 58.9877542445479 2
112.810994977551 60.262924206061 2
114.968872322851 61.5417583145138 2
117.124931103973 62.824462393338 2
119.279141104262 64.1110518369282 2
121.431575684813 65.4013136168372 5
123.582411139694 66.6947992254082 5
125.73191048456 67.9908572544495 5
127.880398198639 69.2887014401816 1
130.028234096904 70.5874988684457 1
132.175788792547 71.8864594391041 1
134.323416666731 73.1849104478663 1
43.1508226166926 74.4823438607165 1
45.2994397559533 75.7784269262303 1
47.4488094959676 77.0729735222446 1
49.5989980884933 78.3658894186515 1
51.7500229438683 79.6571106433387 1
7.24158823901909 0.128536730157461 1
9.39430738206972 1.41605964885197 1
11.5478930959848 2.70152144355618 1
13.7023396709168 3.98481283733111 1
15.8576011263329 5.26591502757104 1
18.0135762516124 6.54493742060664 1
20.1701019484301 7.82213144279867 1
22.3269553698574 9.09788023794649 1
24.4838650043445 10.3726697245431 1
26.6405298930779 11.6470484843411 3
28.7966448119921 12.9215832372728 3
30.9519281587093 14.1968149972833 3
33.1061484560257 15.4732198132961 3
35.2591450263157 16.7511773138011 0
37.410838999 18.030949698284 0
39.5612322208869 19.3126736486001 0
41.7103929812665 20.5963688043714 0
43.8584288329707 21.8819669131908 0
46.0054504755301 23.1693606107843 0
48.1515383958706 24.4584559951417 0
50.2967310880154 25.7491962656179 0
52.4410478144685 27.0415301128152 0
54.5845343486463 28.3353432860767 0
56.7273118555059 29.6303884493387 0
58.8696134921971 30.9262367517956 0
61.0117922178085 32.2222750472431 4
63.1542983832695 33.5177503739806 4
65.2976357761703 34.8118466133767 4
67.4423064639297 36.1037753310538 2
69.5887541122409 37.3928637228451 2
71.7373158006151 38.678623433535 2
73.8881917547168 39.9607873158579 2
76.0414383044015 41.2393094645716 2
78.1969825886058 42.514334590547 2
80.3546515884525 43.7861503181608 2
82.5142058938341 45.0551369759315 2
84.6753703386763 46.3217252347186 2
86.8378571699425 47.5863659849226 2
89.001380635566 48.8495120110784 2
91.165663899357 50.1116094785458 2
93.3304403183236 51.3730968570841 2
95.4954515604869 52.6344078797404 2
97.6604441412382 53.8959762064248 2
99.8251654240045 55.1582405156549 2
101.989359923022 56.4216490151283 2
104.152766915712 57.6866620199453 2
106.315121000041 58.9537502409541 2
108.476157591942 60.223385092933 2
110.635624598151 61.496018237645 2
112.793301489608 62.7720482026726 2
114.949025327394 64.0517742387001 2
117.102719729765 65.3353425317327 2
119.254419264204 66.6226962511021 5
121.404280324834 67.9135455217146 5
123.552572538775 69.2073717604721 5
125.699651893504 70.5034713500612 1
127.845923519485 71.8010308238077 1
129.991802985403 73.0992171989553 1
132.13768024474 74.3972660895572 1
134.283886951582 75.6945528470485 1
136.430671302844 76.9906332862366 1
45.2575885803668 78.2852427470862 1
47.4059213717273 79.5782537917831 1
2.89479821111864 0.0516001352963218 1
5.04483880670235 1.34125222435351 1
7.19577366035438 2.62910133580633 1
9.34764507139636 3.91501424839688 1
11.5004874258655 5.19886860501965 1
13.6543039317329 6.48060977893279 1
15.8090468273585 7.76029576424629 1
17.9646045300141 9.03812008381141 1
20.1207980325625 10.3144113241408 1
22.277387737301 11.5896129290058 1
24.4340901786775 12.864248961904 3
26.5906021487881 14.138881849992 3
28.7466284739493 15.4140674411043 3
30.9019091333482 16.6903118331486 3
33.0562413854627 17.9680339692555 0
35.2094932777676 19.247537928483 0
37.3616064650478 20.5289989111375 0
39.5125880436632 21.8124669315028 0
41.6624921217113 23.0978915101621 0
43.8113932519065 24.3851665976946 0
45.9593577630926 25.6741852348877 0
48.1064259446193 26.9648787820272 0
50.2526213444289 28.2572085509864 0
52.397986522874 29.5511056084481 0
54.5426240705685 30.8463994473249 0
56.6867311627195 32.1427590985905 0
58.8306123268892 33.439666821529 0
60.9746648028278 34.7364371607644 4
63.1193440728297 36.0322744106176 4
65.2651189711068 37.3263544320168 4
67.4124228220466 38.6179156381872 2
69.5616069474975 39.9063426848754 2
71.7129051252814 41.1912261152531 2
73.8664170672116 42.4723861861223 2
76.0221136311037 43.7498597663506 2
78.1798593618324 45.0238602704769 2
80.3394435312405 46.2947260389964 2
82.500610890933 47.5628709561698 2
84.6630864155498 48.8287455168321 2
86.8265918066015 50.0928108181684 2
88.9908544081613 51.3555238935678 2
91.1556099678501 52.6173322168101 2
93.3206014433899 53.8786744039549 2
95.4855758129874 55.1399838904698 2
97.650280083548 56.4016938476385 2
99.8144573473208 57.6642422603475 2
101.977843773396 58.9280761053978 2
104.140167798827 60.193652989456 2
106.301153569917 61.4614372556139 2
108.460530556762 62.7318871864142 2
110.6180509012 64.0054308556791 2
112.773514806168 65.2824288673138 2
114.926801558674 66.5631255430953 2
117.077900088188 67.8475958517255 2
119.22692995589 69.1357013697795 5
121.374143863058 70.427071188255 5
123.519907631727 71.721119229961 5
125.664661251581 73.0170986326395 1
127.808870217262 74.3141827011294 1
129.952976648886 75.6115564555165 1
132.097356789468 76.9085027662197 1
134.242290837115 78.2044673436332 1
136.387953345669 79.4990860689252 1
