x           y           stackinginfo
91.8741700878041 0.0318488628223857 3
0.750797633095635 1.23672192627855 3
2.94775852265258 2.44193284952648 0
5.14414844018318 3.64797763897278 0
7.33968005014181 4.85534435058173 0
9.53410261498009 6.06449977996325 0
11.7272142437486 7.27586519876478 0
13.9188651130208 8.48978289102019 0
16.1089595054726 9.7064825818676 3
18.2974598123826 10.9260606403973 3
20.484388785791 12.1484793618762 3
22.6698260070836 13.3735844146249 3
24.8538984274025 14.601132749693 1
27.0367677128828 15.8308227754745 1
29.2186174220113 17.0623212188904 1
31.3996419837903 18.2952841122969 1
33.5800384324723 19.5293712925876 1
35.7600015260567 20.7642543304739 1
37.9397230579605 21.9996173062061 1
40.1193964033934 23.2351491067393 1
42.2992263443437 24.4705266107671 1
44.4794413377955 25.7053923191188 1
46.6603007201071 26.9393372007096 1
48.8420864338124 28.1719052814157 1
51.0250728245641 29.4026340360335 1
53.2094818751774 30.6311250079769 1
55.3954366999318 31.8571232246993 1
57.5829294306416 33.080578738339 1
59.7718163565757 34.3016637572865 1
61.9618383414327 35.5207465014084 1
64.1526572314797 36.7383384143722 5
66.3438984162305 37.9550301835127 5
68.5351912109735 39.1714275975519 5
70.7262007713616 40.3880963709882 2
72.9166480067763 41.6055232680662 2
75.1063172376325 42.8240966272539 2
77.2950541869028 44.0441040739308 2
79.4827583491743 45.2657416174995 2
81.6693736037228 46.4891276630787 2
83.8548796935524 47.7143169831962 2
86.0392857489208 48.9413119474775 2
88.2226260107431 50.1700701880101 2
90.4049577010603 51.4005085006332 2
92.5863606559028 52.6325032412679 2
94.7669377195558 53.8658888082281 2
96.9468154303626 55.100455252665 2
99.1261447458936 56.3359455561311 2
101.30510150339 57.5720531968661 2
103.48388608857 58.8084210314184 2
105.662721547723 60.0446429813758 2
107.841849436351 61.2802703391195 2
110.021523061009 62.5148244632774 2
112.201997912364 63.7478174741085 2
114.383520370478 64.9787807231106 2
116.566316631852 66.2072983501866 2
118.750582890198 67.4330409872774 2
120.936475317848 68.6557934984033 2
123.124096994326 69.8754717488205 4
125.313482017543 71.0921263787935 4
127.504583351869 72.3059344001098 4
129.697273143035 73.5171807564046 0
131.89135748629 74.7262330793906 0
134.086597919909 75.9335152372055 0
136.282729516447 77.1394865115526 0
138.479471864301 78.3446292482471 3
47.355934443569 79.5494408172176 0
49.5530277609973 80.7544259990643 3
5.08955465451617 1.14208259154947 0
7.28582435435684 2.34894193247521 0
9.48126386317974 3.55748018726755 0
11.6756391826652 4.76814014996962 0
13.868766430118 5.98129253154898 0
16.0605173873539 7.19720744261231 3
18.250822504204 8.41603127995985 3
20.4396717504222 9.63777786847012 3
22.6271114403387 10.8623373388287 3
24.8132363220136 12.0894989505516 1
26.998178297984 13.3189803585283 1
29.18209397929 14.5504564487329 1
31.3651529222095 15.7835835485631 1
33.5475278245022 17.0180171902384 1
35.7293878148105 18.2534226727912 1
37.9108962779693 19.4894774945188 1
40.0922146220093 20.7258646109841 1
42.2735122797304 21.9622566303359 1
44.4549804025046 23.1982947117243 1
46.6368431354678 24.433571305442 1
48.8193580281243 25.6676300131197 1
51.002798713695 26.8999950228071 1
53.1874198859024 28.1302310184925 1
55.3734130489944 29.3580156980153 1
57.5608624126075 30.5832051853612 1
59.749717663275 31.8058663357353 1
61.939792474118 33.0262664811966 1
64.1307872580236 34.2448342234678 1
66.3223290515169 35.4621069764758 5
68.5140186352328 36.6786741403046 5
70.7054745511744 37.8951215027434 2
72.8963659070076 39.1119836854726 2
75.0864302078334 40.3297115023269 2
77.2754771550154 41.5486572306597 2
79.4633825803242 42.7690754090383 2
81.6500776169304 43.9911333224066 2
83.8355372502958 45.2149249976051 2
86.0197706445511 46.4404843081935 2
88.2028140870457 47.6677950660654 2
90.3847265340465 48.8967974511417 2
92.5655877062644 50.127390542809 2
94.7454978072731 51.3594319117092 2
96.9245779419392 52.5927358022298 2
99.1029708978184 53.8270706197128 2
101.280842002971 55.0621562939814 2
103.458379695332 56.2976623586367 2
105.63579525279 57.5332080440707 2
107.813321057253 58.7683661974013 2
109.99120705155 60.0026731065745 2
112.169715368428 61.2356459800723 2
114.349112960363 62.4668087072477 2
116.529662371215 63.6957243443202 2
118.71161057832 64.9220299865325 2
120.895174288687 66.1454678914653 2
123.080519863906 67.3659070235493 4
125.267740075765 68.5833517326355 4
127.456836663202 69.7979373059881 4
129.64771944642 71.0099138254081 0
131.840223991634 72.2196208644935 0
134.034137128924 73.4274582301238 0
136.229216227307 74.633861115806 3
45.1045958685787 75.839286683414 0
47.3011972768872 77.0442114128308 0
49.4981254363181 78.2491316772989 0
51.6950831622785 79.4545626875492 0
53.8917750518125 80.6610315149668 3
9.42761658107884 1.05104245119174 0
11.6229532253618 2.26109153155081 0
13.8172723768899 3.47356825188712 0
16.0104160300837 4.68877773056731 0
18.2022846464509 5.90690852979501 3
20.392837656169 7.12802050469536 3
22.5820902106892 8.3520468536237 3
24.7701061176925 9.57881094950829 3
26.9569877459383 10.8080528381471 1
29.1428644125061 12.0394583660207 1
31.3278807969245 13.2726854673754 1
33.5121866505875 14.5073847017807 1
35.6959291155256 15.7432128523344 1
37.8792493428737 16.9798389099396 1
40.0622848663221 18.2169407816629 1
42.245177646989 19.4541917246977 1
44.4280854435714 20.6912392800347 1
46.6111923090492 21.9276852565418 1
48.794713526387 23.1630797341313 1
50.9788906011374 24.3969412961678 1
53.1639731561921 25.6288072505774 1
55.3501883953844 26.8583011891354 1
57.5376988111399 28.0851981005587 1
59.7265574864611 29.3094678946565 1
61.9166797029341 30.5312791164408 1
64.1078407925171 31.7509700475665 1
66.2997015181292 32.9690054551915 5
68.4918539922755 34.1859300150333 5
70.6838755438816 35.4023206259183 5
72.8753770062597 36.6187390597665 2
75.0660357739865 37.8356905559969 2
77.2556104881096 39.053595440893 2
79.4439401413983 40.2727771203716 2
81.6309335444336 41.4934642110343 2
83.8165551854939 42.7158011481851 2
86.0008117561984 43.939861523804 2
88.1837414600458 45.1656602856467 2
90.3654065534251 46.3931629092536 2
92.5458890396339 47.6222908390869 2
94.7252891485478 48.8529231560222 2
96.9037252680892 50.0848959064397 2
99.0813346258642 51.3180002737346 2
101.258274410345 52.5519802028247 2
103.434723007145 53.7865302109001 2
105.610880957791 55.0212945031246 2
107.786971163404 56.2558690940004 2
109.96323789416 57.489809163305 2
112.139944365093 58.7226436103841 2
114.317368737538 59.9538977782237 2
116.49579773004 61.1831236665157 2
118.675515929252 62.4099343640485 2
120.856788618642 63.634036883086 2
123.039836769053 64.8552571970366 2
125.22480781415 66.0735532379499 4
127.411753301304 67.2890145764675 4
129.600626280601 68.5018495702839 0
131.791301002092 69.7123619610269 0
133.983601875909 70.9209212511975 3
42.8567218354502 72.1279349218112 0
45.0516318688319 73.3338316579381 0
47.247467745936 74.5390595516242 0
49.4439379610224 75.7440936473847 0
51.6407348797171 76.9494421984705 0
53.8375507225067 78.1556425708145 0
56.0340901493484 79.3632386938464 0
58.2300824749415 80.5727423676273 3
13.7649943738557 0.966583474507989 0
15.9592438351198 2.1811292022404 0
18.1524029654055 3.39859630856001 3
20.3444023917452 4.61908645231628 3
22.5352279974086 5.84257353916939 3
24.7249145329078 7.06891562870047 3
26.9135363565438 8.29787784794214 1
29.1011965954798 9.52916048456144 1
31.2880160855337 10.7624261606956 1
33.4741232604689 11.9973220130484 1
35.6596463118337 13.2334955159898 1
37.8447094286305 14.4706040273422 1
40.0294343375363 15.7083163040372 1
42.2139463344733 16.9463036769354 1
44.3983815870606 18.1842213275946 1
46.5828921759449 19.4216860395439 1
48.7676482710608 20.6582629117227 1
50.9528394236621 21.8934748462636 1
53.1386738759748 23.1268419423836 1
55.3253688854406 24.3579440744416 1
57.5131255358331 25.5864860578034 1
59.7020833266965 26.8123489016483 1
61.89226992446 28.0356086886304 1
64.0835684360966 29.2565173650201 1
66.2757153264521 30.4754633609654 1
68.4683311773851 31.692930041017 5
70.6609748366941 32.9094574283412 5
72.8532044990636 34.1256039048523 2
75.0446292960747 35.3419063508498 2
77.2349411380235 36.5588436650944 2
79.4239250886175 37.7768111325941 2
81.6114532103657 38.9961094969075 2
83.7974694545389 40.216946923614 2
85.9819723452252 41.4394487761594 2
88.1649997316262 42.6636700701258 2
90.3466173479402 43.8896069161348 2
92.5269112817655 45.1172051114655 2
94.7059842054131 46.3463649589403 2
96.8839543828177 47.5769426404084 2
99.0609560451019 48.8087496601105 2
101.237140610433 50.0415512606759 2
103.41267842848 51.2750645015369 2
105.587760728969 52.5089570121828 2
107.762601393625 53.7428479749234 2
109.937438087842 54.9763135023958 2
112.112532339511 56.2088985425744 2
114.288168000632 57.4401367429397 2
116.464646991066 58.6695780817161 2
118.642279974224 59.8968216229951 2
120.821368349641 61.1215484494758 2
123.00217626098 62.343548564014 2
125.184897340216 63.5627369188362 4
127.369628854681 64.7791565624393 4
129.556367725299 65.9929692264619 4
131.745031658066 67.2044350536693 3
40.6148893243186 68.413885055289 0
42.8069867589271 69.6216930762711 0
45.0005369466801 70.8282561419553 0
47.1953121870268 72.0339900454351 0
49.3910356003045 73.2393389461149 0
51.5873923774747 74.4447889148196 0
53.7840549352582 75.6508720381189 0
55.9807079596243 76.8581496654049 0
58.1770645623628 78.0671728645335 0
60.3728759612171 79.278433761637 0
62.5679390456273 80.4923267852561 3
18.1018018409523 0.891114794256147 0
20.2949693901218 2.11096548572633 3
22.4870989937156 3.33388114787871 3
24.6781978057038 4.55975486376153 3
26.8683138382479 5.78837898520975 3
29.0575257494592 7.01947164439609 1
31.245932281414 8.2527039647459 1
33.4336425892835 9.48772302857113 1
35.6207687371236 10.7241687591004 1
37.8074221468861 11.9616857833126 1
39.9937150919873 13.1999291769138 1
42.1797657418684 14.4385615608905 1
44.3657021279371 15.677239864708 1
46.5516603663783 16.9155945206064 1
48.7377782586089 18.1532108438407 1
50.9241928359029 19.3896268982294 1
53.1110489382915 20.6243590904338 1
55.2985124777235 21.8569553525626 1
57.4867707118012 23.0870605319752 1
59.6760049481036 24.3144727719103 1
61.8663360578971 25.5391777674202 1
64.0577666344595 26.7613451535585 1
66.2501454153044 27.9812931922365 1
68.443168437166 29.1994447046595 5
70.6364174925397 30.4162899949834 5
72.8294229275067 31.6323573939745 5
75.0217308134647 32.8481839759818 2
77.2129561361192 34.0642825884784 2
79.402811992119 35.2811094307966 2
81.5911148620416 36.4990398748974 2
83.7777729367965 37.7183570192799 2
85.9627664817352 38.9392521846869 2
88.1461275895417 40.1618333742252 2
90.3279235225073 41.3861368845747 2
92.5082449445084 42.6121383925487 2
94.6871988194155 43.8397614100974 2
96.8649055542504 45.0688819403269 2
99.0414987454001 46.2993300390151 2
101.217126287082 47.5308896588468 2
103.391952449751 48.7632976052354 2
105.56616062465 49.9962425481893 2
107.739956397576 51.2293655199872 2
109.913570501628 52.4622639018589 2
112.087261091085 53.6945011667416 2
114.261314447922 54.9256240941757 2
116.436042415149 56.1551877720381 2
118.611773703458 57.3827862926296 2
120.788835615449 58.6080845009408 2
122.967524475345 59.8308450850273 2
125.148069974579 61.0509460627875 2
127.330607446234 62.2683862275887 4
129.51517361015 63.4832786584604 3
38.3811278010628 64.6958339571463 0
40.5695920501191 65.906336414152 0
42.7598628266442 67.1151185852474 0
44.9518115721522 68.3225413868931 0
47.14526022574 69.5289866414568 0
49.3399630618686 70.7348641199651 0
51.5356109809979 71.9406272876652 0
53.7318595177557 73.1467855666832 0
55.9283663382401 74.3538984568187 0
58.1248201595479 75.5625430461416 0
60.3209538640367 76.7732617484585 0
62.5165478060527 77.986509995189 0
64.7114311963504 79.2026211311994 4
66.9054840412867 80.4217912625165 3
22.4383372395665 0.826067036307205 4
24.6305725151887 2.05140220445116 5
26.8219118807241 3.27960728432236 5
29.0124109471155 4.51042157184441 5
31.2021481509058 5.74352862520383 5
33.3912155414489 6.97857969580445 1
35.5797117399265 8.21521092454168 1
37.7677387517836 9.45305604399703 1
39.9554037680754 10.6917546594305 1
42.1428241926826 11.9309544723001 1
44.3301301213015 13.1703050364653 1
46.5174575584026 14.4094424876642 1
48.704932338591 15.6479704160271 1
50.8926565732 16.885448784363 1
53.0807138467654 18.1214044535556 1
55.2691955743179 19.3553698517076 1
57.4582289660875 20.5869426195876 1
59.6479798219866 21.8158461940926 1
61.8386146451535 23.0419750180796 1
64.030235016847 24.265411853828 1
66.222814522358 25.4864062621836 1
68.4161642429963 26.7053287740758 1
70.6099399106119 27.9226254198521 5
72.8036886581096 29.1387860203857 5
74.9969193842794 30.3543233454093 5
77.1891742566889 31.5697525116241 2
79.380081921984 32.78556451315 2
81.5693830508419 34.0021970139995 2
83.7569299908778 35.2200101179747 2
85.9426693151965 36.4392727856196 2
88.1266176731162 37.660161063893 2
90.3088389609461 38.8827651423872 2
92.4894268305104 40.1071005577924 2
94.6684932300899 41.3331195437931 2
96.846162383336 42.5607198288418 2
99.0225691974388 43.7897495870487 2
101.197860028474 45.0200095542128 2
103.372194855405 46.2512535621053 2
105.545750572591 47.4831884699608 2
107.718725123219 48.7154748229669 2
109.891342059852 49.9477301229931 2
112.063854851289 51.1795370133496 2
114.236549752905 52.4104582955058 2
116.409745005184 53.6400594228469 2
118.583782825179 54.8679368503745 2
120.759010288167 56.0937480133775 2
122.935748047064 57.3172372955084 2
125.114253083168 58.5382532847393 2
127.294690190703 59.756755115299 3
36.1565270951858 60.9728080163925 4
38.3409657161333 62.1865697976329 3
40.5273699294241 63.398271338055 3
42.7156932816659 64.6081957264192 0
44.9058687317285 65.8166612843532 0
47.0977776395099 67.0240135465158 0
49.2912204513379 68.2306285675906 0
51.4859108193097 69.4369253740447 0
53.6814999208171 70.6433804742656 0
55.8776205123758 71.8505319521171 0
58.0739299722818 73.0589599839483 0
60.2701351720139 74.2692411610743 4
62.4659977123539 75.4818898596988 4
64.661330213083 76.6973078848944 4
66.8559932363267 77.9157560484033 4
69.0498948334793 79.13734768245 4
71.2429898092644 80.3620579806765 3
26.7749751830829 0.771732250037002 5
28.9664853778806 2.00215842666428 5
31.1572789926879 3.2350251278583 5
33.3474326470409 4.46999230799237 5
35.5370337279082 5.70669714206487 5
37.7261773988455 6.94476663865244 5
39.9149685237505 8.18382676459033 1
42.1035269814585 9.42350783850162 1
44.2919902469855 10.6634445405787 1
46.4805047442842 11.9032682936033 1
48.6692030180183 13.1425926408788 1
50.8581776094995 14.380998704388 1
53.0474733548903 15.6180332843006 1
55.2371120620306 16.8532306239185 1
57.4271377259825 18.0861591423329 1
59.6176505968546 19.3164807190498 1
61.8088023514583 20.5440027550857 1
64.0007444531481 21.7687126421482 1
66.1935542019597 22.9907801209268 1
68.3871710116605 24.2105223207211 1
70.5813664037093 25.4283510829892 1
72.7757582565365 26.6447276751623 5
74.969865049776 27.8601366596945 5
77.1631821820995 29.075073506561 2
79.3552562520199 30.2900325105933 2
81.5457371880384 31.5054863180798 2
83.7343993901 32.7218586118162 2
85.9211350465056 33.9394979321955 2
88.105930389722 35.1586607385645 2
90.288837105442 36.379507088768 2
92.469947569839 37.6021067678102 2
94.6493774471368 38.8264509053926 2
96.8272554392073 40.0524643159057 2
99.0037190677571 41.2800150669389 2
101.178914653707 42.5089201010549 2
103.352999364961 43.7389481895785 2
105.526144748854 44.9698215056227 2
107.698541596243 46.2012171326397 2
109.870405841623 47.4327703262856 2
112.041984794134 48.6640818220788 2
114.213562272586 49.8947312692905 2
116.385459894607 51.1242976397556 2
118.558030224526 52.352385277893 2
120.73163716973 53.5786516157938 2
122.906622467877 54.8028311169493 2
125.083265642697 56.0247509752241 2
33.9411528220715 57.2443367835663 5
36.1215808429586 58.4616089912572 5
38.3039769463922 59.6766720400472 3
40.4883456878833 60.8896990763416 3
42.6746911929133 62.1009164215888 3
44.8630064571664 63.3105918192883 3
47.0532357667409 64.5190293695252 0
49.2452354975505 65.7265715806881 0
51.4387575396042 66.9336067672632 0
53.6334657040486 68.1405792162836 0
55.8289793253364 69.3479960319408 0
58.0249255241199 70.5564193460867 4
60.2209784791913 71.7664343364555 4
62.4168744230704 72.9785957525413 4
64.6124079697993 74.193369388931 4
66.8074233553041 75.4110882042475 4
69.0018093087904 76.6319328769664 4
71.1954976818463 77.8559348685144 2
73.388461905099 79.0829949683954 2
75.5807124776276 80.3129102104814 2
31.1119889078006 0.72739142774397 5
33.3029543096184 1.96213559276652 5
35.4933853319136 3.19877469562075 5
37.6833718076569 4.43693459348823 5
39.8730176740466 5.67623239581686 5
42.0624462268962 6.91628306378125 5
44.2518034785361 8.15670352616801 1
46.4412503799637 9.39711224704068 1
48.6309378326299 10.6371220040964 1
50.8209714183044 11.8763276646903 1
53.0113879115608 13.1142974875636 1
55.2021662980397 14.3505799966411 1
57.3932743836476 15.5847339577714 1
59.5847239581215 16.8163781193376 1
61.7765996721983 18.0452455930819 1
63.9690406979609 19.2712274686705 1
66.1621782853666 20.4943978990923 1
68.3560589709137 21.7150036967953 1
70.5505840512942 22.9334191484206 1
72.7454857033 24.1500886459635 5
74.940348036699 25.3654825608235 5
77.1346675668704 26.5800770438667 5
79.327934152028 27.7943502378758 2
81.5197070662468 29.0087784934909 2
83.7096652527405 30.2238207828573 2
85.8976229854522 31.439891165051 2
88.0835155936747 32.6573288319833 2
90.2673687799189 33.8763771058743 2
92.4492659936448 35.0971769733873 2
94.6293229509682 36.3197733799807 2
96.807671699825 37.5441283581495 2
98.984452683523 38.7701350146894 2
101.159812940346 39.9976281418934 2
103.333907812899 41.2263907459879 2
105.50690443212 42.4561580807128 2
107.678986852101 43.6866207233631 2
109.85036282662 44.917428522621 2
112.021271702234 46.1481977347981 2
114.191991929215 47.3785235889479 2
116.36284501785 48.6079992920854 2
118.534190782166 49.8362402577308 2
120.706408138837 51.062909581911 2
122.879859568895 52.2877392850447 2
31.7342456848061 53.5105431327126 5
33.9109780527946 54.7312201926264 5
36.0895679621973 55.9497508911379 5
38.2700653220957 57.1661879473291 3
40.4525037855202 58.3806449016419 3
42.6369286813634 59.593285877738 3
44.8233863069026 60.80432002559 3
47.011881413909 62.0140021416434 3
49.2023295686228 63.2226374432035 3
51.394530866802 64.430586386674 0
53.5881772901572 65.6382679864066 0
55.7828908937889 66.8461615942981 0
57.9782784431216 68.054802707992 4
60.1739815630467 69.2647635755936 4
62.3697051409403 70.4766127699224 4
64.5652207540248 71.6908600174197 4
66.7603561236778 72.9079034750534 4
68.9549842008186 74.1279957919058 2
71.1490179379094 75.3512351492425 2
73.3424088756232 76.5775775598712 2
75.5351452904875 77.8068622584366 2
77.727247705922 79.0388418542281 2
79.9187625744129 80.273210417715 2
35.4494561741404 0.691612506465791 5
37.6400143530174 1.92970247533461 5
39.8302394688188 3.1690835905135 5
42.0202575757267 4.40936105117071 5
44.2102217117885 5.6501362820564 5
46.4003064655142 6.89101147580177 5
48.5906849405286 8.13158987217532 5
50.7814899679967 9.37146967858196 1
52.9727776767357 10.6102348688009 1
55.1645196942466 11.8474524294806 1
57.3566371634844 13.0826865574288 1
59.5490615101707 14.3155335623474 1
61.741787381781 15.5456707801296 1
63.9348891430158 16.7729043616655 1
66.1284895662807 17.9972065146685 1
68.3226924782789 19.2187317517351 1
70.5175081233488 20.4377953014956 1
72.7127978376792 21.6548196565927 1
74.9082563411598 22.8702741250098 5
77.1034387289437 24.0846329850088 5
79.2978262056159 25.2983620233592 2
81.4909109887334 26.5119236548037 2
83.682273674728 27.7257807562268 2
85.8716305796385 28.9403839097397 2
88.0588419460551 30.1561410387754 2
90.2438881842304 31.373382061423 2
92.4268318403522 32.5923338530036 2
94.6077822606773 33.8131130332405 2
96.7868714974909 35.0357340729796 2
98.9642415893711 36.2601250282661 2
101.140039979844 37.4861435127264 2
103.314420372358 38.7135883736336 2
105.487546050246 39.9422072291102 2
107.659594798885 41.1717018662555 2
109.830765838046 42.4017335163853 2
112.001288745209 43.6319304444509 2
114.17143314466 44.861900331404 2
116.341515858189 46.0912487042492 2
118.511899569928 47.3196022506183 2
120.682975737573 48.5466327678759 2
29.5345266006758 49.7720757526679 5
31.7080827996979 50.9957393520577 5
33.8832751298342 52.2175039158045 5
36.0602348711401 53.4373159075531 5
38.2390270086209 54.6551797637888 3
40.4197039230938 55.8711496893407 3
42.6023403193746 57.0853243741809 3
44.7870252687491 58.2978476773384 3
46.9738168434459 59.5089162485431 3
49.1626874030982 60.7187903340605 3
51.3534887502625 61.9278003391167 3
53.5459511345618 63.1363454372477 3
55.7397142987624 64.3448868110976 4
57.9343791905711 65.5539384036143 4
60.1295628797009 66.7640520418491 4
62.324938388667 67.9757895485743 4
64.5202494111751 69.1896788914039 4
66.7153039437789 70.4061631956408 2
68.9099602056699 71.6255582557064 2
71.1041160937646 72.848030791815 2
73.2977050384457 74.0736001534464 2
75.4906950363843 75.3021579512552 2
77.6830869717642 76.5334967018627 2
79.8749109040371 77.7673390826508 2
82.0662219299363 79.0033611157854 2
84.2570977742332 80.2412064657299 2
39.7873383836168 0.662483772349347 2
41.9776719724919 1.90281939513004 5
44.1679549918349 3.14379384228336 5
46.358371856386 4.38499505837583 5
48.5491157166774 5.62601262664855 5
50.7403515494682 6.86643884079812 5
52.9321727027061 8.1058637605046 5
55.1245755100443 9.34386923725197 1
57.3174730812599 10.5800317796275 1
59.5107467937211 11.813942348148 1
61.7043093388795 13.045243470423 1
63.8981470533261 14.2736750538337 1
66.0923229365543 15.4991163065971 1
68.2869369874635 16.721618098566 1
70.4820592833107 17.9414097913771 1
72.6776602875927 19.158867276504 1
74.8735613127447 20.3744528552649 3
77.069422316848 21.5886534287695 5
79.264774154914 22.8019425704533 5
81.4590893381492 24.0147749556389 2
83.6518709757399 25.2276005635525 2
85.842730938783 26.4408746052433 2
88.0314320785778 27.6550443552802 2
90.2178856420263 28.8705130576713 2
92.4021160584225 30.0875983595401 2
94.5842164194547 31.3065046692297 2
96.7643132969643 32.5273175053966 2
98.9425469102098 33.7500151472793 2
101.119063262852 34.974487658232 2
103.294013435531 36.2005546804878 2
105.467556695803 37.4279779745545 2
107.639864988013 38.6564700316692 2
109.811129187027 39.8857012840115 2
111.981567967584 41.1153086007778 2
114.151438848435 42.3449079430799 2
116.321048521663 43.5741129182259 2
118.490756155203 44.8025583072826 2
27.340359276574 46.0299239276701 2
29.5114648784233 47.2559517354354 5
31.6838281688188 48.4804508886488 5
33.8577112553478 49.7032916214403 5
36.0332683049296 50.9243943333522 5
38.2105785722599 52.1437203033946 1
40.3897055155239 53.36126647973 1
42.5707412395815 54.5770649653878 3
44.7538050359112 55.7911895998461 3
46.9389980260517 57.0037708388316 3
49.1263429772211 58.2150144662719 3
51.3157417415897 59.4252137225512 3
53.5069668155726 60.6347474697204 3
55.699685633517 61.8440662081689 4
57.893507092272 63.0536733931901 4
60.0880360592015 64.2641063281025 4
62.2829197060085 65.4759136119837 4
64.4778729970136 66.6896228321081 2
66.6726807222277 67.9056987010808 2
68.8671848970465 69.1245010776587 2
71.0612703687535 70.3462555630486 2
73.2548563190624 71.5710444886448 2
75.4478937728578 72.7988176754176 2
77.6403653702567 74.0294161329334 2
79.8322843129276 75.2626000402707 2
82.023692179347 76.4980734179884 2
84.214657407373 77.7355003631242 2
86.4052754596011 78.9745146081792 2
88.5956711642517 80.2147258429497 2
44.1257013547345 0.63771366527041 2
46.3161565233092 1.87908112276436 5
48.5069435228207 3.12039366770172 5
50.6982568709454 4.36123244097215 5
52.8902340283128 5.60118407213982 5
55.0829177788701 6.8398369167909 5
57.2762487564619 8.07677862461773 1
59.4700980329695 9.3116041671634 1
61.6643258129136 10.5439396369492 1
63.8588375471727 11.7734796473408 1
66.0536133376267 13.000029098726 1
68.2487003826167 14.2235410636326 1
70.4441701104668 15.4441435440529 1
72.6400548026193 16.6621356890301 3
74.8362837037797 17.8779462860348 3
77.0326390320854 19.0920687930324 3
79.228748802012 20.3050004083216 5
81.4241243265475 21.5172101128311 4
83.6182366704144 22.729142277209 2
85.8106101281447 23.9412394949726 2
88.0008996146508 25.1539555331294 2
90.1889233798754 26.3677376583582 2
92.3746454041859 27.5829825311533 2
94.5581281093198 28.7999892164372 2
96.7394846339187 30.0189317732336 2
98.9188482391292 31.2398577960207 2
101.096359628152 32.4627048553834 2
103.272164729668 33.6873227782359 2
105.446417372919 34.9134926252934 2
107.619283563397 36.1409398253541 2
109.790946511366 37.3693440277165 2
111.961614114118 38.5983488404338 2
114.131529812192 39.8275748406646 2
116.300985088667 41.0566384390216 2
25.1497262540738 42.2851764373828 2
27.3193546430482 43.5128715841616 5
29.489687853474 44.7394705861195 5
31.6611128585652 45.9647870162996 5
33.833928520247 47.1886890427209 5
36.0083202137992 48.4110808257529 1
38.1843858265469 49.6318884912718 1
40.3621974407612 50.851055818209 1
42.5418551306705 52.068548974498 1
44.7234957277357 53.2843691091331 1
46.9072515158499 54.4985741588853 3
49.0931868581818 55.7113062330587 3
51.2812487477914 56.9228118046701 3
53.4712513523368 58.1334434156481 3
55.6628943201214 59.3436421094231 3
57.8558040899927 60.5539095400869 4
60.0495853418723 61.7647797296537 4
62.2438692316848 62.9767937022988 2
64.4383461579892 64.1904729753464 2
66.6327768320165 65.4062876987748 2
68.8269849606855 66.6246216119066 2
71.0208422907592 67.8457423265924 2
73.2142563135841 69.0697858058922 2
75.4071646506766 70.2967585026832 2
77.5995343501116 71.5265539614056 2
79.7913625211769 72.7589768245813 2
81.9826762701826 73.9937667718808 2
84.1735324393118 75.2306161384782 2
86.3640181700947 76.4691802521672 2
88.5542526938579 77.7090839494441 2
90.7443898975685 78.9499266063675 2
92.9346184665312 80.1912884004404 2
48.4648525139486 0.614727656779412 2
50.6559100784193 1.85583735942445 5
52.8476696107689 3.09618278404863 5
55.0402296955602 4.33534945899351 5
57.2335836114723 5.57292950430346 5
59.4276295677795 6.8085231692524 5
61.6222143318622 8.04175148276724 1
63.8171901024414 9.27228270924724 1
66.0124599095544 10.4998685810779 1
68.2079957839155 11.7243822584863 1
70.4038246375184 12.9458530299589 3
72.599985683831 14.1644846650183 3
74.7964716298429 15.3806403760968 3
76.9931703770238 16.5947931632132 3
79.1898262200836 17.8074584160892 3
81.3860378257956 19.0191365511638 4
83.5813020471982 20.2302892985768 4
85.7750976781557 21.4413534125512 4
87.9669833573552 22.6527702192208 2
90.1566698327549 23.8649970609098 2
92.3440365396593 25.0784811431489 2
94.5290956316284 26.2936067070046 2
96.7119353804313 27.5106453922847 2
98.8926754271085 28.7297326893971 2
101.071445723719 29.9508728312013 2
103.248382569502 31.1739603589561 2
105.423631267073 32.398804850239 2
107.597350496604 33.6251502364249 2
109.769716295065 34.852688398258 2
111.940927103176 36.0810706284175 2
114.111212487429 37.30992085938 2
22.9602442126085 38.5388543068702 2
25.1295544260833 39.767502885491 5
27.2989285326776 40.9955436230235 5
29.4687905912041 42.2227205390723 5
31.6395533074274 43.4488491680933 5
33.8115563227498 44.6738002613491 5
35.9850261759725 45.8974719058855 1
38.1600885582459 47.1197662551126 1
40.336827103119 48.3405817468031 1
42.515345269182 49.559821486365 1
44.6957868749073 50.7774131467811 1
46.8783033506769 51.9933377902598 1
49.0629906637905 53.2076659735128 1
51.2498342782725 54.4205875167639 3
53.4386868506211 55.6324196092751 3
55.6292808250068 56.8435893112049 3
57.8212651174863 58.0545990720451 5
60.014252995861 59.2659886012586 4
62.2078694717101 60.4783016258184 2
64.4017876415317 61.6920582157015 2
66.5957467504324 62.9077288397688 2
68.7895515076639 64.1257075929479 2
70.9830596467292 65.3462874911609 2
73.1761678978462 66.5696441252276 2
75.3688031821682 67.7958324392225 2
77.5609199955046 69.0247965978043 2
79.7525012794773 70.2563885330722 2
81.9435598876812 71.4903889963024 2
84.1341397114133 72.7265250383227 2
86.3243169650945 73.9644808071349 2
88.5142019090089 75.2039041794955 2
90.7039409739897 76.4444113759461 2
92.8937174715237 77.6855919988771 2
95.0837464062128 78.9270168160469 2
97.2742573744771 80.1682484843441 2
52.8051617081399 0.590840912962686 2
54.997213327355 1.83039296206 5
57.1901694533425 3.06848093787608 5
59.3839830400612 4.30470555201928 5
61.5785251908078 5.53868616324749 5
63.773631994928 6.77007740192736 1
65.9691547335318 7.99859692724429 1
68.1649948484092 9.22405936157435 3
70.3611137530757 10.4464114543453 3
72.5575153483663 11.6657614028348 3
74.7542051408163 12.8823860579984 3
76.9511358224454 14.0967052215662 3
79.1481540805435 15.309226075408 3
81.3449670542574 16.5204763206271 3
83.5411466754658 17.7309532878135 4
85.7361822362094 18.941110597715 4
87.9295731579003 20.1513817661841 4
90.120928339696 21.3622127097162 4
92.3100250654237 22.5740665143037 2
94.496802449838 23.7873859660355 2
96.6813078174489 25.0025336815979 2
98.8636383029306 26.2197441167516 2
101.043906863747 27.4391072890626 2
103.222234035152 28.6605810596229 2
105.398751612652 29.8840171579052 2
107.573607694047 31.1091870388402 2
109.746970324698 32.3358009068571 2
111.919029995645 33.5635218917684 2
20.7694030939251 34.7919796561401 2
22.9395479645031 36.0207879422653 5
25.1091691270883 37.2495694159054 5
27.2786318875578 38.4779863641419 5
29.4483513962609 39.7057683471267 5
31.6187544140865 40.932723086199 5
33.7902183086976 42.1587214791749 1
35.9630179918597 43.3836623682038 1
38.1373188997194 44.6074365830092 1
40.3132246971513 45.8299094702528 1
42.4908430777253 47.0509282376891 1
44.6703186148949 48.2703486406216 1
46.8518115114524 49.488072521738 1
49.0354393196919 50.7040926268045 1
51.2212185559423 51.9185329686971 1
53.4090359382307 53.1316654104276 1
55.5986551196416 54.34389505187 5
57.7897490355829 55.5557221260015 5
59.9819445590138 56.7676955430352 5
62.1748681045669 57.9803702205776 2
64.3681830165444 59.1942734329828 2
66.5616119562207 60.4098792913111 2
68.7549420555806 61.6275876634277 2
70.9480166068698 62.8477060463096 2
73.1407215488215 64.0704366227058 2
75.3329745740374 65.2958718807805 2
77.5247201784154 66.5240001219898 2
79.7159295719181 67.7547188591084 2
81.906602671965 68.9878518800424 2
84.0967702987242 70.2231650224354 2
86.2864962649107 71.4603766984502 2
88.4758793910554 72.6991642665322 2
90.6650554694419 73.9391682438218 2
92.8541983440355 75.1799961378784 2
95.0435171811828 76.4212283625081 2
97.2332452007278 77.6624276957917 2
99.4236155862791 78.9031513218648 2
101.614825301326 80.1429622358572 2
57.1466957265753 0.563425193356492 5
59.3398503265195 1.80015683023294 5
61.5339129368349 3.03476010437392 5
63.7287403911275 4.26688094676629 5
65.9241668097704 5.49621626974612 5
68.1200459417625 6.72254138151066 3
70.3162774124489 7.9457414860969 3
72.5128106266715 9.16584329357385 3
74.7096255041995 10.3830347149081 3
76.9066933488703 11.597660298556 3
79.1039263207613 12.8101866528553 3
81.3011292656065 14.0211439576063 3
83.4979725188151 15.2310628526699 0
85.6940054055459 16.4404328512029 4
87.8887208130282 17.6497007473378 4
90.0816562818504 18.8593020870856 4
92.2724865788595 20.0696914424738 4
94.4610586450211 21.2813356772815 4
96.6473589103752 22.4946646527979 2
98.8314495936295 23.7100083314251 2
101.013419502751 24.9275551042151 2
103.193366890121 26.14734503364 2
105.371403335614 27.3692892620111 2
107.547661173414 28.593199100895 2
109.72229747604 29.818811728799 2
18.5748933801412 31.0458087641655 5
20.7468608508007 32.273831241577 5
22.9178388482752 33.5024957946475 5
25.0881103555266 34.7314170009013 5
27.2580127009879 35.96023774261 5
29.42793846302 37.1886617158867 5
31.5983114229185 38.4164738558715 1
33.7695343851808 39.6435337188303 1
35.9419299549265 40.8697395799663 1
38.1157133779312 42.0949806672801 1
40.291020830939 43.3191042342552 1
42.4679710563159 44.54191426016 1
44.6467085403527 45.7632005868678 1
46.8273955959668 46.982786023487 1
49.0101627118277 48.200581091559 1
51.1950502018094 49.4166357610771 1
53.3819740127748 50.631166482263 1
55.5707264283836 51.8445467056809 1
57.7610039512423 53.0572676615046 5
59.9524491351291 54.2698858195463 5
62.1446944636609 55.4829713581432 2
64.3373995400459 56.6970664251315 2
66.5302756883656 57.9126557363435 2
68.7230952941496 59.1301471651809 2
70.9156877586214 60.3498587872841 2
73.1079280419127 61.5720109245732 2
75.2997251487999 62.796723820854 2
77.4910152721529 64.0240217712716 2
79.6817601698235 65.2538430126411 2
81.871948759528 66.4860529808919 2
84.061599757205 67.7204575211624 2
86.2507643706004 68.9568123829661 2
88.4395287225007 70.1948288746353 2
90.6280159049097 71.4341774735863 2
92.8163873134643 72.6744906126166 2
95.0048415912467 73.9153666230622 2
97.1936077466971 75.1563768978135 2
99.3829283934734 76.3970768132584 2
101.573031209319 77.6370187184533 2
103.764092700521 78.8757638730947 2
105.956205694085 80.1128911455366 2
61.4890639922805 0.529991892323226 5
63.6831759311749 1.76272466636087 5
65.878092885052 2.99275973834042 5
68.0736526868422 4.21984649836847 3
70.2697138420652 5.44382778979261 3
72.4661745462639 6.66466871557998 3
74.6629719200302 7.882480160991 3
76.8600612405889 9.09752688085808 3
79.0573783155647 10.3102123426637 3
81.2547928486122 11.5210381476138 0
83.4520662755018 12.7305459880957 0
85.6488336234364 13.9392613703703 0
87.8446302407611 15.1476636436547 0
90.0389699519452 16.3561960433928 4
92.2314478867448 17.5653010778293 4
94.4218133507867 18.7754427697632 4
96.6099731670682 19.9870852328335 4
98.7959385757224 21.2006339514984 4
100.979765141576 22.4163752004465 2
103.161522630708 23.6344445289096 2
105.341295367949 24.8548302061989 2
107.519193046611 26.077398495009 2
16.3747551640637 27.3019241834732 5
18.5493570978796 28.5281153463238 5
20.7225984295765 29.7556315377838 5
22.894708628597 30.9840997230821 5
25.0659513916989 32.2131332812549 5
27.2366354004654 33.4423587374625 5
29.4071216351194 34.6714491132898 5
31.5778134385155 35.9001528574127 1
33.7491194383917 37.1283005833828 1
35.9213982637091 38.3557780157494 1
38.0949171429582 39.5824737384965 1
40.2698566731487 40.8082298091049 1
42.4463583993859 42.032823733497 1
44.6245719845559 43.2559916587317 1
46.8046605050027 44.4774818988108 1
48.9867619374824 45.6971209747402 1
51.1709345299716 46.9148776896252 1
53.3571189557341 48.1309028544146 1
55.5451332031186 49.3455273164571 1
57.7346959278546 50.5592240676295 5
59.9254656310917 51.7725517493466 5
62.1170830055696 52.9860955276697 5
64.3092076359355 54.2004169316639 2
66.5015436430435 55.4160181719364 2
68.6938517437805 56.6333207890249 2
70.8859486849064 57.8526550762763 2
73.0776984567468 59.0742564577825 2
75.2690014124287 60.2982666633858 2
77.4597863425703 61.5247388598169 2
79.6500073207013 62.7536461010466 2
81.8396443087045 63.9848918682233 2
84.0287055739627 65.218320739872 2
86.2172305880639 66.4537264571454 2
88.405292743864 67.6908565402227 2
90.5930015868329 68.9294150632172 2
92.7805043816512 70.1690644586639 2
94.9679861242907 71.4094277554295 2
97.1556657695106 72.6500931705193 2
99.3437853400304 73.8906225675851 2
101.532589114932 75.1305636313449 2
103.722293342859 76.3694638299386 2
105.913052788172 77.6068835557246 2
108.104935518313 78.8424071758797 2
110.29791681725 80.0756533550356 2
65.8315948931487 0.488276015383125 5
68.0264257597001 1.71602753498218 5
70.2219551726343 2.94070995588819 3
72.4180489631297 4.16224526169287 3
74.6146046263721 5.3806855363773 3
76.8115460404373 6.59622548161213 3
79.0088012803208 7.80919934447657 0
81.206266998486 9.02005778920727 0
83.4037669571521 10.2293247678966 0
85.6010184628968 11.4375430750515 0
87.7976273640822 12.6452274870022 0
89.9931310170923 13.8528476357277 0
92.187085803599 15.0608476484915 4
94.3791584411227 16.2696801133668 4
96.5691673301395 17.4798149677233 4
98.7570563875304 18.6917030234664 4
100.942836293746 19.905712595759 4
103.126541978701 21.1220765938168 4
105.308224747348 22.3408734456491 4
14.1673627091203 23.562040044676 5
16.3452770954421 24.7854011172337 5
18.5215235941961 26.0106997498096 5
20.6962935593771 27.2376209320312 5
22.8698074317 28.465809488371 5
25.042314349058 29.6948870271547 5
27.2140982932037 30.9244734771078 5
29.3854865342758 32.154216400398 1
31.5568496656899 33.3838230174176 1
33.7285810590225 34.6130795545426 1
35.9010543750317 35.8418402324471 1
38.0745789312469 37.0699821484596 1
40.2493844955176 38.2973463979828 1
42.4256478690858 39.5236999218027 1
44.6035345236574 40.7487427369842 1
46.7832131315607 41.972159592541 1
48.9648288149502 43.1936955842405 1
51.1484549567511 44.4132332742364 1
53.3340538568265 45.6308473608941 1
55.5214666711573 46.8468135892795 1
57.7104326359222 48.061575315892 5
59.9006255628877 49.2756851201497 5
62.0916947377774 50.4897394274701 5
64.283301157834 51.704320334547 2
66.4751438454916 52.9199526141937 2
68.6669738424849 54.1370779104428 2
70.8585963676551 55.3560436219059 2
73.0498645835485 56.5771017477879 2
75.2406700403295 57.8004133713373 2
77.4309344848698 59.0260560145055 2
79.6206055105358 60.2540323913103 2
81.8096559487569 61.4842796688239 2
83.9980855517079 62.7166782793668 2
86.1859236376052 63.9510586348292 2
88.3732318418758 65.1872046722012 2
90.5601064521318 66.4248556625365 2
92.7466801508167 67.6637070754576 2
94.9331227026713 68.9034114135522 2
97.1196392434277 70.1435805202363 2
99.3064637355899 71.3837910928104 2
101.493844818077 72.6235944285521 2
103.682022669311 73.8625299097453 2
105.87119921791 75.1001404479544 2
108.061509071713 76.3359878785714 2
110.253001451624 77.5696675211001 2
112.445640854575 78.8008227814336 2
114.639326583629 80.0291611614604 4
70.1736226300044 0.436460670709306 3
72.3689903049554 1.65863569194531 4
74.5650041929044 2.87768486491066 3
76.7615598649956 4.09374899471635 0
78.9585636480867 5.30710078617783 0
81.1559102771206 6.51813286039762 0
83.3534514058954 7.72733006877992 0
85.5509621767907 8.93522699765309 0
87.7481199765549 10.1423595914532 0
89.9445157736069 11.3492294811423 0
92.1397110250166 12.5562994076717 0
94.3333226512283 13.7640187411878 0
96.5250886418714 14.9728499604302 4
98.7148757414918 16.1832607194825 4
100.902637386566 17.3956750007358 4
103.08836645057 18.6104112273536 4
11.9514754405585 19.8276413929198 3
14.1332112837784 21.0473849961759 5
16.3130602408217 22.269529738653 5
18.4911578195487 23.4938629948825 5
20.6676810435862 24.7201013727766 5
22.8428399586714 25.9479131192449 5
25.0168718048304 27.1769358263488 1
27.1900410850991 28.4067942109221 1
29.3626448067353 29.6371229812776 1
31.5350164582998 30.8675954656297 1
33.7075182933251 32.0979490735281 1
35.8805151708805 33.327990378809 1
38.0543376192398 34.5575665539698 1
40.2292570142368 35.7865098260223 1
42.4054917579085 37.0145847638976 1
44.583235170595 38.2414735770639 1
46.762671668574 39.4668146539152 1
48.9439593098684 40.6902805863348 1
51.1271887370948 41.9116666614278 1
53.3123439578589 43.1309615956842 1
55.4992886138835 44.3483718918748 1
57.6877816009627 45.5642971542291 1
59.8775111191295 46.7792726123412 5
62.0681342793236 47.9938991291165 5
64.2593130553837 49.2087776470006 2
66.4507413026831 50.4244584293246 2
68.6421604882196 51.6414091426812 2
70.8333642852419 52.8600006737865 2
73.0241946875686 54.0805061338043 2
75.2145340005054 55.3031074480549 2
77.4042969051547 56.5279050544625 2
79.5934252757354 57.7549280171378 2
81.7818863387001 58.9841433157877 2
83.9696732940088 60.215463784012 2
86.1568072838329 61.4487539332157 2
88.3433398599345 62.6838327114933 2
90.5293552541182 63.9204743984019 2
92.7149721838752 65.158408619822 2
94.9003449376402 66.397320060117 2
97.0856629573598 67.6368489613405 2
99.2711473078435 68.8765939113433 2
101.457041717106 70.1161184762163 2
103.643596204199 71.3549623943223 2
105.831043229937 72.5926568083616 2
108.019570013904 73.8287420603798 2
110.209294603553 75.0627864122915 2
112.400254420249 76.294404741652 2
114.592412224306 77.5232770537417 2
116.785677005945 78.7491668853832 4
118.97993078349 79.9719385888408 4
74.5147501442251 0.373559547063546 3
76.7106196005666 1.59015466454067 0
78.9071257641389 2.8039373799798 0
81.1041481343201 4.01524815232264 0
83.3015393201174 5.22452518478882 0
85.4991013513352 6.43227527685639 0
87.6965637449828 7.63903423288255 0
89.8935770494497 8.84532628677435 0
92.0897388818406 10.0516404659495 0
94.2846548568347 11.2584368938941 0
96.4780067580062 12.466172969335 0
98.6695870323237 13.6753164230685 0
100.859283426982 14.8863198864477 0
9.72643771721874 16.0995652468151 3
11.9122262218218 17.3153097040839 4
14.0960526678557 18.5336595381877 3
16.2779686492255 19.7545757934854 3
18.4580802321611 20.9779002813594 5
20.6365437386853 22.2033874956479 1
22.8135546272749 23.4307328046039 1
24.989337458166 24.6595938481139 1
27.1641404669502 25.8896079337593 1
29.3382356381664 27.1204099338876 1
31.5119215301117 28.351654224906 1
33.6855221115657 29.5830384361379 1
35.8593744328556 30.8143176837183 1
38.0338050937093 32.0452938587722 1
40.2091075239257 33.2757745778055 1
42.3855361177174 34.5055186892585 1
44.5633186528394 35.7342029177497 1
46.7426666248535 36.9614389448316 1
48.9237616705401 38.1868425097638 1
51.1067195622867 39.4101269846284 1
53.2915514648256 40.6311883765139 1
55.4781468292821 41.8501492423824 1
57.6662855667641 43.0673481576965 1
59.8556700341096 44.2832876618439 5
62.0459638379222 45.4985624234849 5
64.236827983881 46.7137874016075 5
66.427949030955 47.9295390822698 2
68.6190568233864 49.1463160928377 2
70.8099316492676 50.3645197525235 2
73.0004028135555 51.5844508058169 2
75.1903422378409 52.8063163588053 2
77.3796570101931 54.0302412446443 2
79.5682835986148 55.2562798474346 2
81.7561847969412 56.4844263640419 2
83.9433490783323 57.7146228643961 2
86.1297915420157 58.9467648996125 2
88.3155557707922 60.1807040047113 2
90.5007158298153 61.4162479391011 2
92.6853779678659 62.6531599999168 2
94.869681856834 63.891157885714 2
97.0538009424157 65.1299128659756 2
99.2379408872226 66.3690504140376 2
101.422334376677 67.6081538218842 2
103.607230346825 68.8467722476372 2
105.792876480709 70.08443380234 2
107.979496013962 71.3206632766137 2
110.167263309041 72.555003211832 2
112.356285506814 73.787036627881 2
114.546597182362 75.0164098885384 2
116.738169953252 76.2428543060945 2
118.930931973458 77.4662042855197 4
121.124787749213 78.6864098056566 4
123.319630005601 79.9035417298755 0
78.8550404868304 0.299778130306123 3
81.0514866316531 1.51144213617683 0
83.248508434739 2.72091803487765 0
85.445909924242 3.92867721051948 0
87.6434459385577 5.1352380159654 0
89.8408130488446 6.34113058045812 0
92.0376556855967 7.54686540316899 0
94.2335984913376 8.75292195622548 0
96.4282986977913 9.95976263193362 0
98.6214909023248 11.1678524852848 0
7.49239596961246 12.3776542595406 3
9.68210526945776 13.5895889545807 0
11.8699468326428 14.8039813025658 3
14.0558863815846 16.021018872505 3
16.2399369662573 17.2407403978646 3
18.4221693687475 18.4630506122251 3
20.6027114898299 19.6877492654004 1
22.7817380467301 20.9145624119336 1
24.9594573934721 22.1431691126558 1
27.1361015115299 23.3732218956082 1
29.3119210404832 24.6043634520532 1
31.4871843985568 25.8362432322524 1
33.6621776130693 27.0685354129928 1
35.837200021852 28.3009537346938 1
38.0125533263644 29.5332520656381 1
40.1885281090137 30.765200555813 1
42.3653968306799 31.9965413043376 1
44.5434167243333 33.2269477218743 1
46.7228318810299 34.4560205539928 1
48.9038580726002 35.6833380797503 1
51.086647918886 36.9085444360153 1
53.2712511929984 38.1314429079799 1
55.4575927195065 39.352059893395 1
57.6454796779198 40.5706537561409 1
59.8346311656583 41.7876743687046 5
62.0247167416802 43.0036942527935 5
64.2153937027073 44.2193330271965 5
66.4063373596813 45.4351910363971 2
68.5972616382303 46.6518012597896 2
70.7879294227466 47.8696023686763 2
72.9781539994301 49.0889306100079 2
75.1677945415327 50.3100248869953 2
77.3567492065441 51.5330385512868 2
79.5449487863051 52.7580526932773 2
81.7323523847955 53.9850878934709 2
83.9189453166979 55.2141132434184 2
86.1047387357049 56.4450524657726 2
88.2897705417079 57.6777868126798 2
90.4741068953834 58.9121551370474 2
92.6578436906475 60.1479527461977 2
94.8411077566814 61.3849296817076 2
97.0240575469522 62.6227889737587 2
99.206882744978 63.861185727654 2
101.389801660796 65.0997282938564 2
103.573054738426 66.3379831390945 2
105.75689269732 67.5754848086163 2
107.941558959965 68.8117516031037 2
110.127268329064 70.0463066248206 2
112.31418684402 71.2787028553347 2
114.502419273253 72.5085502518072 2
116.692008574929 73.7355419018936 2
118.882946044784 74.9594756456813 4
121.075185059298 76.1802681444544 4
123.268650141988 77.3979597829285 4
125.463237969081 78.6127107559665 0
127.658813503812 79.8247902518662 0
83.1949060119499 0.216549574349637 3
85.3919109886296 1.42445050368599 0
87.5892859759611 2.63097441606068 0
89.7867516392844 3.83664233157151 0
91.9839916497287 5.04197401237289 0
94.180663774153 6.24746726100448 0
96.3764283967003 7.45359793836521 0
5.25038516830229 8.66083474466157 3
7.4435047097514 9.86964409624263 0
9.63501885653972 11.0804674587062 0
11.8248114282534 12.2936762238049 0
14.0128087834263 13.5095257288764 3
16.1989858724367 14.7281291655334 3
18.3833760004278 15.949458312453 3
20.5660730344166 17.1733647247592 3
22.7472236959883 18.3996100535014 1
24.9270144127683 19.6278961952574 1
27.105658292991 20.857890444124 1
29.2833856948221 22.0892447680403 1
31.4604390407385 23.3216109856922 1
33.6370705368018 24.5546539963218 1
35.8135403950969 25.7880627149521 1
37.9901137530632 27.0215534700549 1
40.1670570491175 28.2548578390455 1
42.3446370266261 29.487692310123 1
44.5231230440703 30.7197218679345 1
46.7027852148467 31.9505436956952 1
48.8838763470208 33.1797159366632 1
51.0665955714888 34.4068312356407 1
53.2510455654896 35.6316090857163 1
55.4372024395948 36.8539744650186 1
57.6249142842042 38.074088475801 1
59.8139256587002 39.2923255274581 1
62.0039152111996 40.509214028226 5
64.1945349347964 41.7253621644305 5
66.3854441184393 42.9413863042656 5
68.5763344655007 44.1578538667899 2
70.7669450125626 45.3752466738182 2
72.9570673936511 46.5939450277646 2
75.1465437589348 47.8142281724028 2
77.3352606517372 49.0362846078705 2
79.5231420049328 50.260226057601 2
81.7101433563487 51.4861007880903 2
83.8962480348871 52.713904195321 2
86.081465182752 53.9435861211947 2
88.2658293387049 55.1750547933387 2
90.4494011906507 56.4081774123817 2
92.632268684282 57.6427789050015 2
94.8145480793697 58.8786399049193 2
96.9963847616816 60.1154944463622 2
99.177953456262 61.3530280242856 2
101.359457146874 62.5908770152006 2
103.541123612132 63.8286308750671 2
105.723198142287 65.0658388354465 2
107.905931416962 66.3020224716985 2
110.089562987904 67.5366947780558 2
112.274303085908 68.76938538849 2
114.460317438543 69.9996702229086 2
116.647719677155 71.2272018280195 2
118.83657241926 72.451735723889 2
121.026892770988 73.6731484279131 4
123.218655433652 74.8914446665961 4
125.411790161 76.1067539039838 4
127.606177056805 77.319318289569 0
129.801646111896 78.5294750128 0
131.997983553616 79.7376363584642 0
87.5346410104895 0.126258362277178 3
89.7319463634011 1.33186734424471 0
91.9293047039091 2.53696796422142 0
94.1264043927574 3.74206831457471 0
3.00232319076568 4.94765959704147 3
5.19795557269975 6.15422215694359 0
7.39243066442462 7.36222945174979 0
9.58553357485319 8.57213488626659 0
11.7771030145064 9.7843392386634 0
13.9670265509259 10.999148679947 3
16.1552428369152 12.2167411089962 3
18.3417485563817 13.4371538436816 3
20.5266015493471 14.6602939158756 3
22.7099157132463 15.8859633713056 1
24.8918495039249 17.1138898780125 1
27.0725923962659 18.3437554585001 1
29.2523528421861 19.5752198493668 1
31.4313493882592 20.8079379008797 1
33.609805125248 22.0415718757986 1
35.7879449159598 23.2757992427485 1
37.9659951496702 24.5103144335637 1
40.1441863897058 25.7448208202301 1
42.3227594217961 26.979010226134 1
44.5019725910228 28.2125350154173 1
46.6821027943953 29.4449892700279 1
48.8634292121285 30.6759216423451 1
51.0461968401085 31.9048908524769 1
53.2305705752839 33.13154869457 1
55.4165953888026 34.355723505131 1
57.6041808489405 35.5774698911873 1
59.7931146620494 36.7970665845925 1
61.9830955848504 38.0149726208982 5
64.1737737429887 39.2317612371053 5
66.3647895109029 40.4480485225406 5
68.5558054343936 41.6644296421292 2
70.7465281086514 42.8814315536166 2
72.9367191783607 44.0994862465716 2
75.1261968978746 45.3189230699626 2
77.3148313507962 46.5399747302173 2
79.5025368756763 47.7627902894937 2
81.6892645341691 48.9874495861674 2
83.8749961833161 50.2139756636109 2
86.0597405254693 51.442343866194 2
88.2435309798146 52.6724873965459 2
90.4264252663823 53.9042992009394 2
92.6085059518384 55.137631158333 2
94.7898812536349 56.3722920951976 2
96.9706858400127 57.6080452585262 2
99.1510813861036 58.8446057832268 2
101.331256429409 60.0816389334955 2
103.511424758284 61.3187603484393 2
105.691821369305 62.5555399113196 2
107.87269503334 63.7915109681977 2
110.054296917311 65.0261863538594 2
112.236866358445 66.259081915995 2
114.420616570644 67.489746500373 2
116.605723734401 68.7177948892067 2
118.792321154724 69.942938541279 2
120.980496270711 71.1650086401109 4
123.170285835325 72.3839676696057 4
125.361667406894 73.5999087600121 4
127.554551703862 74.8130444852447 0
129.748783132491 76.0236878601677 0
131.944150901238 77.2322292169366 0
134.140405674386 78.4391137520523 0
136.337274499904 79.6448232196958 0
