x           y           stackinginfo
0.0 0.0 0
2.19727971830542 1.20492782646728 0
4.39421704385155 2.4104342065153 0
6.59052245380289 3.61701521869439 0
8.78592643043074 4.82515015607207 0
10.980193370652 6.0352793358215 0
13.1731299830613 7.24777806084207 0
15.3645910547586 8.46293100864072 3
17.5544859761267 9.68091225400216 3
19.7427848545657 10.9017757913716 3
21.9295204039663 12.1254587822605 3
24.1147832813402 13.351796210745 1
26.2987116306633 14.5805429441533 1
28.4814775911091 15.8113982885819 1
30.6632737688605 17.0440287889823 1
32.8443019078369 18.2780863776447 1
35.024765159817 19.5132202120059 1
37.2048648102434 20.7490813996613 1
39.3848017739988 21.9853206126482 1
41.5647822081918 23.2215797882898 1
43.745024831476 24.4574813283118 1
45.9257658407046 25.692620632126 1
48.1072563825874 26.9265696147696 1
50.2897482502687 28.1588983140644 1
52.4734681583252 29.3892152054715 1
54.6585866603988 30.6172167467318 1
56.8451862201002 31.8427379631233 1
59.0332386175255 33.065789084318 1
61.2225998287101 34.286563638688 1
63.4130228164084 35.5054186988645 1
65.6041839647597 36.7228360727733 5
67.7957169803218 37.9393740113432 5
69.987247970744 39.1556168546027 5
72.1784263685187 40.3721284272913 2
74.3689480547678 41.5894141484295 2
76.5585691237372 42.8078953664178 2
78.7471107420774 44.0278968893879 2
80.9344570389164 45.2496459231467 2
83.1205486439909 46.4732788112146 2
85.3053743853898 47.6988515767845 2
87.4889630414221 48.9263510142036 2
89.6713763064952 50.1557043283154 2
91.852703952715 51.3867858440732 2
94.0330614926929 52.6194199548328 2
96.2125889853784 53.8533821591707 2
98.3914502682567 55.0883997029156 2
100.569832361936 56.3241523963889 2
102.747944672431 57.5602744305586 2
104.926017311283 58.7963585027334 2
107.104297859145 60.0319637174309 2
109.283046150958 61.2666284208374 2
111.462526600651 62.4998885669973 2
113.642997832615 63.7313009086451 2
115.824700308807 64.9604689208146 2
118.007843257363 66.1870682255976 2
120.192592410867 67.4108678482262 2
122.379059821939 68.6317442778723 4
124.567296480261 69.8496869527917 4
126.757288077197 71.064795771991 4
128.948954364446 72.277272587587 0
131.142152754068 73.4874087883298 0
133.336686320162 74.6955704733166 0
135.532315126416 75.9021822733476 0
137.728769010815 77.1077107177887 3
46.6051589066208 78.3126476342736 0
48.8023945114834 79.517495075808 0
50.9995820584327 80.7227575177356 3
6.53613150442738 1.11092942171487 0
8.73236544249323 2.31853017607751 0
10.9277290075583 3.52801193344232 0
13.1220048034173 4.73978079465895 0
15.3150204862357 5.95416091412053 0
17.5066549979149 7.17137353749047 3
19.6968438492061 8.39152323928384 3
21.8855817002008 9.61459508039248 3
24.0729199820666 10.840463744569 1
26.2589590886159 12.0689123267088 1
28.443836700709 13.2996562599413 1
30.6277147727624 14.5323675504775 1
32.8107676233636 15.7666954853165 1
34.9931729990847 17.0022813838435 1
37.1751074000237 18.2387661817894 1
39.3567463386961 19.4757906995642 1
41.5382691851309 20.7129896520539 1
43.7198667143553 21.9499820485067 1
45.9017478685913 23.1863628801618 1
48.0841414498481 24.4217027372494 1
50.2672889038583 25.6555621522464 1
52.4514260386985 26.8875242209258 1
54.6367562834424 28.117239664406 1
56.823419041248 29.3444748516535 1
59.0114584382244 30.5691542682269 1
61.2008040460644 31.7913806960639 1
63.3912694639576 33.0114273390295 1
65.5825688062267 34.229708303482 1
67.7743469408134 35.446737029289 5
69.9662168868337 36.6630801136368 5
72.1577971766951 37.8793113904439 2
74.3487430965619 39.0959704535416 2
76.5387680991747 40.313529841513 2
78.7276544700083 41.5323739606656 2
80.9152546472046 42.7527902966316 2
83.10148594008 43.9749708031747 2
85.286321690351 45.1990197972649 2
87.4697814513887 46.4249645975548 2
89.65192194535 47.6527661484298 2
91.8328298806009 48.8823278485627 2
94.0126177100155 50.1135009312952 2
96.1914216593098 51.3460867122685 2
98.3694006776042 52.5798377601056 2
100.546735906059 53.8144588764016 2
102.723630370568 55.049608543248 2
104.900308403457 56.2849019579165 2
107.077014114832 57.5199172346026 2
109.254008253864 58.7542062974805 2
111.431562932474 59.9873111996073 2
113.609953860452 61.2187855956286 2
115.789449766352 62.4482198816097 2
117.970299453623 63.6752670099244 2
120.152717671999 64.8996652209781 2
122.33687127756 66.1212543467755 4
124.522867250342 67.3399838303907 4
126.710744165308 68.5559125633485 4
128.900468636548 69.7692021256275 0
131.091937733222 70.9801054442508 0
133.284986987558 72.1889525696279 0
135.479401810066 73.3961350999115 3
44.3543280123105 74.6020909660548 0
46.5506893961003 75.8072909080978 0
48.7475905530572 77.0122270322196 0
50.9447343116387 78.2174044687965 0
53.141827260711 79.4233368762302 0
55.3385844342181 80.6305361838981 3
10.8744382721494 1.02147832510222 0
13.0697538076441 2.23262261042666 0
15.2640352366792 3.44631747826651 0
17.457135716965 4.66282610554 3
19.6489615603494 5.88229919401766 3
21.8394747078015 7.10476783704592 3
24.0286915437353 8.33014750944447 3
26.2166771884506 9.55825280033384 1
28.403535866571 10.7888194544491 1
30.5893991727517 12.0215289135392 1
32.7744144665045 13.2560309069145 1
34.9587353782128 14.4919608826434 1
37.1425159569945 15.7289506459109 1
39.3259094420503 16.9666319633404 1
41.5090715013303 18.2046334956739 1
43.6921664077836 19.4425728178468 1
45.8753735995474 20.6800475180126 1
48.0588916422514 21.9166313859078 1
50.242936618137 23.1518824296877 1
52.4277323480834 24.3853674227319 1
54.6134916452783 25.6167015366645 1
56.80039064037 26.8455936762841 1
58.9885362805216 28.0718903575507 1
61.1779355553698 29.2956060957997 1
63.3684780852725 30.5169275255588 1
65.5599374267372 31.7361933033079 1
67.7519913705159 32.9538591621342 5
69.9442566323061 34.1704568341945 5
72.1363301210429 35.3865516894424 5
74.3278282991384 36.6027016967917 2
76.5184179565493 37.819420719248 2
78.7078350549399 39.0371499334631 2
80.8958917106144 40.2562402355075 2
83.082473775608 41.4769459723336 2
85.267532479536 42.6994277563856 2
87.4510734557074 43.9237607937381 2
89.6331457043748 45.1499454060452 2
91.8138320614196 46.3779172682107 2
93.993242344001 47.607555453201 2
96.1715098615581 48.8386868767882 2
98.3487897968818 50.0710885295515 2
100.525258512734 51.3044890867187 2
102.70111348925 52.5385705481101 2
104.876573521237 53.772970847832 2
107.051878533085 55.0072889060862 2
109.227288207775 56.241093744457 2
111.403078666591 57.4739386738314 2
113.579536560429 58.7053807613369 2
115.756950278391 59.9350044249428 2
117.935598155138 61.1624466296528 2
120.115734001471 62.3874201848423 2
122.297571379173 63.609731616969 2
124.481268597844 64.829291394598 4
126.666916757213 66.0461161646338 4
128.85453317906 67.2603241974783 4
131.04406177892 68.4721258394365 0
133.235379969262 69.6818106244391 3
42.1077077112973 70.8897326438933 0
44.3020239767019 72.0962962044046 0
46.4974665019701 73.3019441209823 0
48.6937473518429 74.5071496071265 0
50.8905639708563 75.712410456811 0
53.0876125724636 76.9182432603262 0
55.2845981374306 78.1251724512507 0
57.4812425859704 79.3337084648504 0
59.6772947105839 80.5443184965724 3
15.2122398012843 0.939387255796705 0
17.4065103246839 2.15524132545891 0
19.5996871276972 3.37406313017593 3
21.7917044361344 4.59592789826965 3
23.9825484932801 5.82079217833552 3
26.1722531864498 7.04850462010766 3
28.3608921458364 8.27882538187236 1
30.5485685187688 9.51144991585623 1
32.7354042550646 10.7460324258205 1
34.9215307256426 11.9822051541437 1
37.1070822973045 13.2195917777974 1
39.2921939475327 14.457814658271 1
41.4770027621419 15.6964954422128 1
43.661651879782 16.9352497251758 1
45.8462948814517 18.1736786130237 1
48.0310990641835 19.4113623139102 1
50.216246617623 20.6478623028986 1
52.4019322297343 21.8827378624409 1
54.588354419299 23.1155785734548 1
56.7756987932415 24.346046807625 1
58.9641124492921 25.5739206371945 1
61.1536697162605 26.7991308123069 1
63.3443411499969 28.0217774159464 1
65.5359773634121 29.2421202115013 1
67.7283133683584 30.4605500563924 1
69.9209934636658 31.6775518399387 5
72.1136108459335 32.8936659043706 5
74.3057524651108 34.1094502531533 5
76.4970394563059 35.3254443026728 2
78.6871563281263 36.5421363612097 2
80.8758663709723 37.759938407992 2
83.0630145546065 38.9791709762095 2
85.2485213869833 40.2000584176516 2
87.4323717468901 41.4227323620384 2
89.6146021684693 42.6472402250329 2
91.7952889922493 43.8735556566034 2
93.9745387694655 45.1015885396211 2
96.1524822407094 46.331192352788 2
98.3292716139482 47.5621682731577 2
100.505079436624 48.7942678816849 2
102.680098539036 50.0271955565618 2
104.854542712809 51.2606113257302 2
107.028647524717 52.4941354096168 2
109.20267041178 53.7273559872168 2
111.376889113737 54.9598414490388 2
113.551597478452 56.1911576557665 2
115.727097889916 57.4208895849794 2
117.903690172157 58.6486652277558 2
120.081657525135 59.8741784468552 2
122.261250363755 61.0972075183428 2
124.442670041609 62.317626913877 4
126.626055137564 63.5354115896102 4
128.811472911714 64.7506346567188 4
130.998917638269 65.9634600618495 3
39.8677140000976 67.1741318576222 0
42.0589316647411 68.3829614767688 0
44.2517841239356 69.5903147063997 0
46.4460400631341 70.7966010354903 0
48.6414275063432 72.0022673462343 0
50.8376447308425 73.207794729612 0
53.0343770486315 74.4136943419084 0
55.2313142393141 75.6204968703703 0
57.4281636338414 76.8287314745983 0
59.6246595352916 78.0388956601091 0
61.8205715624285 79.2514236670602 0
64.01571192578 80.4666605804404 3
19.5496400081316 0.866832339014513 4
21.7428675853284 2.08808117610072 3
23.9350545199087 3.3123936655195 3
26.1262077999522 4.53965478260034 3
28.3163742133253 5.76965299516772 1
30.5056314551786 7.00210260887058 1
32.6940785110845 8.23666716558469 1
34.8818268879237 9.47297960291267 1
37.0689942156474 10.7106576348597 1
39.2557012516329 11.9493142422411 1
41.4420720434064 13.1885621807961 1
43.6282356698816 14.4280123133792 1
45.8143276102086 15.6672672369709 1
48.0004899914042 16.9059139679479 1
50.1868717305513 18.1435214975967 1
52.3736296173816 19.3796495688849 1
54.5609287178568 20.6138726711032 1
56.7489374671308 21.8458173893629 1
58.9378129224294 23.075204322407 1
61.1276726568598 24.3018870700544 1
63.3185580137702 25.5258800519897 1
65.5104027589065 26.7473618744757 1
67.703018755126 27.9666547168982 1
69.8961043426948 29.1841903833738 5
72.0892744667295 30.4004733942436 5
74.2821050505086 31.6160460143772 5
76.4741805063337 32.8314552308866 2
78.665133947495 34.0472209362826 2
80.8546736425455 35.2638069104918 2
83.0425943080798 36.4815981009399 2
85.2287757580397 37.7008870561422 2
87.4131732451899 38.9218698996047 2
89.5958039187571 40.1446501427423 2
91.7767328828423 41.3692473826441 2
93.9560610125219 42.5956078626656 2
96.1339158575593 43.823614387089 2
98.3104468142923 45.0530932542082 2
100.485823224664 46.2838186624266 2
102.660234021724 47.5155163589795 2
104.833888561261 48.7478673431335 2
107.007018114659 49.9805125586273 2
109.179877159692 51.2130599539677 2
111.35274336978 52.4450952696476 2
113.525915050844 53.6761972523927 2
115.699704834742 54.9059570543486 2
117.874429020964 56.1340002265843 2
120.050393108624 57.3600084876619 2
122.227875364139 58.5837379934545 2
124.407110651275 59.8050317638293 2
126.588276767163 61.0238254112985 4
128.771485696195 62.2401467152384 3
37.6361795003156 63.4541105504436 4
39.823539252434 64.6659108053762 0
42.0128815406446 65.8758105808552 0
44.2040688457813 67.0841316922461 0
46.3969092070176 68.291245531253 0
48.5911573005556 69.4975674858092 0
50.786521873525 70.7035547726705 0
52.9826829058553 71.9097040911111 0
55.1793144136273 73.1165433003036 0
57.3761050072481 74.3246123950894 0
59.572771522836 75.5344340525968 0
61.7690671213813 76.7464794086913 0
63.9647868709414 77.9611370968649 4
66.1597719025595 79.1786905790699 4
68.3539118435617 80.3993046026067 3
23.8868441942802 0.805009248565665 4
26.0791540263323 2.0317517099513 5
28.2705642681325 3.2613410653514 5
30.46113045471 4.49351541831055 5
32.6509314751863 5.7279530634132 5
34.8400616594082 6.96429274813489 1
37.0286247961279 8.2021500589381 1
39.2167310095919 9.44113020655871 1
41.4044961651922 10.6808359857221 1
43.5920420040127 11.9208701841806 1
45.7794947549341 13.1608327141623 1
47.9669815240302 14.4003145484594 1
50.1546266182361 15.6388928570995 1
52.3425514720767 16.876133353408 1
54.5308794329081 18.1116053783188 1
56.7197413614972 19.3449114461465 1
58.9092744787563 20.5757263018198 1
61.099607371666 21.8038360994477 1
63.2908275078154 23.0291724928329 1
65.4829420523426 24.2518301801245 1
67.6758470424938 25.4720584209496 1
69.8693162032525 26.6902320967413 1
72.0630143042582 27.9068147786412 5
74.2565326189298 29.1223234751498 5
76.4494372881294 30.3372978588234 5
78.6413181791411 31.5522719307283 2
80.8318275240212 32.7677461233316 2
83.0207026474702 33.9841610233216 2
85.2077726930977 35.2018762618024 2
87.392953045847 36.4211576229496 2
89.5762325356071 37.6421733816819 2
91.7576581161872 38.8649984829412 2
93.9373203146448 40.0896236114485 2
96.1153412804868 41.3159661681049 2
98.2918668605689 42.5438802450759 2
100.46706315281 43.7731636011798 2
102.641115540519 45.0035630052112 2
104.814229322749 46.2347793005531 2
106.986631532131 47.4664729208618 2
109.158573130135 48.6982709724134 2
111.330330373188 49.929777205336 2
113.502203841161 51.1605856635957 2
115.674513493414 52.3902979685175 2
117.847588603775 53.6185430404566 2
120.021752809575 54.8449969595856 2
122.197306460221 56.0694001984661 2
124.37450990766 57.2915699081752 2
126.553571095688 58.5114062052834 5
35.4140370450548 59.728893089045 4
37.5971982313565 60.9440953324133 3
39.7824814988947 62.1571530752477 3
41.9698586780548 63.3682755368499 3
44.1592450401036 64.5777343388857 0
46.3504956011817 65.7858573520762 0
48.5434012189983 66.9930242959428 0
50.7376915962655 68.1996643193477 0
52.9330504861049 69.4062536341339 0
55.1291409656691 70.6133088138208 0
57.3256323680712 71.8213708950069 0
59.5222207610412 73.0309785463989 0
61.7186403925773 74.2426337776182 4
63.9146689423889 75.4567671690641 4
66.1101300860944 76.6737097168636 4
68.3048948393227 77.8936748009768 4
70.4988814587614 79.1167508589308 4
72.692053151881 80.3429044660831 5
28.2241125034417 0.753981184723535 5
30.4156970761169 1.98577120232153 5
32.6065677139928 3.21996167037621 5
34.7968041196565 4.45620312223075 5
36.9864988219436 5.69411439294989 5
39.1757542079364 6.93329660896384 1
41.36468163436 8.173343634551 1
43.5534006840699 9.41384816346794 1
45.7420359281014 10.6544030088089 1
47.9307099940694 11.8945981443508 1
50.1195351700836 13.1340160311544 1
52.3086088155515 14.3722300073724 1
54.4980171271687 15.6088115481242 1
56.6878461778827 16.8433506546943 1
58.8781924922511 18.0754887212377 1
61.0691633847254 19.3049566494477 1
63.2608588385586 20.5316105506523 1
65.4533347223001 21.7554600798003 1
67.6465622761753 22.9766754835281 1
69.8403992110032 24.1955689668209 1
72.0345828723852 25.412559586006 5
74.2287490119486 26.6281351355976 5
76.4224721087295 27.8428196382243 5
78.6153165950542 29.0571471235788 2
80.8068856739343 30.2716377282742 2
82.9968571407467 31.4867730444292 2
85.1850015802046 32.7029716736298 2
87.3711842322964 33.9205687515561 2
89.5553553693749 35.139803259489 2
91.7375349708855 36.3608147607417 2
93.9177963931795 37.5836481574234 2
96.0962519290104 38.808263507995 2
98.2730417501132 40.0345477330461 2
100.448327724197 41.2623248115359 2
102.622291351261 42.4913634103479 2
104.795133857392 43.7213836990262 2
106.967077919334 44.9520642716755 2
109.1383703832 46.1830499765039 2
111.309284771239 47.4139618123267 2
113.48012187447 48.6444097063386 2
115.651206374247 49.8740081870889 2
117.822877702863 51.1023939558516 2
119.995474807026 52.3292433956167 2
122.169317067709 53.5542877642404 2
124.344686022907 54.7773243194823 5
33.201211295506 55.9982225822028 5
35.3802722668363 57.2169258494866 5
37.5613904844371 58.4334495111629 3
39.744638776215 59.6478780151965 3
41.9300404326123 60.8603621301899 3
44.1175648403209 62.0711168628775 3
46.3071183900364 63.2804199172656 3
48.4985352087009 64.4886102339033 0
50.6915753160293 65.6960857750946 0
52.8859364202445 66.9032996314383 0
55.0812790243211 68.1107525441215 0
57.2772572639457 69.318978803748 0
59.4735459329325 70.5285229594675 4
61.6698577976149 71.7399080271779 4
63.8659512991523 72.9535998288092 4
66.0616325741183 74.1699745454565 4
68.2567553308957 75.3892952707747 4
70.4512198551336 76.6117001781583 4
72.6449707796912 77.8372024151024 2
74.8379929699514 79.0657002680865 2
77.0303054634911 80.296994817921 5
32.5616538048883 0.712799487106883 5
34.752706374448 1.94880618853534 5
36.9432457479612 3.18663184401826 5
39.1333686237133 4.42587905102887 5
41.3231842319591 5.66613630211544 5
43.5128132795142 6.90698678230417 1
45.7023838823016 8.14801352510901 1
47.8920225935486 9.38880049332348 1
50.0818420092275 10.6289303332701 1
52.2719304909031 11.867981734425 1
54.4623508607055 13.1055313781264 1
56.6531508896484 14.3411657391343 1
58.8443804727372 15.5745054358334 1
61.0361047074011 16.8052392521259 1
63.2284026780738 18.0331596677357 1
65.4213446143776 19.2581952903172 1
67.6149524588099 20.4804323231002 1
69.8091599633682 21.7001114356246 1
72.003787010029 22.9176004985693 1
74.1985377450139 24.1333550942308 5
76.3930246316699 25.3478807394564 5
78.5868128463094 26.5617040668959 5
80.7794731602266 27.7753513788196 2
82.9706293985409 28.9893287349871 2
85.1599903381683 30.20409964086 2
87.3473627053914 31.4200613241535 2
89.5326480187524 32.637524177164 2
91.7158293643899 33.8566992498487 2
93.8969543602209 35.0776955876604 2
96.0761187214986 36.3005259906896 2
98.253452692605 37.5251180618893 2
100.42911162785 38.7513268618258 2
102.603271846323 39.9789455938252 2
104.776129859531 41.2077145132578 2
106.947903566076 42.4373296502149 2
109.118834983832 43.6674520040087 2
111.28919350629 44.8977180979788 2
113.459277929466 46.127752667484 2
115.629414860476 47.3571834854908 2
117.799951043803 48.5856573668471 2
119.971238411735 49.8128554687513 2
122.143613666107 51.0385058966522 5
30.996776253066 52.2623924739901 5
33.1721804588558 53.4843596575838 5
35.3494227662688 54.704314230931 5
37.5286531512339 55.9222245471715 3
39.7099803327341 57.1381192645893 3
41.8934727614618 58.3520877742905 3
44.0791510552464 59.5642828262938 3
46.2669736315795 60.7749246596619 3
48.4568217841375 61.9843045365629 3
50.6484927411342 63.1927847402469 3
52.8417073584378 64.4007934925843 0
55.0361331581708 65.6088147726844 0
57.2314165130214 66.817373004858 4
59.4272143114705 68.0270116428965 4
61.6232174296508 69.2382648419201 4
63.8191631778478 70.4516237444488 4
66.0148389274688 71.6675026292904 4
68.2100812559788 72.886211240898 4
70.4047736914052 74.1079378926922 2
72.5988438961741 75.3327450172445 2
74.7922598561923 76.5605761794721 2
76.9850247123148 77.7912716269263 2
79.1771706699823 79.0245883164178 2
81.3687533784865 80.2602194487939 5
36.899547227685 0.679798540909928 5
39.0902456087115 1.91895966370505 5
41.2806560936872 3.15928005626608 5
43.4709020083352 4.40033687412499 5
45.661117683362 5.64170361864153 5
47.8514388371876 6.88295511934142 5
50.0419877784929 8.1236689678296 1
52.2328581312248 9.36342442276295 1
54.4241067860679 10.6018021318963 1
56.6157590933729 11.8383896574988 1
58.8078263774094 13.0727971942988 1
61.0003267489116 14.3046844657241 1
63.1932975207037 15.5337940458102 1
65.3867900961185 16.7599840008013 1
67.5808429458857 17.9832570450897 1
69.7754418213045 19.203773898955 1
71.9704823119399 20.4218403870543 1
74.1657483076536 21.6378729172091 1
76.3609151322017 22.8523563031138 5
78.5555783677162 24.0658078324271 5
80.7493014551125 25.2787530280249 2
82.9416691124352 26.4917090312715 2
85.132332244381 27.7051679737553 2
87.3210349002725 28.919575813357 2
89.5076213920499 30.1353082109234 2
91.6920281211155 31.3526495986079 2
93.8742674879526 32.5717809972256 2
96.0544102688227 33.7927784715861 2
98.232570152933 35.015620527668 2
100.408891835023 36.2402008663799 2
102.583543897572 37.466342047462 2
104.756716579984 38.6938070542298 2
106.928622096339 39.9223099964982 2
109.099496785844 41.1515270689513 2
111.269604507974 42.3811083698185 2
113.439239731965 43.6106912353102 2
115.608727793748 44.8399150730208 2
117.77841927427 46.0684367028817 2
119.948676279505 47.2959441890093 2
28.7992498885058 48.5221670440199 5
30.9716631732795 49.7468819356634 5
33.145585440676 50.9699147934041 5
35.3212339668595 52.1911410868574 5
37.4987796455796 53.4104856870432 1
39.6783581516219 54.6279231512809 3
41.8600742714448 55.8434805424218 3
44.0439934171885 57.0572443231852 3
46.2301230326741 58.2693704697949 3
48.4183921145941 59.4800945062233 3
50.6086389547812 60.689736180054 3
52.8006143946073 61.898695239361 3
54.9940017684586 63.1074385477313 3
57.1884483646926 64.3164811681308 4
59.3835995217792 65.5263635063633 4
61.5791269204895 66.7376247978259 4
63.774746446837 67.9507723783629 4
65.9702254232562 69.1662491851423 2
68.1653826382841 70.3844045202034 2
70.3600852770051 71.6054732942485 2
72.5542451341271 72.8295670113824 2
74.7478145632669 74.0566767834873 2
76.9407818256289 75.2866859814595 2
79.1331658492819 76.5193885162724 2
81.3250113466106 77.7545078778209 2
83.5163854146891 78.9917125045692 2
85.7073755881225 80.2306287620916 2
41.2377883898081 0.652841299121961 5
43.4283510485213 1.8939502756056 5
45.6189039374802 3.13551138335892 5
47.8095940537191 4.37709020270476 5
50.0005589248328 5.61825580771608 5
52.1919080905651 6.8585828137058 1
54.3837087115105 8.09765170290796 1
56.5759831377078 9.33505113522081 1
58.7687214759754 10.5703869421102 1
60.9619040044459 11.8033010221295 1
63.1555222430411 13.0334993932373 1
65.3495882881706 14.2607835459972 1
67.5441250753418 15.4850808994326 1
69.7391372660102 16.7064694941475 1
71.9345731462264 17.9251820549437 1
74.1302908284746 19.1415838280625 3
76.3260412153831 20.3561322696625 3
78.5214758734497 21.5693340399684 5
80.716180085109 22.7817125329926 5
82.909722901762 23.9937890253573 2
85.1017100728278 25.206070668613 2
87.2918251971605 26.4190360078794 2
89.479850535482 27.6331134144789 2
91.6656676093893 28.8486558233449 2
93.8492444371404 30.0659194146813 2
96.0306178344904 31.2850523104333 2
98.2098766770318 32.5060949602971 2
100.387148511812 33.728989858421 2
102.562589991814 34.9535962518626 2
104.736382288997 36.1797047505185 2
106.908730244261 37.4070502221388 2
109.079863423113 38.6353246097213 2
111.250038854329 39.8641903723943 2
113.419544473561 41.0932950121273 2
115.588700935645 42.3222866667893 2
117.75785841245 43.5508297783999 2
26.6067836558711 44.7786186107414 5
28.7770457120345 46.0053860312721 5
30.9483819519435 47.2309063611166 5
33.1210837426787 48.4549936985252 5
35.2953878189914 49.6774989499881 5
37.4714837013384 50.8983084919767 1
39.6495277087682 52.117345830507 1
41.8296518318817 53.3345767441864 1
44.0119576835113 54.5500194709752 1
46.1964958166488 55.7637604358477 3
48.3832404657513 56.9759715182259 3
50.5720719289034 58.1869214143973 3
52.7627751084936 59.3969749421443 3
54.9550558472671 60.6065792389 3
57.1485704136516 61.8162407757393 4
59.3429600848189 63.0264983664287 4
61.5378825201543 64.2378951999702 4
63.7330342283179 65.4509496945086 4
65.9281622882933 66.6661253805113 2
68.1230669257148 67.8838025662414 2
70.3175987796979 69.1042560623118 2
72.5116543436312 70.3276427796113 2
74.7051712773621 71.5540007609896 2
76.8981238224738 72.7832583353865 2
79.0905181711009 74.0152499330064 2
81.2823882050143 75.2497340402613 2
83.4737926824421 76.4864083119554 2
85.6648138326764 77.7249215346189 2
87.85555675936 78.9648848045218 2
90.0461487436091 80.2058820354121 2
45.5764356441304 0.62946844951856 5
47.7671765687435 1.87122657821189 5
49.9582253471216 3.11270479979673 5
52.1497134606826 4.35346935055342 5
54.3417303669739 5.59309557063009 5
56.5343133260032 6.83116995669291 1
58.7274520072949 8.06729528899975 1
60.9211069542498 9.30110289892214 1
63.1152336398538 10.5322739027565 1
65.30980113842 11.76056701252 1
67.5047972428698 12.9858477103408 1
69.7002151382937 14.2081168342618 1
71.8960245010078 15.4275283839624 1
74.0921363513676 16.644383547632 3
76.2883733405309 17.8591001565616 3
78.4844571622298 19.0721684227859 3
80.6800209272921 20.2841092618261 4
82.8746461067571 21.495446934156 4
85.0679144359782 22.7066961122771 4
87.2594592621577 23.9183536945629 2
89.44900138372 25.1308846889056 2
91.6363622956338 26.3446989161407 2
93.8214580475488 27.5601242629391 2
96.0042830630017 28.7773854378136 2
98.1848927253396 29.996594522847 2
100.363389173329 31.2177541980965 2
102.539910812391 32.4407702769114 2
104.714625417453 33.6654682361059 2
106.887727580256 34.8916087414328 2
109.059438439016 36.1189022457944 2
111.230006981338 37.3470240822693 2
113.399712823631 38.5756304197159 2
115.568868801175 39.8043750731415 2
24.4172185518703 41.0329262951945 5
26.5863342313584 42.2609812101162 5
28.7559894406752 43.4882747089296 5
30.9265400792402 44.7145807084416 5
33.0982990019376 45.9397068230927 5
35.2715243038855 47.1634867545403 1
37.4464244444466 48.3857754670111 1
39.6231736844045 49.6064502479438 1
41.8019244786911 50.8254182460409 1
43.9828058119796 52.0426297786199 1
46.1659037470173 53.2580985545037 1
48.3512330584577 54.4719261875248 1
50.5387146305967 55.6843215407571 3
52.7281690574544 56.8956059328782 3
54.9193289938895 58.1062009768309 3
57.1118659992225 59.3166028318418 3
59.3054243033039 60.5273502029403 4
61.4996536555134 61.7389921399994 4
63.6942351315775 62.9520575430851 2
65.8888969906275 64.167026350496 2
68.083420757286 65.3843030453097 2
70.2776401328424 66.6041949566943 2
72.471436414503 67.8268984597832 2
74.664733174341 69.0524951113829 2
76.8574913489974 70.2809574548104 2
79.0497048626865 71.5121619453041 2
81.2413968506076 72.7459051262638 2
83.4326171968608 73.9819183249588 2
85.6234416304398 75.2198786557156 2
87.8139715157744 76.459418999332 2
90.0043334424744 77.7001376775728 2
92.1946770286054 78.9416081101213 2
94.3851685004192 80.1833887719725 2
49.915677288633 0.607021424788647 5
52.1069596628965 1.84808606041887 5
54.2988334368601 3.08813737577929 5
56.4913641246471 4.32675515653584 5
58.6845601413145 5.56353686505817 5
60.8783837307494 6.79810578998452 1
63.0727725254749 8.03012623907023 1
65.2676624017139 9.25932602246038 1
67.4630024515177 10.4855228885145 1
69.6587560509774 11.7086523171532 1
71.8548859460045 12.9287923814458 3
74.0513270491724 14.1461721959826 3
76.2479546972704 15.3611559882221 3
78.4445589541915 16.5742056860832 3
80.6408363498925 17.7858350910161 3
82.8364067928714 18.9965718866499 4
85.0308543557896 20.2069368138521 4
87.2237804039648 21.4174365389904 4
89.4148517991678 22.628557616601 4
91.6038292835366 23.8407508357557 2
93.7905719567299 25.0544053279248 2
95.9750251228331 26.2698204966361 2
98.1572029085633 27.4871858937134 2
100.337173489771 28.7065748068884 2
102.515048767201 29.9279510543829 2
104.690976944878 31.151184445612 2
106.865137959201 32.3760686838189 2
109.037741779558 33.6023379283122 2
111.209027878558 34.8296833068098 2
113.379266252157 36.0577701986052 2
22.2281580406657 37.2862563101959 5
24.3972421767362 38.5148099356606 5
26.5662812489119 39.7431262047065 5
28.7356532175202 40.9709376960182 5
30.9057265641417 42.1980161351901 5
33.0768345902747 43.4241649340783 1
35.2492586152836 44.6492068235871 1
37.4232282361092 45.8729735755524 1
39.5989356352992 47.0953036900675 1
41.7765505350107 48.3160503627919 1
43.9562225200262 49.5350982944268 1
46.1380654606716 50.7523877559013 1
48.3221288087515 51.9679454457447 1
50.5083710179451 53.1819125028886 1
52.6966481985273 54.3945574130776 1
54.8867221176641 55.6062679653143 3
57.0782839468746 56.817524939335 5
59.2709864836002 58.028865896126 5
61.4644772867905 59.2408475693016 2
63.6584266478842 60.4540113520605 2
65.8525467409885 61.668853354185 2
68.0466012263335 62.8857989474068 2
70.240406727951 64.1051824525057 2
72.4338291961786 65.3272336588067 2
74.6267783789736 66.5520726966024 2
76.8192024535425 67.7797134310391 2
79.0110835400569 69.0100736909306 2
81.2024341612572 70.2429892862623 2
83.3932949738963 71.4782278505218 2
85.5837341206877 72.715499132305 2
87.7738474034043 73.9544635641432 2
89.9637583041602 75.1947406950111 2
92.1536165460507 76.435917820338 2
94.343593255911 77.6775593351264 2
96.5338705761065 78.9192169159837 2
98.724624776503 80.1604397734947 2
54.2557041670507 0.582772047975953 5
56.4478113065053 1.82180613210987 5
58.6406871534725 3.05911860378432 5
60.8343155735457 4.29432344538576 5
63.0286378089769 5.52707166577394 5
65.2235743807929 6.75706870794722 1
67.4190451616128 7.98409680323759 1
69.6149804426296 9.20804002749134 3
71.8113192159233 10.428910421294 3
74.0079942793441 11.6468653384621 3
76.2049072620827 12.8622055340702 3
78.4019001735564 14.0753502754467 3
80.5987335399424 15.2867953942245 3
82.7950826581279 16.4970687101691 4
84.9905595183512 17.7066979687987 4
87.1847574893564 18.9161973230283 4
89.3773045082208 20.1260648285979 4
91.5679055832681 21.336776297191 4
93.7563613593542 22.548766588506 2
95.9425636542808 23.7624007446301 2
98.1264795496981 24.9779455116374 2
100.308135952384 26.195551767456 2
102.4876096137 27.4152522038646 2
104.665021058376 28.6369720200127 2
106.840529503623 29.860546944251 2
109.014329441138 31.0857420618267 2
111.186648404784 32.3122696512222 2
20.0371440298233 33.5398074687121 5
22.2073103581136 34.7680177880397 5
24.3768694680742 35.9965669204977 5
26.5461749915378 37.2251435011873 5
28.7156005185599 38.4534719080556 5
30.8855200808872 39.6813165136827 1
33.0562831054798 40.9084746615925 1
35.2281937935364 42.1347611813673 1
37.4015051919731 43.3599920900725 1
39.5764293885546 44.5839762651341 1
41.7531529777721 45.8065206126998 1
43.9318427794913 47.0274487586463 1
46.1126344794669 48.2466293100888 1
48.2956064665604 49.4640118240355 1
50.4807510744938 50.67966340563 1
52.6679586813185 51.8937906814723 1
54.8570210930302 53.1067379898976 1
57.0476517742583 54.3189628506439 5
59.2395160798612 55.5309973126061 5
61.432264009269 56.7434052751127 5
63.6255593767458 57.956742597309 2
65.8191014756099 59.1715235770636 2
68.012637713973 60.3881945866512 2
70.2059679392841 61.6071145453223 2
72.398942558151 62.8285424323345 2
74.5914574596459 64.0526322671131 2
76.7834483676674 65.2794353869352 2
78.9748860308991 66.5089087446605 2
81.1657726203421 67.7409269069677 2
83.3561394610259 68.9752946985765 2
85.5460464084256 70.2117569579266 2
87.73558224901 71.4500057629833 2
89.9248650915565 72.6896874308924 2
92.1140417027606 73.9304097395564 2
94.303284157905 75.1717500307834 2
96.4927819097267 76.4132646737065 2
98.6827277990104 77.654499705166 2
100.873298411929 78.8950016542159 2
103.064632326401 80.1343272864601 2
58.5965119514598 0.554040189500437 5
60.7895593418842 1.78976495469416 5
62.9834388298472 3.02312730384413 5
65.1780765670561 4.25381445602284 5
67.3733803246943 5.48158187569506 3
69.5692562863694 6.70627467607215 3
71.7656168595233 7.92785182025989 3
73.9623775132716 9.14640670374766 3
76.1594425588405 10.36217468608 3
78.3566823282729 11.5755211994103 3
80.5539077714829 12.7869099574031 3
82.7508525894094 13.9968594689536 0
84.9471747685214 15.2059025624742 0
87.1424842826145 16.4145619103741 4
89.3363912249505 17.623343472235 4
91.5285565532435 18.8327364229575 4
93.7187254626798 20.0432047607285 4
95.9067346423495 21.2551644235966 4
98.0925007008119 22.4689519218818 4
100.27600433365 23.6847969914339 2
102.457280036764 24.902809027678 2
104.636411854037 26.1229795105947 2
106.813530498589 27.3451964429988 2
108.98880906937 28.5692642924149 5
17.841857622998 29.794923583652 5
20.0141254555079 31.0218699547084 5
22.1852894146319 32.2497737588604 5
24.3556590347707 33.4783002653227 5
26.5255735026344 34.7071294601352 5
28.6953952761493 35.9359723946825 5
30.8654954679438 37.1645793755212 1
33.0362320185718 38.3927360969694 1
35.2079279160923 39.6202480881485 1
37.3808597649075 40.8469199412094 1
39.5552618554712 42.0725397695945 1
41.731339280553 43.2968782239131 1
43.909275704715 44.5197055634487 1
46.0892257197696 45.7408231427366 1
48.2712924204957 46.960103992913 1
50.4554987455084 48.1775369663959 1
52.6417678625483 49.3932587550756 1
54.8299218605917 50.6075601804781 1
57.0196980664393 51.8208656787407 5
59.210776983149 53.0336943928507 5
61.4028143526762 54.2466137452876 5
63.5954709691996 55.460194076545 2
65.788436152694 56.6749700420804 2
67.9814429354962 57.8914111450436 2
70.1742750184606 59.1099014403497 2
72.3667670930932 60.3307275869984 2
74.5588009022897 61.5540744964721 2
76.7502997185511 62.7800275614502 2
78.94122321087 64.008580022135 2
81.1315635432771 65.2396435245266 2
83.3213428798107 66.4730595596198 2
85.5106125340296 67.7086087988245 2
87.6994533974992 68.9460172774224 2
89.8879765554562 70.1849619347271 2
92.0763232075054 71.4250763379428 2
94.2646626570674 72.6659571693964 2
96.4531866638214 73.9071722635274 2
98.6420985959288 75.148270499567 2
100.831596781777 76.3887931237258 2
103.021853740702 77.6282854214771 2
105.212995861364 78.8663076721536 2
107.405089723657 80.1024452638583 5
62.9378391193945 0.518307578253746 5
65.1317970509369 1.74958705343496 5
67.3265787224687 2.97800516932965 5
69.5220823822839 4.20337698410781 3
71.7182023670727 5.42562044944538 3
73.9148345145632 6.6447764614239 3
76.1118721811385 7.86102061585253 3
78.3091927217167 9.07466067400049 3
80.5066366401458 10.2861163469505 0
82.7039853891657 11.4958835408572 0
84.9009483651389 12.7044924865553 0
87.0971709912164 13.9124736984462 0
89.2922685746757 15.120341670566 0
91.4858758628545 16.3285936551912 4
93.6776912390126 17.5377095611484 4
95.8674979726959 18.7481394075012 4
98.0551610312237 19.9602759257726 4
100.24061256575 21.1744220234834 4
102.423840529614 22.3907663827884 4
104.604885374536 23.6093750364881 2
106.783840484564 24.8301986642075 5
15.6402486946627 26.0530902756939 5
17.8155029689318 27.2778264479186 5
19.9892315673206 28.5041275267156 5
22.1616985368642 29.7316775929356 5
24.3331983818255 30.9601448275581 5
26.504053618377 32.1892019096968 1
28.6746105195391 33.4185444376748 1
30.8452291499013 34.6479031410016 1
33.0162664098237 35.8770449519834 1
35.1880561165099 37.1057607191865 1
37.360894567783 38.3338433227879 1
39.5350385027659 39.5610661287772 1
41.7107135527332 40.7871738833897 1
43.8881217958885 42.0118941160915 1
46.0674368741422 43.2349685723342 1
48.2487849812703 44.4561976139266 1
50.4322179292009 45.675490383476 1
52.6176909082937 46.8929070297706 1
54.8050565734794 48.1086748067904 1
56.9940772672411 49.3231739616635 1
59.1844504618694 50.536900987617 5
61.3758398559464 51.7504201966588 5
63.5679055396824 52.9643136479183 5
65.7603289002167 54.1791369989099 2
67.9528300405417 55.3953853694274 2
70.1451771947415 56.6134703683001 2
72.3371892259579 57.8337074167396 2
74.5287332479377 59.056311673947 2
76.719719733776 60.281400662698 2
78.910097288167 61.5090015438367 2
81.0998483573865 62.7390610032791 2
83.2889862991571 63.9714558262822 2
85.4775540527924 65.206001935498 2
87.6656243285262 66.4424600376362 2
89.8533002780408 67.6805398418727 2
92.0407157617248 68.9199043597195 2
94.2280343338039 70.1601747562295 2
96.4154455763794 71.4009365872706 2
98.6031572223655 72.6417481688394 2
100.791382010098 73.8821512041038 2
102.980319566113 75.1216831011777 2
105.170135970773 76.3598899415717 2
107.360945928822 77.5963392609517 2
109.552802864892 78.8306326846139 2
111.74569983887 80.0624192649041 5
67.2792794976908 0.473398589883935 5
69.4740526372106 1.69938330995644 3
71.6696100495753 2.92224748778741 3
73.865836054519 4.14199051515132 3
76.0626112613668 5.35873778727411 3
78.2598078215444 6.572742879215 0
80.4572765822386 7.78437618720169 0
82.6548285172667 8.99409911328143 0
84.8522166940936 10.202427513019 0
87.0491296526689 11.4098940841937 0
89.2452070640436 12.6170221008007 0
91.4400784453097 13.8243165648978 0
93.6334098919301 15.0322660713447 0
95.8249374161929 16.2413402243594 4
98.0144755749831 17.4519715186673 4
100.201907782024 18.664524068294 4
102.387174217738 19.8792618506885 4
104.570267905906 21.0963289893418 4
13.430636185425 22.3157471133091 5
15.6095890359539 23.5374272332595 5
17.786686353789 24.7611899026181 5
19.9621361313972 25.9867871663472 5
22.1361849094603 27.2139232714293 5
24.3091107748348 28.4422750907603 1
26.4812184454165 29.6715124459767 1
28.6528350640543 30.9013173269892 1
30.8243033898762 32.1313989759916 1
32.9959698722939 33.3615000411177 1
35.1681687941686 34.5913898009519 1
37.3412080584854 35.820845017765 1
39.5153631239167 37.0496257995631 1
41.6908802752549 38.2774589987787 1
43.8679818441863 39.5040410951392 1
46.0468625281248 40.7290650855581 1
48.2276727817516 41.952266083256 1
50.4104938512134 43.1734756554145 1
52.5953137890076 44.3926729983143 1
54.782017088907 45.6100122836462 1
56.9703927829245 46.8258176992117 1
59.1601571160547 48.0405514629147 5
61.3509834459929 49.2547654688264 5
63.5425325922793 50.4690478260916 5
65.734479030189 51.68397347018 2
67.92653040268 52.9000645786868 2
70.1184394391539 54.1177632934163 2
72.3100087346324 55.3374166325633 2
74.5010900915107 56.5592716397607 2
76.6915805934734 57.7834780942561 2
78.8814175260301 59.0100960321567 2
81.0705737318786 60.2391056021332 2
83.259054138597 61.4704173182149 2
85.4468937608167 62.7038810206225 2
87.6341573558123 63.9392915620025 2
89.8209399296029 65.1763920805994 2
92.0073671275072 66.4148770492881 2
94.1935948335765 67.6543956679414 2
96.3798070069247 68.8945563079454 2
98.5662103774226 70.1349329532433 2
100.753024739457 71.3750742868243 2
102.940468347658 72.6145154234303 2
105.128739476023 73.8527916744726 2
107.317997347208 75.0894533889962 2
109.508347121568 76.3240811419893 2
111.699833101872 77.556301096244 2
113.892441671347 78.7858005984528 2
116.086112123471 80.0123440120894 4
71.6204503896394 0.41777738001999 3
73.8159447816751 1.6380896735983 3
76.0121702226119 2.8553538353129 0
78.208992263368 4.06977666291599 0
80.4062610156688 5.28168074091876 0
82.603799588787 6.49148673331083 0
84.8013890349541 7.69968496062876 0
86.9987561830218 8.90680063150608 0
89.1955747589787 10.1133621710012 0
91.391487944637 11.3198829424789 0
93.5861479950191 12.5268583863684 0
95.7792550455875 13.7347685458958 0
97.9705777189771 14.9440705196335 0
100.15995226657 16.1551741614417 4
102.347272203475 17.3684085690041 4
11.2118813633807 18.5839934437731 3
13.394983530279 19.802025457644 3
15.5760394974109 21.0224814907251 5
17.7551738254793 22.2452342927061 5
19.9325662914108 23.4700742548712 5
22.1084411688597 24.6967318477719 1
24.2830573766408 25.9248986112525 1
26.4567005777468 27.1542473833235 1
28.6296772946449 28.3844514699698 1
30.8023091414585 29.6152010123921 1
32.9749246625877 30.8462128894854 1
35.1478481680687 32.0772297699593 1
37.3213883363226 33.308006399266 1
39.4958312455786 34.5382870224707 1
41.6714400249116 35.7677844273122 1
43.8484570347026 36.9961740920912 1
46.0270998893128 38.2231128103021 1
48.2075460215085 39.4482812100685 1
50.389908807921 40.6714395638482 1
52.5742121539843 41.8924850179388 1
54.760375718906 43.1114908105926 1
56.9482184513985 44.3287130809608 1
59.137478065995 45.5445665520052 1
61.3278395052886 46.7595788499186 5
63.5189654047469 47.9743355124904 5
65.7105236015345 49.1894262665386 2
67.9022088124255 50.4053998543416 2
70.0937571862907 51.6227313614297 2
72.2849536959912 52.8418030300009 2
74.4756334739986 54.0628971173309 2
76.6656790992596 55.2861977850596 2
78.8550159089531 56.5117986345142 2
81.043607059085 57.7397128360602 2
83.2314494059758 58.9698835533601 2
85.418570668045 60.202193116377 2
87.6050282577954 61.4364692542316 2
89.7909093921074 62.6724880578671 2
91.9763314083196 63.9099760702141 2
94.1614416582324 65.1486124897078 2
96.3464163163099 66.3880320735224 2
98.5314570794517 67.62782964219 2
100.71678448593 68.8675671733424 2
102.902626961072 70.1067840390676 2
105.089205606175 71.3450103194869 2
107.276716325476 72.581782558748 2
109.465312629912 73.8166610045824 2
111.65509324331 75.0492474231446 2
113.846097647988 76.2792028244254 2
116.038310147522 77.5062646815032 4
118.231670030095 78.7302629873398 4
120.426083764471 79.9511334675217 4
75.9611344420194 0.350914704697936 3
78.1572895810492 1.56579727215575 0
80.3540967429072 2.77804951797788 0
82.5513810021503 3.9880511636003 0
84.748935672867 5.19626040914864 0
86.9465127472326 6.40318522033759 0
89.143818088171 7.60935192203501 0
91.3405198749021 8.81528028122091 0
93.5362745053845 10.0214728595405 0
95.7307618199163 11.2284164717316 0
97.9237132008953 12.4365822316182 0
100.114921475572 13.6464107065574 0
8.98363456641705 14.858282122496 3
11.1709556165087 16.0724833783858 3
13.3562362698435 17.2891848728994 3
15.5394907905598 18.5084336385594 3
17.7207997244206 19.7301617584397 3
19.9003066929962 20.9542049015897 1
22.0782077807837 22.1803251798977 1
24.254738639139 23.4082338937603 1
26.4301636019879 24.6376123737463 1
28.6047673545753 25.8681311314308 1
30.7788483888586 27.0994665039709 1
32.9527126009923 28.3313125122869 1
35.1266659032345 29.5633843882288 1
37.3010066834675 30.7954108734943 1
39.4760206247902 32.0271162395225 1
41.6519794754047 33.2581991169778 1
43.8291413362344 34.4883204105053 1
46.0077459733773 35.7171124131563 1
48.1879996883889 36.9442140074978 1
50.3700513735559 38.1693242070914 1
52.5539655639091 39.3922615279198 1
54.7397029172562 40.6130137174223 1
56.9271180861146 41.8317579976637 1
59.1159750098922 43.0488474506208 1
61.3059734180001 44.2647712012635 5
63.4967793152808 45.4801004647368 5
65.6880539698697 46.6954320825997 5
67.8794780422295 47.9113382431662 2
70.0707691119004 49.1283278345728 2
72.2616920783188 50.3468217777507 2
74.4520630132299 51.5671418628407 2
76.6417480004176 52.7895104366322 2
78.8306590643898 54.0140571798784 2
81.0187490556884 55.2408293518925 2
83.2060068319449 56.4698026682397 2
85.392453455139 57.700891005248 2
87.57813990937 58.933953538894 2
89.7631464813239 60.1687981786557 2
91.9475827785789 61.4051831025797 2
94.1315876493064 62.6428181098828 2
96.3153285540673 63.8813663481059 2
98.4989996531618 65.120447177265 2
100.68281754409 66.359641212297 2
102.867013605541 67.598498556889 2
105.051822406093 68.8365506976916 2
107.237466594839 70.0733259287241 2
109.424140140811 71.3083675654914 2
111.611993128859 72.541253810461 2
113.80112163924 73.7716180824454 2
115.991564867397 74.9991686696875 2
118.183309246729 76.2237059809144 4
120.376297028828 77.4451356299132 4
122.570435553022 78.6634760385072 4
124.76560383269 79.8788599543865 0
80.3013542989493 0.273518290284433 3
82.4981143451335 1.48381602814799 0
84.6953796072077 2.69216595557193 0
86.8929132106249 3.89905226144706 0
89.0904426496597 5.1049912134886 0
91.2876619453091 6.31050405667156 0
93.4842439998189 7.516099564625 0
95.6798647502251 8.72227070496925 0
97.8742309897096 9.92949738663585 0
6.74649738148501 11.1382396759155 3
8.93767616526926 12.3489146965131 0
11.1270245855468 13.5618642720092 0
13.3144517175132 14.7773258452281 3
15.4999246911221 15.9954162080262 3
17.6834768229145 17.2161309905838 3
19.865208806644 18.4393573831759 1
22.0452810837896 19.6648948955458 1
24.2239006644462 20.8924789416535 1
26.4013072541209 22.1218035476005 1
28.5777620004389 23.3525414068982 1
30.7535391232013 24.5843608424325 1
32.9289194757195 25.8169385234313 1
35.1041851791018 27.0499656337113 1
37.2796153768748 28.2831449788275 1
39.4554840626246 29.5161784631614 1
41.6320604087785 30.7487488757159 1
43.8096094135965 31.9805053297416 1
45.9883876103909 33.2110643881709 1
48.1686284450706 34.4400356077329 1
50.3505178014439 35.6670689705572 1
52.5341655155733 36.8919126122988 1
54.719580750229 38.1144690798282 1
56.9066625344228 39.33482885271 1
59.0952089715075 40.5532698497786 1
61.2849404578389 41.7702268760966 1
63.4755296713168 42.9862419835614 5
65.6666321457458 44.2019077508951 5
67.8579133040809 45.4178132321556 2
70.049069552378 46.6344994167145 2
72.2398423136717 47.8524280947532 2
74.4300250139998 49.0719650385963 2
76.619464095745 50.2933757373292 2
78.8080559019847 51.5168301511954 2
80.9957415267285 52.7424124252016 2
83.182501288246 53.97013213268 2
85.3683498606373 55.1999347232089 2
87.5533326760741 56.4317097750554 2
89.7375241838671 57.6652956519802 2
91.9210273486277 58.9004811150395 2
94.103973354369 60.1370061813316 2
96.2865211239369 61.3745630645984 2
98.4688562301671 62.6127978166846 2
100.65118841643 63.8513136066644 2
102.8337466736 65.0896768361351 2
105.016771046566 66.3274270476105 2
107.200500931754 67.5640910021982 2
109.385160562486 68.7992006565741 2
111.570943667982 70.0323141357633 2
113.758000197712 71.2630383628932 2
115.946427792291 72.4910513419904 2
118.136269403495 73.7161215878833 4
120.327516380915 74.9381224808687 4
122.520114446167 76.1570400431384 4
124.713969349677 77.3729738815894 0
126.908950166002 78.5861321598258 0
129.104890436956 79.7968217278321 0
84.6412883363668 0.187422353949423 3
86.8385113558477 1.39441450727864 0
89.0359957263905 2.60028648708275 0
91.2334532631077 3.80555497131725 0
93.430576522503 5.01073195107138 0
95.6270501437154 6.21631606288086 0
4.50196909925715 7.42279451735591 3
6.69626594783046 8.63064079978577 0
8.88911382733981 9.84029776300438 0
11.0803345871451 11.0521491620794 0
13.2697981640802 12.2664890723674 3
15.457428697283 13.4834989582524 3
17.6432133782502 14.7032383649605 3
19.8272070934983 15.9256500312987 3
22.0095286973039 17.1505762081079 1
24.1903499538855 18.3777811813488 1
26.3698811782707 19.6069752398656 1
28.548357488714 20.837836750299 1
30.7260278428671 22.0700305082406 1
32.9031471809907 23.303221380916 1
35.0799713602968 24.5370820139951 1
37.256754747898 25.7712930598906 1
39.4337506905164 27.0055351749946 1
41.6112144332965 28.2394748457806 1
43.7894060477983 29.4727504049134 1
45.9685884313274 30.70496811858 1
48.1490148168696 31.9357182791024 1
50.3309048585508 33.164614121359 1
52.5144150592803 34.3913451229174 1
54.6996096452496 35.615734354099 1
56.8864423340591 36.8377826788528 1
59.0747567676343 38.0576822902641 1
61.2643038687117 39.2757981940174 1
63.4547697392808 40.4926263316303 5
65.6458073515549 41.7087398791161 5
67.8370668374526 42.9247338643319 5
70.0282209330122 44.1411758685086 2
72.2189835686891 45.3585681579922 2
74.4091208830736 46.5773238714984 2
76.598455190276 47.7977569663797 2
78.7868634684088 49.0200831967891 2
80.9742724758922 50.244428124933 2
83.1606525539872 51.4708381930534 2
85.3460115948331 52.6992918657649 2
87.530390007849 53.9297090554672 2
89.7138574375941 55.1619574741231 2
91.8965113946297 56.3958552001922 2
94.0784766094696 57.6311714788464 2
96.2599044633124 58.8676272712181 2
98.4409722313656 60.1048961275187 2
100.621881643197 61.3426061482397 2
102.802855993114 62.580344199462 2
104.984134877629 63.8176636635361 2
107.165965877378 65.0540965503602 2
109.348593161526 66.2891702357492 2
111.532243939988 67.5224284611036 2
113.717114541674 68.753455313629 2
115.903358452509 69.9818996621031 2
118.091078390059 71.2074970790427 2
120.280323243449 72.430086402401 4
122.471088930285 73.6496189551589 4
124.663320983491 74.8661600210134 4
126.856916918931 76.0798837642333 0
129.051728099007 77.291063433431 0
131.247562533645 78.500058158962 0
133.444190217869 79.7072966865913 0
88.9810504437874 0.0952462121875244 3
91.1784635413436 1.30043614190184 0
93.3758349321809 2.5053659590556 0
2.25226116951325 3.71053835744791 3
4.44864345871274 4.91644748688711 0
6.64409505288715 6.1235782990667 0
8.83836386375899 7.33239295112606 0
11.0312399318246 8.54330656339185 0
13.2225591362788 9.7566584868997 0
15.4122082012875 10.9726864474145 3
17.600132538742 12.1915103897188 3
19.7863424849778 13.4131296600746 3
21.9709130572586 14.6374330948595 1
24.1539761151073 15.8642184434226 1
26.3357074120232 17.0932162294623 1
28.5163122255694 18.3241135607628 1
30.6960124780998 19.5565747334185 1
32.8750368927588 20.7902567949474 1
35.0536147837363 22.0248189431776 1
37.2319737604715 23.2599249207253 1
39.4103414918879 24.4952381290768 1
41.5889507316673 25.7304108903886 1
43.7680449580609 26.9650721925597 1
45.9478799433692 28.1988213522116 1
48.1287157587545 29.4312366693174 1
50.3107960911196 30.6619053674934 1
52.4943190398625 31.8904708221902 1
54.6794054918009 33.1166867579086 1
56.8660724745764 34.3404672810129 1
59.0542223003179 35.5619134140212 1
61.2436504232419 36.7813079651894 1
63.4340680533702 37.9990840854774 5
65.6251331214683 39.2157778955588 5
67.816483421263 40.4319750854967 5
70.0077670311625 41.6482593591505 2
72.1986666032925 42.8651688568932 2
74.3889156668876 44.0831648034231 2
76.5783066918632 45.3026140305006 2
78.7666920796174 46.5237841758889 2
80.9539801764206 47.746848235199 2
83.1401286527804 48.9718943549195 2
85.3251372467996 50.1989372119683 2
87.5090411814744 51.427928492599 2
89.6919060639435 52.6587650123312 2
91.8738250804629 53.8912931245031 2
94.0549177595665 55.1253101240925 2
96.2353291851121 56.3605647980269 2
98.4152293126442 57.5967579752206 2
100.59481210811 58.8335436586519 2
102.774293914209 60.0705317875482 2
104.953910286173 61.3072939900502 2
107.133910651339 62.5433735024324 2
109.314550253903 63.7783000546439 2
111.496079385068 65.0116099394811 2
113.678730699342 66.2428701304068 2
115.862706152267 67.471703984354 2
118.048165450213 68.6978153099413 2
120.235217550045 69.9210074306148 2
122.423915692122 71.1411946992817 4
124.614255296008 72.3584056163693 4
126.806173679639 73.5727785872279 0
128.999551330307 74.7845524238302 0
131.19421558783 75.9940534757435 0
133.389947760192 77.2016803811472 0
135.586493498263 78.4078867868234 0
137.783574888602 79.6131621727771 0
